channel                 nue_Ar40             nuebar_Ar40                      nc                       e
E                                                                                                       
0.000749                       0                       0                       0             0.004883735
0.001246                       0                       0                       0              0.00585578
0.001744                       0                       0                       0              0.01272943
0.002241                       0                       0                       0              0.03685185
0.002739                       0                       0                       0              0.06775836
0.003236                0.133171                       0                       0              0.11375108
0.003734                0.346416                       0                       0               0.1576765
0.004231                0.625838                       0                       0               0.2109119
0.004729                 1.05116                       0                       0                 0.26271
0.005226                 1.52304                       0                       0               0.3097634
0.005724                 2.07804                       0                       0               0.3530373
0.006221                 2.71549                       0                       0               0.3934345
0.006719                 3.44993                       0                       0               0.4307471
0.007216                 4.32352                       0                       0               0.4655434
0.007714                 5.37586                       0                       0               0.4980109
0.008211                 6.62123                       0              -0.2416249               0.5284214
0.008709                 7.90837                       0              -0.1088322               0.5473472
0.009206                  9.3069                       0               0.0708173               0.5614486
0.009704                 10.8603                       0               0.2948549               0.5748433
0.010200                 12.5684                       0               0.5629736               0.5875232
0.010700                 14.4523                       0                0.875107               0.5996351
0.011200                 16.5652                       0                1.231048               0.6111527
0.011690                 18.9639                       0                1.630821               0.6222004
0.012190                 21.6895                       0                2.073946               0.6325971
0.012690                 24.1816                       0                2.512846               0.6292042
0.013190                 26.8416                       0                2.978021                0.625613
0.013680                  29.637                       0                3.468906               0.6220761
0.014180                 32.4946                       0                3.961701               0.6164967
0.014680                 35.4044                       0                4.468429               0.6106957
0.015180                 38.3392                       0                4.992335               0.6050302
0.015670                 41.2808                       0                5.538077               0.5995734
0.016170                 44.2115                0.200762                 6.11481               0.5942436
0.016670                 47.1383                0.252849                 6.73199               0.5890929
0.017170                  50.061                0.323986                 7.39646               0.5840644
0.017660                 52.9855                0.394929                 8.11443               0.5791881
0.018160                 55.3339                0.462769                 8.81133               0.5687918
0.018660                 57.0903                0.539107                 9.47971               0.5536857
0.019160                 58.7481                0.630807                10.18421               0.5389515
0.019650                 60.3125                0.718379                10.92517                0.524594
0.020150                 61.7833                0.804292                11.70177               0.5105797
0.020650                 63.1571                0.904917                12.51206               0.4969005
0.021150                 64.4316                 1.01696                13.35561                 0.48354
0.021640                  65.603                  1.1325                14.23046               0.4704798
0.022140                 66.6701                 1.25142                15.13332               0.4576732
0.022640                 67.6184                 1.37619                16.04536               0.4448679
0.023140                 68.4604                 1.51167                16.97796               0.4323254
0.023630                  69.192                   1.657                17.92824                 0.42003
0.024130                 69.8177                 1.80221                18.89399               0.4080016
0.024630                 70.3322                 1.94528                   19.87               0.3961973
0.025130                 70.7451                 2.09943                20.85385               0.3846424
0.025620                 71.0535                 2.27217                21.83925               0.3732909
0.026120                 71.2704                 2.45199                22.82703               0.3621746
0.026620                 71.5206                 2.61839                23.81565               0.3514251
0.027120                 71.7511                 2.77531                24.80283               0.3409748
0.027610                 71.8968                  2.9373                25.77622               0.3306893
0.028110                 71.9703                 3.11095                26.73712               0.3206061
0.028610                  71.961                 3.28407                 27.6754               0.3106748
0.029110                 71.8813                 3.44497                28.59202               0.3009356
0.029600                 71.7214                 3.59327                29.47988               0.2913362
0.030100                 71.4924                 3.74278                30.33793               0.2819178
0.030600                 71.1823                  3.9041                 31.1569               0.2726273
0.031100                 70.8033                 4.07596                31.93696               0.2635089
0.031590                 70.3431                  4.2449                32.66782               0.2545124
0.032090                 69.8121                 4.40067                33.34948               0.2456735
0.032590                 69.1996                 4.54097                33.97299               0.2369517
0.033090                 68.5142                 4.67057                34.53829               0.2283764
0.033580                  67.746                 4.79252                 35.0367               0.2199131
0.034080                 66.9033                 4.90995                35.46992               0.2115858
0.034580                 65.9768                 5.02318                35.82944               0.2033663
0.035080                 64.9718                 5.13296                36.11454               0.1952733
0.035570                 63.8837                 5.23829                36.32834               0.1873112
0.036070                 62.7544                 5.33669                36.60598               0.1798629
0.036570                 61.5403                 5.42368                36.81714               0.1725285
0.037070                 60.2448                  5.4974                36.95807               0.1652975
0.037560                 58.8615                 5.55549                37.02285               0.1581575
0.038060                 57.3931                 5.59711                 37.0121               0.1511142
0.038560                 55.9323                 5.62829                36.96739              0.14436246
0.039060                 55.7917                 5.75142                 37.5254              0.14058073
0.039550                 55.7257                 5.87602                38.10318              0.13706705
0.040050                 55.6304                 5.99614                38.69322               0.1335974
0.040550                 55.5033                 6.11257                39.29048              0.13016993
0.041050                 55.3439                 6.22538                 39.7527              0.12678371
0.041540                 55.1537                 6.33397                40.17927              0.12343859
0.042040                 54.9304                 6.43682                40.56731              0.12013204
0.042540                 54.6741                 6.53339                40.91576               0.1168649
0.043040                 54.3831                 6.62457                41.22283              0.11363443
0.043530                 54.0586                 6.71187                41.48891              0.11044239
0.044030                 53.6988                 6.79638                41.71234              0.10728438
0.044530                 53.3042                 6.87821                41.89237              0.10416358
0.045030                 52.8718                 6.95357                42.02618              0.10107509
0.045520                  52.403                 7.01786                42.11473              0.09802264
0.046020                  51.894                 7.06653                42.15511              0.09500051
0.046520                 51.3465                 7.09668                42.14846              0.09201346
0.047020                  50.756                 7.10933                42.09118              0.08905505
0.047510                 50.1251                 7.11022                 41.9851               0.0861306
0.048010                 49.4489                 7.10361                 41.8261              0.08323327
0.048510                 48.7304                 7.09377                41.61654              0.08036886
0.049010                 47.9647                 7.08043                41.35183               0.0775301
0.049500                 47.1553                 7.06154                41.03471              0.07472346
0.050000                 46.2966                 7.03387                40.66025              0.07194088
0.050500                 45.3931                 6.99594                40.23164              0.06918965
0.051000                 44.4394                 6.94539                39.74444              0.06646157
0.051490                 43.4396                 6.88199                39.20156              0.06376325
0.051990                 42.3883                  6.8047                38.59763              0.06108748
0.052490                 41.2891                  6.7139                37.93545              0.05843999
0.052990                 40.1376                 6.60889                37.21052              0.05581473
0.053480                 38.9374                 6.49138                36.42609              0.05321624
0.053980                 37.6847                 6.36392                35.57809              0.05063964
0.054480                 36.3818                 6.22923                34.66781               0.0480884
0.054980                 35.0255                 6.08852                33.69175              0.04555846
0.055470                 33.6187                 5.94341                32.65272              0.04305292
0.055970                 32.1582                 5.78891                31.54682              0.04056804
0.056470                 30.6506                 5.62127                30.37852              0.03811186
0.056970                 30.2904                 5.62197                30.02729              0.03690201
0.057460                 30.3891                 5.67966                30.15006              0.03627474
0.057960                 30.5075                 5.72711                30.42429              0.03576636
0.058460                 30.6188                 5.76761                30.69145              0.03526228
0.058960                  30.722                 5.80531                30.94965              0.03476242
0.059450                 30.8173                  5.8435                31.19921              0.03426673
0.059950                 30.9048                 5.88571                31.44062              0.03377512
0.060450                 30.9837                 5.93111                 31.6722               0.0332875
0.060950                 31.0552                 5.97762                31.89613              0.03280399
0.061440                 31.1178                  6.0214                32.10966              0.03232436
0.061940                 31.1725                 6.05978                32.31497              0.03184859
0.062440                 31.2184                  6.0906                32.50979              0.03137649
0.062940                 31.2564                 6.11381                32.69596               0.0309083
0.063430                 31.2853                  6.1323                32.87133              0.03044358
0.063930                 31.3063                 6.14868                33.03789              0.02998262
0.064430                 31.3181                 6.16477                33.19285              0.02952514
0.064930                 31.3225                  6.1837                33.33936              0.02907128
0.065420                 31.3178                 6.20443                33.47404              0.02862061
0.065920                 31.3057                 6.22612                33.59954              0.02817371
0.066420                 31.2847                 6.24614                33.71343              0.02772981
0.066920                  31.256                   6.263                33.81698              0.02728945
0.067410                 31.2191                 6.27486                33.90955              0.02685211
0.067910                  31.174                 6.28094                33.99067              0.02641827
0.068410                 31.1211                 6.28126                 34.0612              0.02598725
0.068910                 31.0603                 6.27763                34.12036              0.02555971
0.069400                 30.9909                 6.27102                34.16712              0.02513482
0.069900                 30.9146                 6.26299                34.20382              0.02471339
0.070400                 30.8295                 6.25364                34.22748              0.02429449
0.070900                  30.737                 6.24285                34.23979              0.02387898
0.071390                 30.6365                 6.22974                34.24027              0.02346596
0.071890                 30.5284                 6.21374                34.22862              0.02305617
0.072390                 30.4117                 6.19414                34.20378              0.02264884
0.072890                 30.2882                  6.1712                34.16815              0.02224462
0.073380                 30.1563                 6.14611                34.11908              0.02184284
0.073880                 30.0166                 6.12037                34.05739              0.02144405
0.074380                 29.8685                 6.09547                33.98291              0.02104767
0.074880                 29.7126                 6.07281                33.89626              0.02065414
0.075370                 29.5476                 6.05205                33.79595              0.02026301
0.075870                  29.374                 6.03164                33.68249              0.01987464
0.076370                 29.1913                 6.00931                33.55588              0.01948863
0.076870                 28.9996                 5.98278                33.41631              0.01910525
0.077360                 28.7985                  5.9502                33.26298              0.01872422
0.077860                 28.5881                 5.91095                33.09601              0.01834574
0.078360                 28.3681                 5.86615                  32.915              0.01796956
0.078860                 28.1387                 5.81757                32.72098              0.01759584
0.079350                 27.8995                 5.76692                 32.5129               0.0172244
0.079850                 27.5631                 5.72703                32.29064              0.01685533
0.080350                 27.2225                 5.68419                32.05408              0.01648851
0.080850                 26.9444                 5.62899                31.80311              0.01612395
0.081340                 26.6584                 5.57134                31.53782              0.01576165
0.081840                 26.3645                 5.51126                31.25852              0.01540151
0.082340                 26.0627                 5.44873                30.96459               0.0150436
0.082840                 25.7528                 5.38372                30.65574              0.01468775
0.083330                 25.5175                 5.34312                30.43294              0.01438534
0.083830                 25.3534                 5.32601                30.29312             0.014132543
0.084330                 25.1838                 5.30749                30.14308              0.01388136
0.084830                 25.0085                 5.28748                29.98227             0.013631532
0.085320                 24.8278                 5.26608                29.81131              0.01338328
0.085820                 24.6415                 5.24323                29.62967             0.013136352
0.086320                 24.4499                 5.21898                29.43755             0.012890968
0.086820                 24.2526                 5.19324                29.23429             0.012646866
0.087310                 24.0501                 5.16612                 29.0205             0.012404283
0.087810                  23.842                 5.13751                28.79534             0.012162944
0.088310                 23.6287                 5.10753                28.55957             0.011923106
0.088810                 23.4098                 5.07607                28.31226             0.011684455
0.089300                 23.1858                 5.04324                28.05424             0.011447312
0.089800                 22.9563                 5.00893                27.78452             0.011211297
0.090300                 22.7218                 4.97328                27.50398             0.010976774
0.090800                 22.4818                 4.93614                27.21158             0.010743351
0.091290                  22.237                 4.89766                26.90817             0.010511383
0.091790                 21.9865                 4.85769                26.59273             0.010280522
0.092290                  21.744                  4.8164                26.36978             0.010072574
0.092790                 21.5069                 4.77365                26.22494             0.009883685
0.093280                 21.2653                 4.72957                 26.0726             0.009695902
0.093780                 21.0186                 4.68404                25.91221             0.009509029
0.094280                 20.7674                 4.63717                25.74417             0.009323226
0.094780                 20.5114                 4.58888                  25.568             0.009138322
0.095270                 20.2508                 4.53925                25.38406             0.008954456
0.095770                 19.9854                 4.48822                25.19193             0.008771478
0.096270                 19.7155                 4.43584                24.99189             0.008589499
0.096770                 19.4409                 4.38207                24.78359              0.00840841
0.097260                 19.1618                 4.32696                24.56726               0.0082283
0.097760                 18.8781                 4.27048                24.34259             0.008049065
0.098260                   18.59                 4.21266                24.10979             0.007870764
0.098760                 18.2973                 4.15348                23.86858             0.007693347
0.099250                 18.0002                 4.09297                23.61906             0.007516823
0.099750                 17.6987                 4.03111                23.36111             0.007341184