channel                 nue_Ar40             nuebar_Ar40                      nc                       e
E                                                                                                       
0.000749                       0                       0                       0             0.130777488
0.001246                       0                       0                       0             0.155425824
0.001744                       0                       0                       0              0.32614344
0.002241                       0                       0                       0              0.86626152
0.002739                       0                       0                       0              1.57325562
0.003236                0.162098                       0                       0                2.619459
0.003734                0.422352                       0                       0               3.6288144
0.004231                0.769866                       0                       0               4.8896784
0.004729                 1.30595                       0                       0               6.1437168
0.005226                 1.90394                       0                       0               7.2825552
0.005724                  2.6118                       0                       0               8.3258874
0.006221                 3.45043                       0                       0                9.358641
0.006719                 4.42216                       0                       0              10.3177548
0.007216                 5.58068                       0                       0               11.212542
0.007714                 6.97821                       0                       0               12.047319
0.008211                 8.63643                       0              -0.3322497              12.8311164
0.008709                 10.4037                       0              -0.1504895              13.3834374
0.009206                 12.3277                       0               0.0981825               13.791186
0.009704                 14.4741                       0               0.4097626              14.1781518
0.010200                 16.8452                       0                0.784064              14.5451052
0.010700                 19.4696                       0                1.221174              14.8953096
0.011200                 22.4218                       0                 1.72099              15.2288982
0.011690                 25.7803                       0                2.283657              15.5485872
0.012190                 29.6132                       0                2.909299              15.8543172
0.012690                 33.2631                       0                3.538432              15.8499972
0.013190                 37.1175                       0                4.201817              15.8078592
0.013680                 41.1966                       0                4.905503              15.7682988
0.014180                 45.4043                       0                 5.61883              15.6816594
0.014680                 49.7197                       0                6.353472                15.58413
0.015180                 54.1087                       0                 7.11604              15.4885212
0.015670                 58.5442                       0                 7.91329              15.3965952
0.016170                 63.0018                0.289442                 8.75853              15.3065718
0.016670                 67.4898                0.364886                  9.6656              15.2197254
0.017170                 72.0082                 0.46798                10.64471              15.1346682
0.017660                 76.5644                0.570971                 11.7052              15.0523092
0.018160                 80.5743                0.672118                12.77457              14.8695228
0.018660                 83.5578                0.784248                13.78181               14.524371
0.019160                 86.4367                0.919152                14.84816              14.1876936
0.019650                 89.2182                 1.04851                 15.9749              13.8596058
0.020150                  91.902                 1.17592                17.16164              13.5393858
0.020650                 94.4829                 1.32536                18.40633              13.2267924
0.021150                 96.9572                 1.49212                19.70912              12.9214962
0.021640                  99.319                  1.6647                21.06817              12.6230058
0.022140                 101.569                 1.84298                22.48301              12.3313068
0.022640                 103.683                 2.03064                23.92459              12.0388104
0.023140                 105.677                 2.23497                25.40833              11.7518076
0.023630                 107.546                 2.45481                26.93258              11.4704568
0.024130                 109.297                 2.67551                28.49486              11.1952134
0.024630                  110.92                 2.89411                30.08873              10.9250514
0.025130                  112.43                 3.13032                 31.7114              10.6606638
0.025620                 113.823                 3.39557                33.35471              10.4008518
0.026120                 115.117                 3.67286                35.02084              10.1464704
0.026620                 116.027                 3.92782                36.61712                9.873117
0.027120                 116.525                 4.15925                38.12253                9.580059
0.027610                  116.89                 4.39764                39.60516                9.291636
0.028110                 117.145                 4.65281                41.06703               9.0089226
0.028610                 117.272                 4.90642                42.49236               8.7304104
0.029110                  117.29                 5.14099                43.88266               8.4573234
0.029600                 117.185                 5.35597                45.22684               8.1881244
0.030100                 116.974                 5.57194                46.52328               7.9240212
0.030600                 116.637                 5.80455                47.75763               7.6635108
0.031100                 116.196                 6.05184                48.93008               7.4078154
0.031590                 115.629                 6.29366                50.02474               7.1555238
0.032090                 114.954                 6.51482                 51.0416               6.9076782
0.032590                 114.153                 6.71187                51.96672               6.6631068
0.033090                 113.241                 6.89188                52.80004               6.4226196
0.033580                 112.201                 7.05932                53.52815               6.1853004
0.034080                 111.048                 7.21876                54.15375               5.9517756
0.034580                 109.765                 7.37055                54.66342                5.721291
0.035080                 108.363                 7.51574                55.05619               5.4943434
0.035570                 106.828                  7.6527                55.32272               5.2703028
0.036070                 105.226                 7.77775                55.66606               5.0596488
0.036570                 103.512                 7.88422                55.97217                4.855617
0.037070                 101.674                 7.96938                56.17031               4.6544544
0.037560                 99.7006                 8.02972                56.25157               4.4558244
0.038060                 97.5976                 8.06404                56.21664               4.2598764
0.038560                 95.3582                 8.07035                56.05885               4.0663764
0.039060                 94.4783                 8.17935                56.53004               3.9325536
0.039550                 94.2646                 8.33958                57.30698               3.8284722
0.040050                 93.9974                 8.49209                58.09581               3.7256904
0.040550                 93.6727                 8.63796                58.88842               3.6241632
0.041050                 93.2894                 8.77723                59.47159               3.5238564
0.041540                 92.8499                 8.90901                 59.9943                3.424761
0.042040                 92.3504                 9.03111                60.45217               3.3268122
0.042540                 91.7911                 9.14274                 60.8435                3.230037
0.043040                 91.1687                 9.24509                 61.1654                 3.13434
0.043530                 90.4857                 9.34023                61.41844               3.0397788
0.044030                 89.7386                 9.42956                61.59996               2.9462328
0.044530                 88.9281                 9.51317                61.70853               2.8537866
0.045030                 88.0492                 9.58569                61.74015               2.7622962
0.045520                 87.1043                 9.64078                61.69614               2.6718732
0.046020                 86.0868                 9.67215                61.57175               2.5823502
0.046520                 84.9996                 9.67598                61.36878              2.49386256
0.047020                  83.835                 9.65372                61.08157              2.40622632
0.047510                 82.5973                 9.61329                60.71297              2.31959502
0.048010                 81.2782                 9.56039                60.25654              2.23376472
0.048510                 79.8831                 9.50078                59.71573              2.14891308
0.049010                 78.4031                 9.43383                59.08356              2.06482194
0.049500                 76.8445                 9.35677                58.36416              1.98167796
0.050000                 75.1977                 9.26509                57.54975              1.89925038
0.050500                 73.4701                 9.15692                56.64548              1.81774746
0.051000                 71.6529                 9.02897                55.64401              1.73693196
0.051490                 69.7528                 8.88114                54.55008               1.6569972
0.051990                 67.7606                 8.71195                53.35524              1.57773492
0.052490                 65.6826                  8.5221                52.06397              1.49930748
0.052990                  63.511                 8.31062                50.66899              1.42153938
0.053480                 61.2524                 8.07986                 49.1755              1.34456202
0.053980                 58.8999                 7.83285                47.57683               1.2682305
0.054480                 56.4577                 7.57298                 45.8753              1.19265444
0.054980                 53.9201                 7.30131                44.06536               1.1177109
0.055470                 51.2922                 7.01958                42.15107              1.04348448
0.055970                 48.5684                 6.72134                 40.1265              0.96987582
0.056470                 45.7516                 6.40125                37.99281              0.89695152
0.056970                 43.6325                 6.16589                36.31096              0.83874654
0.057460                 43.5724                 6.20664                36.10572              0.81878148
0.057960                 43.6037                 6.24084                36.31124              0.80472906
0.058460                 43.6267                 6.26683                36.53589              0.79118694
0.058960                 43.6346                 6.28916                36.74629              0.77775534
0.059450                 43.6276                 6.31138                36.94283              0.76444092
0.059950                  43.606                 6.33727                37.12603              0.75123252
0.060450                 43.5686                 6.36588                 37.2938               0.7381341
0.060950                 43.5169                 6.39493                37.44877              0.72514332
0.061440                 43.4491                 6.42027                37.58765              0.71225658
0.061940                 43.3666                 6.43908                 37.7129               0.6994737
0.062440                 43.2679                 6.44911                37.82188              0.68679198
0.062940                 43.1544                 6.45037                37.91673              0.67421142
0.063430                 43.0244                 6.44593                37.99484              0.66172806
0.063930                 42.8798                 6.43859                38.05857               0.6493446
0.064430                 42.7184                 6.43023                38.10454               0.6370524
0.064930                  42.543                 6.42408                38.13644               0.6248592
0.065420                 42.3511                   6.419                 38.1503              0.61275276
0.065920                 42.1451                 6.41407                38.14915              0.60074478
0.066420                  41.923                 6.40655                38.13012              0.58881798
0.066920                 41.6865                 6.39492                38.09471               0.5769882
0.067410                 41.4345                  6.3773                38.04206              0.56523816
0.067910                 41.1677                 6.35294                37.97173              0.55358226
0.068410                 40.8859                 6.32191                37.88447              0.54200196
0.068910                 40.5897                 6.28611                37.77954              0.53051526
0.069400                 40.2775                 6.24647                37.65561              0.51910092
0.069900                  39.952                 6.20461                37.51541              0.50777892
0.070400                 39.6104                 6.16056                37.35536               0.4965237
0.070900                 39.2548                 6.11424                37.17757              0.48535992
0.071390                 38.8841                 6.06473                36.98116              0.47426436
0.071890                 38.4991                 6.01154                36.76613              0.46325412
0.072390                 38.0984                 5.95393                36.53088              0.45231156
0.072890                 37.6843                 5.89223                36.27834              0.44145144
0.073380                 37.2545                 5.82757                 36.0053              0.43065648
0.073880                 36.8103                 5.76137                 35.7129              0.41994324
0.074380                 36.3506                 5.69495                35.40064              0.40929318
0.074880                 35.8762                 5.62961                35.06934              0.39871998
0.075370                 35.3854                 5.56488                34.71718               0.3882123
0.075870                 34.8791                 5.49928                34.34491               0.3777777
0.076370                 34.3564                 5.43066                33.95223              0.36740718
0.076870                 33.8178                 5.35698                33.53955              0.35710722
0.077360                 33.2626                 5.27662                33.10575              0.34687044
0.077860                  32.691                 5.18915                32.65112               0.3367017
0.078360                 32.1028                 5.09562                32.17505              0.32659542
0.078860                 31.4982                 4.99768                31.67863              0.31655448
0.079350                  30.877                  4.8968                31.16068              0.30657564
0.079850                 30.1434                 4.80376                30.62114              0.29665944
0.080350                 29.4016                 4.70676                30.05974              0.28680426
0.080850                 28.7229                 4.59813                 29.4764              0.27700992
0.081340                   28.03                  4.4862                28.87118              0.26727588
0.081840                  27.323                 4.37097                28.24421              0.25760016
0.082340                 26.6021                 4.25245                27.59498             0.247983966
0.082840                  25.867                 4.13058                26.92304             0.238424598
0.083330                 25.1198                 4.00575                26.23016             0.228937878
0.083830                 24.8506                 3.97187                25.99234             0.223900938
0.084330                 24.6887                 3.95875                25.85499             0.219909798
0.084830                 24.5213                 3.94454                25.70821              0.21594087
0.085320                 24.3487                 3.92931                25.55256             0.211996548
0.085820                 24.1707                 3.91301                 25.3875             0.208073592
0.086320                 23.9875                 3.89567                25.21328              0.20417481
0.086820                 23.7987                 3.87724                25.02928             0.200296548
0.087310                  23.605                  3.8578                24.83603             0.196442532
0.087810                 23.4057                 3.83725                24.63284             0.192608046
0.088310                 23.2015                  3.8157                24.42031             0.188797716
0.088810                 22.9918                 3.79305                24.19771             0.185006286
0.089300                 22.7773                  3.7694                 23.9657             0.181238382
0.089800                 22.5573                 3.74465                 23.7234              0.17748873
0.090300                 22.3325                 3.71891                23.47165             0.173762712
0.090800                 22.1024                 3.69208                23.20948             0.170054262
0.091290                 21.8675                 3.66426                22.93772             0.166368816
0.091790                 21.6273                 3.63535                22.65537             0.162700668
0.092290                 21.3827                 3.60546                 22.3652              0.15906168
0.092790                 21.1487                  3.5745                22.19543             0.155924136
0.093280                 20.9156                 3.54255                22.06185             0.152963514
0.093780                 20.6775                 3.50954                21.92134             0.150017184
0.094280                 20.4351                 3.47554                21.77427              0.14708781
0.094780                 20.1879                 3.44049                21.62022             0.144172494
0.095270                 19.9363                 3.40445                21.45952              0.14127345
0.095770                   19.68                 3.36738                21.29177             0.138388626
0.096270                 19.4193                 3.32932                21.11723             0.135519606
0.096770                 19.1541                 3.29024                20.93562             0.132664446
0.097260                 18.8845                 3.25016                20.74711             0.129824712
0.097760                 18.6104                 3.20908                20.55146              0.12699864
0.098260                  18.332                 3.16701                20.34878             0.124187526
0.098760                 18.0492                 3.12393                20.13891               0.1213902
0.099250                 17.7621                 3.07988                19.92191             0.118607022
0.099750                 17.4707                 3.03483                19.69767             0.115837812