channel                 nue_Ar40             nuebar_Ar40                      nc                       e
E                                                                                                       
0.000749                       0                       0                       0             0.100978254
0.001246                       0                       0                       0             0.121315014
0.001744                       0                       0                       0              0.26719992
0.002241                       0                       0                       0               0.7317081
0.002739                       0                       0                       0              1.32481098
0.003236                0.141175                       0                       0              2.20691646
0.003734                0.366559                       0                       0               3.0418866
0.004231                0.660738                       0                       0               4.0525956
0.004729                 1.10966                       0                       0               5.0434632
0.005226                 1.60768                       0                       0               5.9433534
0.005724                 2.19367                       0                       0               6.7646646
0.006221                 2.87032                       0                       0               7.5370932
0.006719                 3.65047                       0                       0                8.251218
0.007216                 4.57869                       0                       0               8.9172036
0.007714                 5.69704                       0                       0                9.538614
0.008211                 7.02134                       0              -0.2568287              10.1212956
0.008709                 8.41011                       0              -0.1158144              10.5025302
0.009206                 9.91892                       0               0.0753913              10.7846244
0.009704                 11.5972                       0               0.3140159              11.0525094
0.010200                 13.4455                       0               0.5997606              11.3062194
0.010700                 15.4863                       0                0.932576              11.5485012
0.011200                 17.7775                       0                1.312265               11.779047
0.011690                 20.3804                       0                1.738864              12.0000996
0.012190                 23.3465                       0                2.212367              12.2113026
0.012690                 26.1124                       0                2.683821              12.1683438
0.013190                 29.0479                       0                3.181823               12.109905
0.013680                 32.1423                       0                3.708378              12.0535398
0.014180                 35.3201                       0                4.240005              11.9614842
0.014680                 38.5664                       0                4.787066              11.8637406
0.015180                 41.8529                       0                5.353569              11.7681858
0.015670                 45.1592                       0                5.944549               11.676213
0.016170                 48.4661                0.217497                 6.56988              11.5863012
0.016670                 51.7808                0.273849                 7.23982              11.4994386
0.017170                 55.1032                0.350797                 7.96187               11.414556
0.017660                 58.4393                0.427496                 8.74279              11.3322906
0.018160                 61.2447                0.501704                 9.51383              11.1571344
0.018660                 63.3158                0.584346                10.24218              10.8717264
0.019160                 65.2893                0.683597                11.01068              10.5933546
0.019650                 67.1711                0.778333                11.81986              10.3220838
0.020150                 68.9607                0.871225                12.66899              10.0573146
0.020650                 70.6545                0.980005                13.55607               9.7988418
0.021150                 72.2497                 1.10109                14.48074               9.5464368
0.021640                 73.7419                  1.2259                15.44116               9.2996442
0.022140                 75.1311                  1.3543                16.43559               9.0581922
0.022640                 76.4026                 1.48896                17.44619               8.8176906
0.023140                 77.5674                 1.63513                18.48208               8.5820814
0.023630                  78.621                 1.79185                19.54051               8.3511144
0.024130                 79.5681                 1.94835                20.61927               8.1251658
0.024630                 80.4028                 2.10244                21.71301               7.9034022
0.025130                 81.1354                 2.26838                 22.8193                7.686333
0.025620                 81.7629                  2.4543                23.93155               7.4730852
0.026120                 82.2998                 2.64773                25.05094               7.2642492
0.026620                  82.687                 2.82607                26.14138                7.051707
0.027120                 82.9505                 2.99186                27.20714                6.838398
0.027610                 83.1159                 3.16255                28.25558               6.6284676
0.028110                 83.1976                 3.34517                29.28802               6.4226898
0.028610                 83.1835                 3.52654                30.29315                 6.21999
0.029110                 83.0878                 3.69408                31.27198               6.0212016
0.029600                 82.8992                  3.8474                32.21653               5.8252572
0.030100                 82.6306                 4.00128                33.12564               5.6330406
0.030600                 82.2681                 4.16695                33.98895                5.443425
0.031100                 81.8258                 4.34296                34.80661               5.2573194
0.031590                 81.2894                 4.51485                35.56716               5.0736996
0.032090                  80.671                  4.6717                36.27059               4.8932964
0.032590                 79.9582                 4.81104                36.90691               4.7152692
0.033090                 79.1611                 4.93795                37.47607               4.5402336
0.033580                 78.2679                 5.05561                37.96841                4.367502
0.034080                 77.2885                 5.16729                38.38572                4.197537
0.034580                 76.2121                 5.27322                38.71859               4.0297716
0.035080                 75.0448                 5.37415                38.96627               3.8645856
0.035570                 73.7782                 5.46887                39.12186                 3.70152
0.036070                 72.4598                 5.55475                39.33727               3.5483958
0.036570                 71.0474                 5.62699                39.49147               3.3984198
0.037070                 69.5406                 5.68365                39.56472               3.2505624
0.037560                  67.932                 5.72221                39.55032               3.1045608
0.038060                 66.2248                  5.7418                39.44891               2.9605392
0.038560                 64.4144                   5.741                39.25551               2.8183122
0.039060                 64.0057                 5.84189                 39.7079               2.7341892
0.039550                 63.8711                 5.96018                40.27552               2.6629614
0.040050                 63.7007                 6.07327                40.85306               2.5926228
0.040550                 63.4918                 6.18193                41.43493              2.52313866
0.041050                 63.2435                  6.2862                41.87103               2.4544944
0.041540                 62.9576                 6.38546                42.26631              2.38667652
0.042040                 62.6314                 6.47815                 42.6176               2.3196456
0.042540                  62.265                 6.56372                42.92379              2.25341856
0.043040                 61.8565                 6.64303                43.18288              2.18792718
0.043530                 61.4071                 6.71757                43.39528              2.12321304
0.044030                 60.9149                 6.78837                43.55911              2.05919424
0.044530                 60.3801                 6.85553                43.67356              1.99592802
0.045030                 59.7994                 6.91519                43.73559              1.93331412
0.045520                 59.1745                 6.96279                43.74624              1.87143534
0.046020                 58.5008                 6.99379                43.70225               1.8101682
0.046520                 57.7803                 7.00539                43.60491               1.7496126
0.047020                 57.0079                 6.99863                43.45027              1.68963678
0.047510                 56.1864                 6.97922                 43.2403               1.6303509
0.048010                 55.3103                 6.95131                 42.9705              1.57161294
0.048510                 54.3831                 6.91909                42.64339               1.5135444
0.049010                 53.3988                 6.88217                42.25402              1.45599606
0.049500                 52.3618                 6.83853                41.80536                1.399095
0.050000                 51.2656                 6.78493                  41.292              1.34268552
0.050500                 50.1151                 6.71998                40.71741              1.28690838
0.051000                 48.9043                 6.64133                40.07666               1.2316023
0.051490                 47.6379                 6.54884                39.37296              1.17689904
0.051990                 46.3095                 6.44145                38.60049              1.12265604
0.052490                 44.9235                 6.31965                37.76232               1.0689831
0.052990                 43.4746                 6.18271                 36.8535               1.0157616
0.053480                 41.9673                 6.03235                35.87748               0.9630837
0.053980                 40.3967                 5.87085                34.82982              0.91084716
0.054480                  38.766                 5.70076                33.71203              0.85912524
0.054980                  37.071                 5.52297                32.52028              0.80783622
0.055470                 35.3154                 5.33887                31.25746              0.75704022
0.055970                 33.4953                 5.14368                 29.9194              0.70666542
0.056470                 31.6126                 4.93335                28.50689              0.65676114
0.056970                 30.6404                 4.84187                27.71211              0.62464014
0.057460                 30.6858                 4.88288                27.70094              0.61210908
0.057960                 30.7633                 4.91474                 27.9191              0.60272334
0.058460                 30.8327                 4.94032                28.12944              0.59341896
0.058960                 30.8927                 4.96319                28.33024              0.58419198
0.059450                 30.9435                 4.98615                 28.5218              0.57504366
0.059950                 30.9855                 5.01221                28.70457              0.56597022
0.060450                 31.0177                 5.04062                28.87696              0.55697148
0.060950                 31.0412                 5.06959                29.04095               0.5480451
0.061440                 31.0546                 5.09585                29.19402              0.53919144
0.061940                 31.0591                 5.11715                29.33817              0.53041068
0.062440                 31.0535                 5.13168                29.47126              0.52169742
0.062940                 31.0388                 5.13945                29.59504              0.51305472
0.063430                 31.0139                 5.14288                29.70748              0.50447736
0.063930                   30.98                  5.1442                29.81043               0.4959702
0.064430                 30.9356                 5.14491                29.90126               0.4875246
0.064930                 30.8827                 5.14761                29.98286              0.47914812
0.065420                 30.8195                 5.15141                30.05218               0.4708305
0.065920                 30.7477                 5.15557                30.11156               0.4625811
0.066420                  30.666                 5.15792                30.15878              0.45438642
0.066920                 30.5753                 5.15721                30.19505              0.44626014
0.067410                 30.4751                 5.15194                 30.2197              0.43818696
0.067910                 30.3658                 5.14149                30.23238              0.43017984
0.068410                 30.2474                  5.1259                30.23373               0.4222242
0.068910                   30.12                 5.10668                30.22317              0.41433174
0.069400                 29.9828                  5.0846                30.19965               0.4064895
0.069900                 29.8375                 5.06096                 30.1653               0.3987108
0.070400                 29.6823                 5.03582                30.11742              0.39097908
0.070900                 29.5185                 5.00907                 30.0576              0.38330946
0.071390                 29.3455                 4.98001                29.98522               0.3756861
0.071890                 29.1637                  4.9482                29.90021              0.36812214
0.072390                 28.9722                 4.91305                29.80142              0.36060372
0.072890                 28.7727                  4.8748                 29.6911              0.35314254
0.073380                 28.5635                 4.83439                29.56681              0.34572672
0.073880                 28.3454                 4.79301                29.42935              0.33836562
0.074380                 28.1178                 4.75177                29.27843              0.33104934
0.074880                 27.8812                 4.71177                29.11471               0.3237858
0.075370                 27.6344                 4.67266                28.93674              0.31656636
0.075870                 27.3778                 4.63322                28.74508               0.3093975
0.076370                  27.111                 4.59166                 28.5396              0.30227274
0.076870                 26.8342                 4.54625                28.32058              0.29519658
0.077360                 26.5469                  4.4956                28.08718              0.28816362
0.077860                 26.2492                 4.43931                27.83958              0.28117764
0.078360                 25.9409                 4.37826                27.57739              0.27423432
0.078860                 25.6222                 4.31381                27.30146              0.26733582
0.079350                 25.2929                 4.24724                27.01086              0.26048052
0.079850                 24.8738                 4.18794                26.70552              0.25366761
0.080350                 24.4499                 4.12573                 26.3853             0.246897198
0.080850                 24.0807                 4.05384                26.05009              0.24016824
0.081340                 23.7026                 3.97953                    25.7             0.233480736
0.081840                 23.3157                 3.90281                25.33517             0.226833174
0.082340                 22.9199                 3.82367                24.95517             0.220227174
0.082840                 22.5152                 3.74207                24.55964             0.213659262
0.083330                 22.1559                 3.67227                24.20836              0.20768121
0.083830                 22.0055                   3.658                24.08436              0.20393163
0.084330                 21.8609                 3.64561                23.96398              0.20031363
0.084830                 21.7114                 3.63222                23.83502             0.196715196
0.085320                 21.5573                 3.61787                23.69799             0.193139334
0.085820                 21.3984                 3.60253                23.55244             0.189582732
0.086320                 21.2349                 3.58624                23.39853             0.186048288
0.086820                 21.0664                 3.56894                23.23573             0.182532474
0.087310                 20.8935                 3.55069                23.06452              0.17903835
0.087810                 20.7157                 3.53142                22.88426             0.175562046
0.088310                 20.5335                 3.51122                22.69554             0.172107558
0.088810                 20.3465                 3.49001                22.49762             0.168670278
0.089300                 20.1551                 3.46786                22.29116             0.165254382
0.089800                 19.9589                 3.44471                22.07533               0.1618551
0.090300                 19.7585                 3.42063                21.85092             0.158477058
0.090800                 19.5533                 3.39554                21.61703                0.155115
0.091290                 19.3438                 3.36954                21.37442             0.151773588
0.091790                 19.1296                 3.34252                21.12215              0.14844825
0.092290                 18.9145                  3.3146                20.88692             0.145239534
0.092790                 18.7106                 3.28569                20.77281             0.142527564
0.093280                 18.5031                 3.25586                 20.6565              0.13984497
0.093780                 18.2914                 3.22505                20.53389             0.137175264
0.094280                 18.0758                 3.19332                20.40534              0.13452075
0.094780                 17.8559                 3.16062                20.27045             0.131879304
0.095270                 17.6321                 3.12701                20.12948             0.129252528
0.095770                 17.4041                 3.09243                 19.9821              0.12663864
0.096270                 17.1723                 3.05695                19.82856             0.124038936
0.096770                 16.9365                 3.02051                19.66857             0.121451868
0.097260                 16.6967                 2.98316                19.50232             0.118878714
0.097760                  16.453                 2.94487                19.32955              0.11631825
0.098260                 16.2054                 2.90566                 19.1504             0.113770962
0.098760                  15.954                 2.86553                 18.9647              0.11123631
0.099250                 15.6987                 2.82449                18.77254             0.108714618
0.099750                 15.4396                 2.78253                18.57377             0.106205328