channel                 nue_Ar40             nuebar_Ar40                      nc                       e
E                                                                                                       
0.000749                       0                       0                       0                       0
0.001246                       0                       0                       0                       0
0.001744                       0                       0                       0                       0
0.002241                       0                       0                       0                       0
0.002739                       0                       0                       0                       0
0.003236                       0                       0                       0                       0
0.003734                       0                       0                       0                       0
0.004231                       0                       0                       0                       0
0.004729                       0                       0                       0                       0
0.005226                 12.2148                0.142997                 95.3531                2.687953
0.005724                 15.4484                 0.23859                154.4986                2.538645
0.006221                 19.1512                 0.37244                227.9907                2.398126
0.006719                 23.3269                0.545851                306.8022                2.265626
0.007216                 27.9719                0.755269                377.4405                  2.1406
0.007714                 33.0764                 0.99355                426.1411                2.022654
0.008211                 38.6224                 1.25254                444.1168                1.911453
0.008709                 44.5826                 1.52564                431.0808                1.806651
0.009206                 50.9188                 1.80915                395.0762                1.707886
0.009704                 57.5841                  2.1022                348.7951                1.614792
0.010200                  64.524                 2.40559                304.5132                 1.52701
0.010700                 71.6803                 2.72061                270.1842                1.444208
0.011200                 78.9928                 3.04821                248.1232               1.3660735
0.011690                 86.4014                 3.38869                236.0988               1.2923218
0.012190                 93.8469                 3.74168                229.6258               1.2226932
0.012690                 101.271                 4.10628                224.1823               1.1569434
0.013190                 108.617                 4.48111                216.6013               1.0948492
0.013680                  115.83                 4.86446                205.5226               1.0362009
0.014180                 122.857                  5.2543                 191.164               0.9808013
0.014680                 129.648                 5.64843                 174.768               0.9284641
0.015180                 136.159                 6.04448                157.9977               0.8790151
0.015670                 142.352                 6.44007                142.4467               0.8322887
0.016170                 148.199                 6.83287                129.3159                0.788128
0.016670                 153.678                 7.22068                119.2688               0.7463909
0.017170                 158.776                 7.60146                112.4354               0.7069365
0.017660                 163.488                 7.97337                108.5063               0.6696395
0.018160                 167.815                 8.33481                106.8828               0.6343768
0.018660                 171.762                 8.68437                106.8277               0.6010344
0.019160                 175.339                 9.02086                107.5961               0.5695052
0.019650                 178.557                 9.34329                108.5227               0.5396863
0.020150                 181.428                 9.65087                109.0771               0.5114829
0.020650                 183.964                 9.94296                108.8801               0.4848023
0.021150                 186.179                 10.2191                107.7014               0.4595592
0.021640                 188.084                  10.479                105.4422               0.4356735
0.022140                  189.69                 10.7226                102.1119               0.4130661
0.022640                  191.01                 10.9497                 97.8028               0.3916671
0.023140                 192.054                 11.1604                 92.6657                0.371408
0.023630                 192.833                 11.3551                 86.8868               0.3522249
0.024130                 193.357                 11.5338                   80.67               0.3340581
0.024630                 193.638                  11.697                 74.2172               0.3168524
0.025130                 193.687                  11.845                 67.7175               0.3005553
0.025620                 193.515                 11.9782                61.33734               0.2851174
0.026120                 193.133                 12.0971                55.21127               0.2704929
0.026620                 192.552                 12.2021                49.44293                0.256639
0.027120                 191.785                 12.2936                44.10239               0.2435148
0.027610                 190.841                  12.372                39.22962               0.2310808
0.028110                 189.734                 12.4378                34.83795               0.2193013
0.028610                 188.473                 12.4913                30.91927               0.2081431
0.029110                 187.071                 12.5329                27.44936               0.1975722
0.029600                 185.538                 12.5629                24.39302               0.1875575
0.030100                 183.885                 12.5816                21.70888               0.1780713
0.030600                 182.122                 12.5892                19.35314               0.1690847
0.031100                  180.26                  12.586                17.28269               0.1605715
0.031590                 178.307                 12.5723                15.45717               0.1525066
0.032090                 176.275                 12.5483                13.84038               0.1448661
0.032590                 174.171                 12.5141                 12.4008              0.13762751
0.033090                 172.005                   12.47                11.11177              0.13076902
0.033580                 169.784                 12.4162                 9.95128              0.12427037
0.034080                 167.516                 12.3529                 8.90155              0.11811222
0.034580                 165.209                 12.2804                 7.94835              0.11227585
0.035080                 162.869                 12.1988                 7.08045              0.10674404
0.035570                 160.502                 12.1086                6.289056              0.10150032
0.036070                 158.114                   12.01                5.567184              0.09652891
0.036570                  155.71                 11.9033                4.909275              0.09181494
0.037070                 153.294                 11.7889                4.310785              0.08734437
0.037560                 150.872                 11.6671                3.767867              0.08310399
0.038060                 148.446                 11.5385                3.277133              0.07908124
0.038560                  146.02                 11.4034                2.835473              0.07526437
0.039060                 143.597                 11.2623                2.439931              0.07164206
0.039550                 141.178                 11.1157                2.087611              0.06820382
0.040050                 138.766                 10.9641                1.775621              0.06493973
0.040550                 136.364                  10.808                1.500864              0.06184025
0.041050                 133.971                  10.648                1.260915              0.05889679
0.041540                 131.591                 10.4846                1.052582               0.0561009
0.042040                 129.223                 10.3183                0.872938              0.05344464
0.042540                 126.869                 10.1496                0.719155              0.05092071
0.043040                  124.53                 9.97918               0.5884828              0.04852207
0.043530                 122.206                 9.80747               0.4782787              0.04624227
0.044030                 119.899                 9.63498               0.3860436              0.04407499
0.044530                 117.609                 9.46219               0.3094373              0.04201445
0.045030                 115.337                 9.28958                0.246302              0.04005511
0.045520                 113.083                 9.11757                0.194672              0.03819186
0.046020                  110.85                 8.94658               0.1527786              0.03641985
0.046520                 108.638                 8.77698               0.1190512               0.0347342
0.047020                 106.447                 8.60913               0.0921093              0.03313085
0.047510                 104.279                 8.44334               0.0707561              0.03160544
0.048010                 102.135                 8.27988              0.05391749              0.03015423
0.048510                 100.016                 8.11902              0.04082994              0.02877348
0.049010                 97.9234                 7.96095              0.03070061              0.02745961
0.049500                 95.8583                 7.80586              0.02291742              0.02620946
0.050000                 93.8221                  7.6539              0.01698378              0.02501977
0.050500                 91.8158                 7.50519              0.01249548               0.0238876
0.051000                 89.8407                 7.35979              0.00912688              0.02281021
0.051490                 87.8979                 7.21779             0.006618214               0.0217847
0.051990                 85.9887                 7.07919             0.004764413              0.02080869
0.052490                  84.114                   6.944             0.003405088              0.01987979
0.052990                 82.2748                 6.81222             0.002416002              0.01899553
0.053480                 80.4721                 6.68378             0.001701832              0.01815391
0.053980                 78.7066                 6.55864             0.001190106              0.01735265
0.054480                 76.9791                 6.43672             0.000826237              0.01658987
0.054980                 75.2902                 6.31792            0.0005694744              0.01586364
0.055470                 73.6402                 6.20215             0.000389667              0.01517216
0.055970                 72.0296                 6.08929            0.0002647054               0.0145137
0.056470                 70.4586                 5.97923             0.000178518              0.01388664
0.056970                 68.9273                 5.87183            0.0001195231              0.01328938
0.057460                 67.4355                 5.76697             7.94459e-05             0.012720461
0.057960                 65.9833                 5.66452            5.242532e-05             0.012178452
0.058460                 64.5703                 5.56433            1.461995e-05             0.011661986
0.058960                  63.196                 5.46629                       0             0.011169795
0.059450                 61.8601                 5.37026                       0             0.010700633
0.059950                 60.5619                 5.27612                       0             0.010253355
0.060450                 59.3007                 5.18375                       0             0.009826824
0.060950                 58.0757                 5.09302                       0             0.009420004
0.061440                 56.8861                 5.00384                       0             0.009031877
0.061940                 55.7309                 4.91609                       0             0.008661494
0.062440                 54.6092                 4.82969                       0             0.008307936
0.062940                 53.5199                 4.74454                       0             0.007970361
0.063430                 52.4619                 4.66056                       0             0.007647948
0.063930                 51.4341                 4.57769                       0             0.007339917
0.064430                 50.4354                 4.49584                       0             0.007045531
0.064930                 49.4646                 4.41498                       0             0.006764107
0.065420                 48.5206                 4.33504                       0             0.006494967
0.065920                 47.6022                 4.25598                       0             0.006237504
0.066420                 46.7082                 4.17777                       0             0.005991128
0.066920                 45.8375                 4.10037                       0             0.005755267
0.067410                 44.9891                 4.02376                       0              0.00552942
0.067910                 44.1617                 3.94792                       0              0.00531306
0.068410                 43.3544                 3.87283                       0             0.005105739
0.068910                 42.5661                 3.79848                       0             0.004907006
0.069400                 41.7958                 3.72487                       0             0.004716443
0.069900                 41.0426                 3.65199                       0             0.004533656
0.070400                 40.3055                 3.57985                       0             0.004358272
0.070900                 39.5837                 3.50844                       0             0.004189933
0.071390                 38.8764                 3.43777                       0             0.004028324
0.071890                 38.1827                 3.36784                       0             0.003873112
0.072390                  37.502                 3.29867                       0             0.003724018
0.072890                 36.8336                 3.23026                       0             0.003580766
0.073380                 36.1768                 3.16262                       0             0.003443075
0.073880                  35.531                 3.09577                       0             0.003310716
0.074380                 34.8957                  3.0297                       0             0.003183443
0.074880                 34.2703                 2.96443                       0             0.003061031
0.075370                 33.6545                 2.89998                       0             0.002943288
0.075870                 33.0478                 2.83635                       0             0.002830011
0.076370                 32.4497                 2.77354                       0             0.002721014
0.076870                 31.8599                 2.71157                       0             0.002616105
0.077360                 31.2782                 2.65044                       0             0.002515134
0.077860                 30.7042                 2.59016                       0             0.002417934
0.078360                 30.1376                 2.53073                       0             0.002324359
0.078860                 29.5783                 2.47217                       0             0.002234268
0.079350                  29.026                 2.41446                       0             0.002147515
0.079850                 28.4805                 2.35762                       0             0.002063969
0.080350                 27.9417                 2.30164                       0             0.001983528
0.080850                 27.4095                 2.24652                       0             0.001906058
0.081340                 26.8836                 2.19227                       0             0.001831439
0.081840                 26.3641                 2.13888                       0             0.001759581
0.082340                 25.8507                 2.08635                       0             0.001690383
0.082840                 25.3434                 2.03468                       0             0.001623733
0.083330                 24.8422                 1.98385                       0              0.00155955
0.083830                  24.347                 1.93388                       0             0.001497735
0.084330                 23.8576                 1.88475                       0            0.0014382093
0.084830                 23.3742                 1.83645                       0            0.0013808852
0.085320                 22.8966                 1.78899                       0            0.0013256872
0.085820                 22.4248                 1.74235                       0            0.0012725393
0.086320                 21.9587                 1.69652                       0            0.0012213665
0.086820                 21.4984                  1.6515                       0            0.0011720989
0.087310                 21.0438                 1.60729                       0            0.0011246697
0.087810                 20.5949                 1.56386                       0            0.0010790141
0.088310                 20.1516                 1.52123                       0            0.0010350685
0.088810                  19.714                 1.47937                       0            0.0009927724
0.089300                  19.282                 1.43828                       0            0.0009520682
0.089800                 18.8557                 1.39796                       0            0.0009128987
0.090300                 18.4349                 1.35838                       0            0.0008752095
0.090800                 18.0197                 1.31956                       0              0.00083895
0.091290                   17.61                 1.28147                       0            0.0008040672
0.091790                 17.2059                 1.24411                       0            0.0007705142
0.092290                 16.8074                 1.20748                       0            0.0007382431
0.092790                 16.4143                 1.17156                       0            0.0007072077
0.093280                 16.0267                 1.13635                       0            0.0006773653
0.093780                 15.6446                 1.10184                       0            0.0006486733
0.094280                  15.268                 1.06802                       0            0.0006210901
0.094780                 14.8968                  1.0349                       0            0.0005945759
0.095270                  14.531                 1.00245                       0            0.0005690917
0.095770                 14.1706                0.970686                       0            0.0005446025
0.096270                 13.8156                0.939586                       0            0.0005210721
0.096770                  13.466                 0.90915                       0            0.0004984653
0.097260                 13.1217                 0.87937                       0            0.0004767481
0.097760                 12.7828                0.850242                       0              0.00045589
0.098260                 12.4492                0.821759                       0            0.0004358579
0.098760                 12.1209                0.793917                       0            0.0004166244
0.099250                 11.7979                0.766709                       0            0.0003981579
0.099750                 11.7979                0.766709                       0            0.0003981579