# TBinMid=-0.0335 ssec TBinWidth=0.01 ss EBinWidth=0.2MeV Fluence at Earth for this timebin in neutrinos per cm^2
# E(GeV)	NuE	NuMu	NuTau	aNuE	aNuMu	aNuTau
   1.38589050E-13   1.17961037E+17   1.73087118E+14   1.73087118E+14   1.00738945E+14   1.73087118E+14   1.73087118E+14
   2.00000000E-04   2.10929290E+08   3.09501714E+05   3.09501714E+05   1.80134007E+05   3.09501714E+05   3.09501714E+05
   4.00000000E-04   1.07587607E+08   1.57865930E+05   1.57865930E+05   9.18800165E+04   1.57865930E+05   1.57865930E+05
   6.00000000E-04   7.25529731E+07   1.06458754E+05   1.06458754E+05   6.19603741E+04   1.06458754E+05   1.06458754E+05
   8.00000000E-04   5.48552841E+07   8.04905019E+04   8.04905019E+04   4.68465148E+04   8.04905019E+04   8.04905019E+04
   1.00000000E-03   4.41576037E+07   6.47935334E+04   6.47935334E+04   3.77106758E+04   6.47935334E+04   6.47935334E+04
   1.20000000E-03   3.69841404E+07   5.42677350E+04   5.42677350E+04   3.15845248E+04   5.42677350E+04   5.42677350E+04
   1.40000000E-03   4.94247911E+07   5.81709422E+04   5.81709422E+04   5.89564687E+04   5.81709422E+04   5.81709422E+04
   1.60000000E-03   6.38641703E+07   6.02220718E+04   6.02220718E+04   7.71065392E+04   6.02220718E+04   6.02220718E+04
   1.80000000E-03   7.29333999E+07   6.05596951E+04   6.05596951E+04   9.24118803E+04   6.05596951E+04   6.05596951E+04
   2.00000000E-03   7.86543366E+07   5.84189955E+04   5.84189955E+04   1.26417465E+05   5.84189955E+04   5.84189955E+04
   2.20000000E-03   1.04920217E+08   5.63279890E+04   5.63279890E+04   1.50489937E+05   5.63279890E+04   5.63279890E+04
   2.40000000E-03   1.28708638E+08   5.43284926E+04   5.43284926E+04   1.67711691E+05   5.43284926E+04   5.43284926E+04
   2.60000000E-03   1.46432277E+08   5.24374105E+04   5.24374105E+04   1.80083643E+05   5.24374105E+04   5.24374105E+04
   2.80000000E-03   1.59722075E+08   4.74999747E+04   4.74999747E+04   1.98656074E+05   4.74999747E+04   4.74999747E+04
   3.00000000E-03   1.69709954E+08   4.32002949E+04   4.32002949E+04   2.13026247E+05   4.32002949E+04   4.32002949E+04
   3.20000000E-03   1.77200305E+08   3.95066535E+04   3.95066535E+04   2.23928752E+05   3.95066535E+04   3.95066535E+04
   3.40000000E-03   2.05474118E+08   3.63042712E+04   3.63042712E+04   2.32166394E+05   3.63042712E+04   3.63042712E+04
   3.60000000E-03   2.41557826E+08   3.35051448E+04   3.35051448E+04   2.38332638E+05   3.35051448E+04   3.35051448E+04
   3.80000000E-03   2.71409651E+08   3.10407402E+04   3.10407402E+04   2.42873045E+05   3.10407402E+04   3.10407402E+04
   4.00000000E-03   2.96201662E+08   2.76853373E+04   2.76853373E+04   2.35369524E+05   2.76853373E+04   2.76853373E+04
   4.20000000E-03   3.16849573E+08   2.45707471E+04   2.45707471E+04   2.26872373E+05   2.45707471E+04   2.45707471E+04
   4.40000000E-03   3.34076897E+08   2.18190795E+04   2.18190795E+04   2.19027287E+05   2.18190795E+04   2.18190795E+04
   4.60000000E-03   3.48461101E+08   1.93762101E+04   1.93762101E+04   2.11759457E+05   1.93762101E+04   1.93762101E+04
   4.80000000E-03   3.60467333E+08   1.71978663E+04   1.71978663E+04   2.05005288E+05   1.71978663E+04   1.71978663E+04
   5.00000000E-03   3.70473407E+08   1.52475260E+04   1.52475260E+04   1.98710353E+05   1.52475260E+04   1.52475260E+04
   5.20000000E-03   3.78788548E+08   1.34948272E+04   1.34948272E+04   1.92827782E+05   1.34948272E+04   1.34948272E+04
   5.40000000E-03   3.72662329E+08   1.19143479E+04   1.19143479E+04   1.87316981E+05   1.19143479E+04   1.19143479E+04
   5.60000000E-03   3.59901090E+08   1.04846621E+04   1.04846621E+04   1.82142607E+05   1.04846621E+04   1.04846621E+04
   5.80000000E-03   3.48001363E+08   9.66151628E+03   9.66151628E+03   1.68278992E+05   9.66151628E+03   9.66151628E+03
   6.00000000E-03   3.36878215E+08   8.94692658E+03   8.94692658E+03   1.54856509E+05   8.94692658E+03   8.94692658E+03
   6.20000000E-03   3.26457554E+08   8.29089668E+03   8.29089668E+03   1.42547945E+05   8.29089668E+03   8.29089668E+03
   6.40000000E-03   3.16674455E+08   7.68717018E+03   7.68717018E+03   1.31233613E+05   7.68717018E+03   7.68717018E+03
   6.60000000E-03   3.07471776E+08   7.13031766E+03   7.13031766E+03   1.20809704E+05   7.13031766E+03   7.13031766E+03
   6.80000000E-03   2.98799028E+08   6.61560711E+03   6.61560711E+03   1.11185785E+05   6.61560711E+03   6.61560711E+03
   7.00000000E-03   2.90611431E+08   6.13889766E+03   6.13889766E+03   1.02282764E+05   6.13889766E+03   6.13889766E+03
   7.20000000E-03   2.82869127E+08   5.69655202E+03   5.69655202E+03   9.40311984E+04   5.69655202E+03   5.69655202E+03
   7.40000000E-03   2.75536522E+08   5.28536375E+03   5.28536375E+03   8.63699055E+04   5.28536375E+03   5.28536375E+03
   7.60000000E-03   2.68581728E+08   4.90249665E+03   4.90249665E+03   7.92447924E+04   4.90249665E+03   4.90249665E+03
   7.80000000E-03   2.61976094E+08   4.54543402E+03   4.54543402E+03   7.26078839E+04   4.54543402E+03   4.54543402E+03
   8.00000000E-03   2.55693804E+08   4.21193587E+03   4.21193587E+03   6.64165006E+04   4.21193587E+03   4.21193587E+03
   8.20000000E-03   2.49711531E+08   3.90000275E+03   3.90000275E+03   6.06325654E+04   3.90000275E+03   3.90000275E+03
   8.40000000E-03   2.44008149E+08   3.77106302E+03   3.77106302E+03   5.58723065E+04   3.77106302E+03   3.77106302E+03
   8.60000000E-03   2.32189517E+08   3.69186874E+03   3.69186874E+03   5.15806918E+04   3.69186874E+03   3.69186874E+03
   8.80000000E-03   2.17049977E+08   3.61608310E+03   3.61608310E+03   4.75513806E+04   3.61608310E+03   3.61608310E+03
   9.00000000E-03   2.02800028E+08   3.54348727E+03   3.54348727E+03   4.37639313E+04   3.54348727E+03   3.54348727E+03
   9.20000000E-03   1.89372333E+08   3.47388089E+03   3.47388089E+03   4.01998704E+04   3.47388089E+03   3.47388089E+03
   9.40000000E-03   1.76705875E+08   3.40708018E+03   3.40708018E+03   3.68424668E+04   3.40708018E+03   3.40708018E+03
   9.60000000E-03   1.64745247E+08   3.34291622E+03   3.34291622E+03   3.36765371E+04   3.34291622E+03   3.34291622E+03
   9.80000000E-03   1.53440043E+08   3.28123349E+03   3.28123349E+03   3.06882744E+04   3.28123349E+03   3.28123349E+03
   1.00000000E-02   1.42744314E+08   3.22188859E+03   3.22188859E+03   2.78651002E+04   3.22188859E+03   3.22188859E+03
   1.02000000E-02   1.32616103E+08   3.16474902E+03   3.16474902E+03   2.51955343E+04   3.16474902E+03   3.16474902E+03
   1.04000000E-02   1.23017026E+08   3.10969219E+03   3.10969219E+03   2.26690808E+04   3.10969219E+03   3.10969219E+03
   1.06000000E-02   1.13911916E+08   3.05660451E+03   3.05660451E+03   2.02761274E+04   3.05660451E+03   3.05660451E+03
   1.08000000E-02   1.05268496E+08   3.00538056E+03   3.00538056E+03   1.80078572E+04   3.00538056E+03   3.00538056E+03
   1.10000000E-02   9.70570973E+07   2.95592238E+03   2.95592238E+03   1.58561701E+04   2.95592238E+03   2.95592238E+03
   1.12000000E-02   8.92504100E+07   2.90813880E+03   2.90813880E+03   1.38136134E+04   2.90813880E+03   2.90813880E+03
   1.14000000E-02   8.18232573E+07   2.86194487E+03   2.86194487E+03   1.18733208E+04   2.86194487E+03   2.86194487E+03
   1.16000000E-02   7.47523975E+07   2.81726135E+03   2.81726135E+03   1.00289566E+04   2.81726135E+03   2.81726135E+03
   1.18000000E-02   6.80163467E+07   2.77401421E+03   2.77401421E+03   8.27466784E+03   2.77401421E+03   2.77401421E+03
   1.20000000E-02   6.15952203E+07   2.73213421E+03   2.73213421E+03   6.60503981E+03   2.73213421E+03   2.73213421E+03
   1.22000000E-02   5.54705909E+07   2.66770209E+03   2.66770209E+03   5.63916123E+03   2.66770209E+03   2.66770209E+03
   1.24000000E-02   4.96253610E+07   2.58293474E+03   2.58293474E+03   5.31281063E+03   2.58293474E+03   2.58293474E+03
   1.26000000E-02   4.40436487E+07   2.50151570E+03   2.50151570E+03   5.00052708E+03   2.50151570E+03   2.50151570E+03
   1.28000000E-02   3.87106846E+07   2.42326761E+03   2.42326761E+03   4.70153627E+03   2.42326761E+03   2.42326761E+03
   1.30000000E-02   3.36127188E+07   2.34802500E+03   2.34802500E+03   4.41511678E+03   2.34802500E+03   2.34802500E+03
   1.32000000E-02   2.87369371E+07   2.27563328E+03   2.27563328E+03   4.14059580E+03   2.27563328E+03   2.27563328E+03
   1.34000000E-02   2.40713852E+07   2.20594788E+03   2.20594788E+03   3.87734517E+03   2.20594788E+03   2.20594788E+03
   1.36000000E-02   1.96048998E+07   2.13883348E+03   2.13883348E+03   3.62477788E+03   2.13883348E+03   2.13883348E+03
   1.38000000E-02   1.80935712E+07   2.07416330E+03   2.07416330E+03   3.38234482E+03   2.07416330E+03   2.07416330E+03
   1.40000000E-02   1.72814951E+07   2.01181843E+03   2.01181843E+03   3.14953185E+03   2.01181843E+03   2.01181843E+03
   1.42000000E-02   1.65000365E+07   1.95168727E+03   1.95168727E+03   2.92585716E+03   1.95168727E+03   1.95168727E+03
   1.44000000E-02   1.57477060E+07   1.89366494E+03   1.89366494E+03   2.71086880E+03   1.89366494E+03   1.89366494E+03
   1.46000000E-02   1.50231048E+07   1.83765286E+03   1.83765286E+03   2.50414252E+03   1.83765286E+03   1.83765286E+03
   1.48000000E-02   1.43249176E+07   1.78355825E+03   1.78355825E+03   2.30527968E+03   1.78355825E+03   1.78355825E+03
   1.50000000E-02   1.36519068E+07   1.73129370E+03   1.73129370E+03   2.11390546E+03   1.73129370E+03   1.73129370E+03
   1.52000000E-02   1.30029074E+07   1.68077685E+03   1.68077685E+03   1.92966712E+03   1.68077685E+03   1.68077685E+03
   1.54000000E-02   1.23768211E+07   1.63192999E+03   1.63192999E+03   1.75223244E+03   1.63192999E+03   1.63192999E+03
   1.56000000E-02   1.17726124E+07   1.58467979E+03   1.58467979E+03   1.58128834E+03   1.58467979E+03   1.58467979E+03
   1.58000000E-02   1.11893039E+07   1.53895695E+03   1.53895695E+03   1.41653950E+03   1.53895695E+03   1.53895695E+03
   1.60000000E-02   1.06259728E+07   1.49469596E+03   1.49469596E+03   1.25770721E+03   1.49469596E+03   1.49469596E+03
   1.62000000E-02   1.00817468E+07   1.45183487E+03   1.45183487E+03   1.10452822E+03   1.45183487E+03   1.45183487E+03
   1.64000000E-02   9.55580082E+06   1.41031501E+03   1.41031501E+03   9.56753725E+02   1.41031501E+03   1.41031501E+03
   1.66000000E-02   9.04735436E+06   1.37008082E+03   1.37008082E+03   8.14148422E+02   1.37008082E+03   1.37008082E+03
   1.68000000E-02   8.55566817E+06   1.33107963E+03   1.33107963E+03   6.76489631E+02   1.33107963E+03   1.33107963E+03
   1.70000000E-02   8.08004185E+06   1.29326149E+03   1.29326149E+03   5.43566486E+02   1.29326149E+03   1.29326149E+03
   1.72000000E-02   7.61981135E+06   1.25657900E+03   1.25657900E+03   4.15179187E+02   1.25657900E+03   1.25657900E+03
   1.74000000E-02   7.17434668E+06   1.22098714E+03   1.22098714E+03   2.91138308E+02   1.22098714E+03   1.22098714E+03
   1.76000000E-02   6.74304989E+06   1.18644314E+03   1.18644314E+03   1.71264151E+02   1.18644314E+03   1.18644314E+03
   1.78000000E-02   6.32535305E+06   1.15375428E+03   1.15375428E+03   7.83839929E+01   1.15375428E+03   1.15375428E+03
   1.80000000E-02   5.92071646E+06   1.12520173E+03   1.12520173E+03   7.52460772E+01   1.12520173E+03   1.12520173E+03
   1.82000000E-02   5.52862698E+06   1.09744864E+03   1.09744864E+03   7.22019015E+01   1.09744864E+03   1.09744864E+03
   1.84000000E-02   5.14859647E+06   1.07046523E+03   1.07046523E+03   6.92478734E+01   1.07046523E+03   1.07046523E+03
   1.86000000E-02   4.78016032E+06   1.04422311E+03   1.04422311E+03   6.63805721E+01   1.04422311E+03   1.04422311E+03
   1.88000000E-02   4.42287607E+06   1.01869523E+03   1.01869523E+03   6.35967387E+01   1.01869523E+03   1.01869523E+03
   1.90000000E-02   4.07632218E+06   9.93855748E+02   9.93855748E+02   6.08932672E+01   9.93855748E+02   9.93855748E+02
   1.92000000E-02   3.74009683E+06   9.69680038E+02   9.69680038E+02   5.82671953E+01   9.69680038E+02   9.69680038E+02
   1.94000000E-02   3.41381681E+06   9.46144566E+02   9.46144566E+02   5.57156969E+01   9.46144566E+02   9.46144566E+02
   1.96000000E-02   3.09711651E+06   9.23226854E+02   9.23226854E+02   5.32360743E+01   9.23226854E+02   9.23226854E+02
   1.98000000E-02   2.78964692E+06   9.00905421E+02   9.00905421E+02   5.08257514E+01   9.00905421E+02   9.00905421E+02
   2.00000000E-02   2.49107474E+06   8.79159724E+02   8.79159724E+02   4.84822671E+01   8.79159724E+02   8.79159724E+02
   2.02000000E-02   2.20108155E+06   8.57970115E+02   8.57970115E+02   4.62032688E+01   8.57970115E+02   8.57970115E+02
   2.04000000E-02   1.91936300E+06   8.37317790E+02   8.37317790E+02   4.39865072E+01   8.37317790E+02   8.37317790E+02
   2.06000000E-02   1.64562805E+06   8.17184747E+02   8.17184747E+02   4.18298304E+01   8.17184747E+02   8.17184747E+02
   2.08000000E-02   1.37959831E+06   7.97553742E+02   7.97553742E+02   3.97311791E+01   7.97553742E+02   7.97553742E+02
   2.10000000E-02   1.12100736E+06   7.78408255E+02   7.78408255E+02   3.76885816E+01   7.78408255E+02   7.78408255E+02
   2.12000000E-02   8.69600129E+05   7.59732448E+02   7.59732448E+02   3.57001496E+01   7.59732448E+02   7.59732448E+02
   2.14000000E-02   6.25132328E+05   7.41511136E+02   7.41511136E+02   3.37640736E+01   7.41511136E+02   7.41511136E+02
   2.16000000E-02   3.87369901E+05   7.23729750E+02   7.23729750E+02   3.18786195E+01   7.23729750E+02   7.23729750E+02
   2.18000000E-02   1.56088513E+05   7.06374311E+02   7.06374311E+02   3.00421241E+01   7.06374311E+02   7.06374311E+02
   2.20000000E-02   9.58742396E+02   6.89431398E+02   6.89431398E+02   2.82529922E+01   6.89431398E+02   6.89431398E+02
   2.22000000E-02   9.31906065E+02   6.72888121E+02   6.72888121E+02   2.65096932E+01   6.72888121E+02   6.72888121E+02
   2.24000000E-02   9.05710720E+02   6.56732099E+02   6.56732099E+02   2.48107577E+01   6.56732099E+02   6.56732099E+02
   2.26000000E-02   8.80136491E+02   6.40951432E+02   6.40951432E+02   2.31547748E+01   6.40951432E+02   6.40951432E+02
   2.28000000E-02   8.55164283E+02   6.25534682E+02   6.25534682E+02   2.15403889E+01   6.25534682E+02   6.25534682E+02
   2.30000000E-02   8.30775737E+02   6.10470847E+02   6.10470847E+02   1.99662979E+01   6.10470847E+02   6.10470847E+02
   2.32000000E-02   8.06953193E+02   5.95749343E+02   5.95749343E+02   1.84312497E+01   5.95749343E+02   5.95749343E+02
   2.34000000E-02   7.83679661E+02   5.81359988E+02   5.81359988E+02   1.69340408E+01   5.81359988E+02   5.81359988E+02
   2.36000000E-02   7.60938791E+02   5.67292979E+02   5.67292979E+02   1.54735133E+01   5.67292979E+02   5.67292979E+02
   2.38000000E-02   7.38714841E+02   5.53538875E+02   5.53538875E+02   1.40485534E+01   5.53538875E+02   5.53538875E+02
   2.40000000E-02   7.16992653E+02   5.40088584E+02   5.40088584E+02   1.26580888E+01   5.40088584E+02   5.40088584E+02
   2.42000000E-02   6.95757623E+02   5.26933348E+02   5.26933348E+02   1.13010875E+01   5.26933348E+02   5.26933348E+02
   2.44000000E-02   6.74995681E+02   5.14064722E+02   5.14064722E+02   9.97655542E+00   5.14064722E+02   5.14064722E+02
   2.46000000E-02   6.54693264E+02   5.01474567E+02   5.01474567E+02   8.68353516E+00   5.01474567E+02   5.01474567E+02
   2.48000000E-02   6.34837296E+02   4.89155034E+02   4.89155034E+02   7.42110407E+00   4.89155034E+02   4.89155034E+02
   2.50000000E-02   6.15415166E+02   4.77098551E+02   4.77098551E+02   6.18837289E+00   4.77098551E+02   4.77098551E+02
   2.52000000E-02   5.96414708E+02   4.65297814E+02   4.65297814E+02   4.98448427E+00   4.65297814E+02   4.65297814E+02
   2.54000000E-02   5.77824183E+02   4.53745770E+02   4.53745770E+02   3.80861139E+00   4.53745770E+02   4.53745770E+02
   2.56000000E-02   5.59632260E+02   4.42435613E+02   4.42435613E+02   2.65995668E+00   4.42435613E+02   4.42435613E+02
   2.58000000E-02   5.41827999E+02   4.31360769E+02   4.31360769E+02   1.53775054E+00   4.31360769E+02   4.31360769E+02
   2.60000000E-02   5.24400836E+02   4.20514890E+02   4.20514890E+02   4.41250231E-01   4.20514890E+02   4.20514890E+02
   2.62000000E-02   5.07340566E+02   4.22147048E+02   4.22147048E+02   8.29404825E-02   4.22147048E+02   4.22147048E+02
   2.64000000E-02   4.90637327E+02   4.29695876E+02   4.29695876E+02   8.06590336E-02   4.29695876E+02   4.29695876E+02
   2.66000000E-02   4.74281591E+02   4.37050689E+02   4.37050689E+02   7.84242748E-02   4.37050689E+02   4.37050689E+02
   2.68000000E-02   4.58264145E+02   4.44217026E+02   4.44217026E+02   7.62349766E-02   4.44217026E+02   4.44217026E+02
   2.70000000E-02   4.42576081E+02   4.51200237E+02   4.51200237E+02   7.40899503E-02   4.51200237E+02   4.51200237E+02
   2.72000000E-02   4.27208785E+02   4.58005491E+02   4.58005491E+02   7.19880457E-02   4.58005491E+02   4.58005491E+02
   2.74000000E-02   4.12153923E+02   4.64637778E+02   4.64637778E+02   6.99281502E-02   4.64637778E+02   4.64637778E+02
   2.76000000E-02   3.97403430E+02   4.71101921E+02   4.71101921E+02   6.79091870E-02   4.71101921E+02   4.71101921E+02
   2.78000000E-02   3.82949502E+02   4.77402583E+02   4.77402583E+02   6.59301139E-02   4.77402583E+02   4.77402583E+02
   2.80000000E-02   3.68784583E+02   4.83544270E+02   4.83544270E+02   6.39899218E-02   4.83544270E+02   4.83544270E+02
   2.82000000E-02   3.54901358E+02   4.89531338E+02   4.89531338E+02   6.20876334E-02   4.89531338E+02   4.89531338E+02
   2.84000000E-02   3.41292741E+02   4.95368002E+02   4.95368002E+02   6.02223022E-02   4.95368002E+02   4.95368002E+02
   2.86000000E-02   3.27951871E+02   5.01058338E+02   5.01058338E+02   5.83930113E-02   5.01058338E+02   5.01058338E+02
   2.88000000E-02   3.14872097E+02   5.06606290E+02   5.06606290E+02   5.65988721E-02   5.06606290E+02   5.06606290E+02
   2.90000000E-02   3.02046975E+02   5.12015674E+02   5.12015674E+02   5.48390234E-02   5.12015674E+02   5.12015674E+02
   2.92000000E-02   2.89470259E+02   5.17290186E+02   5.17290186E+02   5.31126302E-02   5.17290186E+02   5.17290186E+02
   2.94000000E-02   2.77135894E+02   5.22433401E+02   5.22433401E+02   5.14188831E-02   5.22433401E+02   5.22433401E+02
   2.96000000E-02   2.65038008E+02   5.27448783E+02   5.27448783E+02   4.97569970E-02   5.27448783E+02   5.27448783E+02
   2.98000000E-02   2.53170906E+02   5.32339686E+02   5.32339686E+02   4.81262103E-02   5.32339686E+02   5.32339686E+02
   3.00000000E-02   2.41529062E+02   5.37109358E+02   5.37109358E+02   4.65257842E-02   5.37109358E+02   5.37109358E+02
   3.02000000E-02   2.30107118E+02   5.41760949E+02   5.41760949E+02   4.49550018E-02   5.41760949E+02   5.41760949E+02
   3.04000000E-02   2.18899870E+02   5.46297508E+02   5.46297508E+02   4.34131673E-02   5.46297508E+02   5.46297508E+02
   3.06000000E-02   2.07902271E+02   5.50721993E+02   5.50721993E+02   4.18996051E-02   5.50721993E+02   5.50721993E+02
   3.08000000E-02   1.97109418E+02   5.55037270E+02   5.55037270E+02   4.04136594E-02   5.55037270E+02   5.55037270E+02
   3.10000000E-02   1.86516553E+02   5.59246118E+02   5.59246118E+02   3.89546933E-02   5.59246118E+02   5.59246118E+02
   3.12000000E-02   1.76119053E+02   5.63351233E+02   5.63351233E+02   3.75220883E-02   5.63351233E+02   5.63351233E+02
   3.14000000E-02   1.65912430E+02   5.67355228E+02   5.67355228E+02   3.61152434E-02   5.67355228E+02   5.67355228E+02
   3.16000000E-02   1.55892321E+02   5.71260640E+02   5.71260640E+02   3.47335746E-02   5.71260640E+02   5.71260640E+02
   3.18000000E-02   1.46054488E+02   5.75069929E+02   5.75069929E+02   3.33765147E-02   5.75069929E+02   5.75069929E+02
   3.20000000E-02   1.36394814E+02   5.78785484E+02   5.78785484E+02   3.20435121E-02   5.78785484E+02   5.78785484E+02
   3.22000000E-02   1.26909296E+02   5.82409622E+02   5.82409622E+02   3.07340306E-02   5.82409622E+02   5.82409622E+02
   3.24000000E-02   1.17594041E+02   5.85944592E+02   5.85944592E+02   2.94475490E-02   5.85944592E+02   5.85944592E+02
   3.26000000E-02   1.08445265E+02   5.89392581E+02   5.89392581E+02   2.81835605E-02   5.89392581E+02   5.89392581E+02
   3.28000000E-02   9.94592893E+01   5.92755708E+02   5.92755708E+02   2.69415720E-02   5.92755708E+02   5.92755708E+02
   3.30000000E-02   9.06325343E+01   5.96036034E+02   5.96036034E+02   2.57211038E-02   5.96036034E+02   5.96036034E+02
   3.32000000E-02   8.19615184E+01   5.99235561E+02   5.99235561E+02   2.45216895E-02   5.99235561E+02   5.99235561E+02
   3.34000000E-02   7.34428542E+01   6.02356233E+02   6.02356233E+02   2.33428750E-02   6.02356233E+02   6.02356233E+02
   3.36000000E-02   6.50732452E+01   6.05399938E+02   6.05399938E+02   2.21842185E-02   6.05399938E+02   6.05399938E+02
   3.38000000E-02   5.68494834E+01   6.08368514E+02   6.08368514E+02   2.10452897E-02   6.08368514E+02   6.08368514E+02
   3.40000000E-02   4.87684460E+01   6.11263745E+02   6.11263745E+02   1.99256701E-02   6.11263745E+02   6.11263745E+02
   3.42000000E-02   4.08270931E+01   6.14087366E+02   6.14087366E+02   1.88249520E-02   6.14087366E+02   6.14087366E+02
   3.44000000E-02   3.30224645E+01   6.16841062E+02   6.16841062E+02   1.77427383E-02   6.16841062E+02   6.16841062E+02
   3.46000000E-02   2.53516776E+01   6.19526475E+02   6.19526475E+02   1.66786424E-02   6.19526475E+02   6.19526475E+02
   3.48000000E-02   1.78119251E+01   6.22145199E+02   6.22145199E+02   1.56322876E-02   6.22145199E+02   6.22145199E+02
   3.50000000E-02   1.04004720E+01   6.24698787E+02   6.24698787E+02   1.46033071E-02   6.24698787E+02   6.24698787E+02
   3.52000000E-02   3.11465411E+00   6.27188746E+02   6.27188746E+02   1.35913434E-02   6.27188746E+02   6.27188746E+02
   3.54000000E-02   4.88613129E-07   6.29616546E+02   6.29616546E+02   1.25960479E-02   6.29616546E+02   6.29616546E+02
   3.56000000E-02   4.80070105E-07   6.31983615E+02   6.31983615E+02   1.16170812E-02   6.31983615E+02   6.31983615E+02
   3.58000000E-02   4.71654834E-07   6.34291344E+02   6.34291344E+02   1.06541122E-02   6.34291344E+02   6.34291344E+02
   3.60000000E-02   4.63364829E-07   6.36541087E+02   6.36541087E+02   9.70681827E-03   6.36541087E+02   6.36541087E+02
   3.62000000E-02   4.55197665E-07   6.38734160E+02   6.38734160E+02   8.77488477E-03   6.38734160E+02   6.38734160E+02
   3.64000000E-02   4.47150973E-07   6.40871848E+02   6.40871848E+02   7.85800489E-03   6.40871848E+02   6.40871848E+02
   3.66000000E-02   4.39222444E-07   6.42955397E+02   6.42955397E+02   6.95587937E-03   6.42955397E+02   6.42955397E+02
   3.68000000E-02   4.31409823E-07   6.44986026E+02   6.44986026E+02   6.06821636E-03   6.44986026E+02   6.44986026E+02
   3.70000000E-02   4.23710912E-07   6.46964918E+02   6.46964918E+02   5.19473111E-03   6.46964918E+02   6.46964918E+02
   3.72000000E-02   4.16123561E-07   6.48893227E+02   6.48893227E+02   4.33514582E-03   6.48893227E+02   6.48893227E+02
   3.74000000E-02   4.08645675E-07   6.50772078E+02   6.50772078E+02   3.48918941E-03   6.50772078E+02   6.50772078E+02
   3.76000000E-02   4.01275206E-07   6.52602565E+02   6.52602565E+02   2.65659735E-03   6.52602565E+02   6.52602565E+02
   3.78000000E-02   3.94010155E-07   6.54385756E+02   6.54385756E+02   1.83711143E-03   6.54385756E+02   6.54385756E+02
   3.80000000E-02   3.86848569E-07   6.56122691E+02   6.56122691E+02   1.03047962E-03   6.56122691E+02   6.56122691E+02
   3.82000000E-02   3.79788543E-07   6.57814382E+02   6.57814382E+02   2.36455862E-04   6.57814382E+02   6.57814382E+02
   3.84000000E-02   3.72828211E-07   6.51339590E+02   6.51339590E+02   1.54194418E-06   6.51339590E+02   6.51339590E+02
   3.86000000E-02   3.65965756E-07   6.41513126E+02   6.41513126E+02   1.51299063E-06   6.41513126E+02   6.41513126E+02
   3.88000000E-02   3.59199398E-07   6.31821136E+02   6.31821136E+02   1.48444336E-06   6.31821136E+02   6.31821136E+02
   3.90000000E-02   3.52527399E-07   6.22261211E+02   6.22261211E+02   1.45629500E-06   6.22261211E+02   6.22261211E+02
   3.92000000E-02   3.45948062E-07   6.12830999E+02   6.12830999E+02   1.42853838E-06   6.12830999E+02   6.12830999E+02
   3.94000000E-02   3.39459726E-07   6.03528197E+02   6.03528197E+02   1.40116648E-06   6.03528197E+02   6.03528197E+02
   3.96000000E-02   3.33060769E-07   5.94350556E+02   5.94350556E+02   1.37417241E-06   5.94350556E+02   5.94350556E+02
   3.98000000E-02   3.26749604E-07   5.85295878E+02   5.85295878E+02   1.34754948E-06   5.85295878E+02   5.85295878E+02
   4.00000000E-02   3.20524680E-07   5.76362010E+02   5.76362010E+02   1.32129113E-06   5.76362010E+02   5.76362010E+02
   4.02000000E-02   3.14384480E-07   5.67546849E+02   5.67546849E+02   1.29539092E-06   5.67546849E+02   5.67546849E+02
   4.04000000E-02   3.08327522E-07   5.58848339E+02   5.58848339E+02   1.26984259E-06   5.58848339E+02   5.58848339E+02
   4.06000000E-02   3.02352353E-07   5.50264465E+02   5.50264465E+02   1.24464000E-06   5.50264465E+02   5.50264465E+02
   4.08000000E-02   2.96457556E-07   5.41793260E+02   5.41793260E+02   1.21977715E-06   5.41793260E+02   5.41793260E+02
   4.10000000E-02   2.90641742E-07   5.33432798E+02   5.33432798E+02   1.19524815E-06   5.33432798E+02   5.33432798E+02
   4.12000000E-02   2.84903552E-07   5.25181192E+02   5.25181192E+02   1.17104727E-06   5.25181192E+02   5.25181192E+02
   4.14000000E-02   2.79241659E-07   5.17036600E+02   5.17036600E+02   1.14716889E-06   5.17036600E+02   5.17036600E+02
   4.16000000E-02   2.73654760E-07   5.08997215E+02   5.08997215E+02   1.12360749E-06   5.08997215E+02   5.08997215E+02
   4.18000000E-02   2.68141584E-07   5.01061270E+02   5.01061270E+02   1.10035770E-06   5.01061270E+02   5.01061270E+02
   4.20000000E-02   2.62700885E-07   4.93227037E+02   4.93227037E+02   1.07741425E-06   4.93227037E+02   4.93227037E+02
   4.22000000E-02   2.57331444E-07   4.85492822E+02   4.85492822E+02   1.05477198E-06   4.85492822E+02   4.85492822E+02
   4.24000000E-02   2.52032067E-07   4.77856966E+02   4.77856966E+02   1.03242583E-06   4.77856966E+02   4.77856966E+02
   4.26000000E-02   2.46801585E-07   4.70317848E+02   4.70317848E+02   1.01037087E-06   4.70317848E+02   4.70317848E+02
   4.28000000E-02   2.41638854E-07   4.62873877E+02   4.62873877E+02   9.88602250E-07   4.62873877E+02   4.62873877E+02
   4.30000000E-02   2.36542754E-07   4.55523496E+02   4.55523496E+02   9.67115236E-07   4.55523496E+02   4.55523496E+02
   4.32000000E-02   2.31512187E-07   4.48265181E+02   4.48265181E+02   9.45905184E-07   4.48265181E+02   4.48265181E+02
   4.34000000E-02   2.26546079E-07   4.41097439E+02   4.41097439E+02   9.24967548E-07   4.41097439E+02   4.41097439E+02
   4.36000000E-02   2.21643376E-07   4.34018805E+02   4.34018805E+02   9.04297874E-07   4.34018805E+02   4.34018805E+02
   4.38000000E-02   2.16803049E-07   4.27027847E+02   4.27027847E+02   8.83891801E-07   4.27027847E+02   4.27027847E+02
   4.40000000E-02   2.12024086E-07   4.20123160E+02   4.20123160E+02   8.63745055E-07   4.20123160E+02   4.20123160E+02
   4.42000000E-02   2.07305498E-07   4.13303368E+02   4.13303368E+02   8.43853449E-07   4.13303368E+02   4.13303368E+02
   4.44000000E-02   2.02646314E-07   4.06567123E+02   4.06567123E+02   8.24212881E-07   4.06567123E+02   4.06567123E+02
   4.46000000E-02   1.98045586E-07   3.99913102E+02   3.99913102E+02   8.04819332E-07   3.99913102E+02   3.99913102E+02
   4.48000000E-02   1.93502381E-07   3.93340010E+02   3.93340010E+02   7.85668861E-07   3.93340010E+02   3.93340010E+02
   4.50000000E-02   1.89015786E-07   3.86846577E+02   3.86846577E+02   7.66757607E-07   3.86846577E+02   3.86846577E+02
   4.52000000E-02   1.84584906E-07   3.80431558E+02   3.80431558E+02   7.48081785E-07   3.80431558E+02   3.80431558E+02
   4.54000000E-02   1.80208866E-07   3.74093734E+02   3.74093734E+02   7.29637686E-07   3.74093734E+02   3.74093734E+02
   4.56000000E-02   1.75886804E-07   3.67831906E+02   3.67831906E+02   7.11421673E-07   3.67831906E+02   3.67831906E+02
   4.58000000E-02   1.71617878E-07   3.61644902E+02   3.61644902E+02   6.93430180E-07   3.61644902E+02   3.61644902E+02
   4.60000000E-02   1.67401261E-07   3.55531570E+02   3.55531570E+02   6.75659711E-07   3.55531570E+02   3.55531570E+02
   4.62000000E-02   1.63236142E-07   3.49490784E+02   3.49490784E+02   6.58106837E-07   3.49490784E+02   3.49490784E+02
   4.64000000E-02   1.59121728E-07   3.43521435E+02   3.43521435E+02   6.40768196E-07   3.43521435E+02   3.43521435E+02
   4.66000000E-02   1.55057237E-07   3.37622438E+02   3.37622438E+02   6.23640491E-07   3.37622438E+02   3.37622438E+02
   4.68000000E-02   1.51041906E-07   3.31792729E+02   3.31792729E+02   6.06720489E-07   3.31792729E+02   3.31792729E+02
   4.70000000E-02   1.47074984E-07   3.26031261E+02   3.26031261E+02   5.90005016E-07   3.26031261E+02   3.26031261E+02
   4.72000000E-02   1.43155736E-07   3.20337012E+02   3.20337012E+02   5.73490962E-07   3.20337012E+02   3.20337012E+02
   4.74000000E-02   1.39283440E-07   3.14708973E+02   3.14708973E+02   5.57175273E-07   3.14708973E+02   3.14708973E+02
   4.76000000E-02   1.35457387E-07   3.09146160E+02   3.09146160E+02   5.41054953E-07   3.09146160E+02   3.09146160E+02
   4.78000000E-02   1.31676883E-07   3.03647603E+02   3.03647603E+02   5.25127065E-07   3.03647603E+02   3.03647603E+02
   4.80000000E-02   1.27941246E-07   2.98212351E+02   2.98212351E+02   5.09388724E-07   2.98212351E+02   2.98212351E+02
   4.82000000E-02   1.24249807E-07   2.92839473E+02   2.92839473E+02   4.93837101E-07   2.92839473E+02   2.92839473E+02
   4.84000000E-02   1.20601908E-07   2.87528052E+02   2.87528052E+02   4.78469417E-07   2.87528052E+02   2.87528052E+02
   4.86000000E-02   1.16996906E-07   2.82277190E+02   2.82277190E+02   4.63282947E-07   2.82277190E+02   2.82277190E+02
   4.88000000E-02   1.13434168E-07   2.77086003E+02   2.77086003E+02   4.48275015E-07   2.77086003E+02   2.77086003E+02
   4.90000000E-02   1.09913072E-07   2.71953627E+02   2.71953627E+02   4.33442995E-07   2.71953627E+02   2.71953627E+02
   4.92000000E-02   1.06433009E-07   2.66879211E+02   2.66879211E+02   4.18784307E-07   2.66879211E+02   2.66879211E+02
   4.94000000E-02   1.02993380E-07   2.61861918E+02   2.61861918E+02   4.04296422E-07   2.61861918E+02   2.61861918E+02
   4.96000000E-02   9.95935975E-08   2.56900930E+02   2.56900930E+02   3.89976852E-07   2.56900930E+02   2.56900930E+02
   4.98000000E-02   9.62330844E-08   2.51995441E+02   2.51995441E+02   3.75823157E-07   2.51995441E+02   2.51995441E+02
   5.00000000E-02   9.29112738E-08   2.47144660E+02   2.47144660E+02   3.61832942E-07   2.47144660E+02   2.47144660E+02
   5.02000000E-02   8.96276091E-08   2.42347810E+02   2.42347810E+02   3.48003852E-07   2.42347810E+02   2.42347810E+02
   5.04000000E-02   8.63815439E-08   2.37604127E+02   2.37604127E+02   3.34333576E-07   2.37604127E+02   2.37604127E+02
   5.06000000E-02   8.31725412E-08   2.32912864E+02   2.32912864E+02   3.20819843E-07   2.32912864E+02   2.32912864E+02
   5.08000000E-02   8.00000736E-08   2.28273282E+02   2.28273282E+02   3.07460424E-07   2.28273282E+02   2.28273282E+02
   5.10000000E-02   7.68636232E-08   2.23684659E+02   2.23684659E+02   2.94253129E-07   2.23684659E+02   2.23684659E+02
   5.12000000E-02   7.37626810E-08   2.19146284E+02   2.19146284E+02   2.81195805E-07   2.19146284E+02   2.19146284E+02
   5.14000000E-02   7.06967471E-08   2.14657459E+02   2.14657459E+02   2.68286339E-07   2.14657459E+02   2.14657459E+02
   5.16000000E-02   6.76653303E-08   2.10217496E+02   2.10217496E+02   2.55522653E-07   2.10217496E+02   2.10217496E+02
   5.18000000E-02   6.46679478E-08   2.05825723E+02   2.05825723E+02   2.42902706E-07   2.05825723E+02   2.05825723E+02
   5.20000000E-02   6.17041254E-08   2.01481475E+02   2.01481475E+02   2.30424494E-07   2.01481475E+02   2.01481475E+02
   5.22000000E-02   5.87733971E-08   1.97184103E+02   1.97184103E+02   2.18086045E-07   1.97184103E+02   1.97184103E+02
   5.24000000E-02   5.58753047E-08   1.92932965E+02   1.92932965E+02   2.05885423E-07   1.92932965E+02   1.92932965E+02
   5.26000000E-02   5.30093981E-08   1.88727431E+02   1.88727431E+02   1.93820724E-07   1.88727431E+02   1.88727431E+02
   5.28000000E-02   5.01752348E-08   1.84566885E+02   1.84566885E+02   1.81890078E-07   1.84566885E+02   1.84566885E+02
   5.30000000E-02   4.73723800E-08   1.80450717E+02   1.80450717E+02   1.70091646E-07   1.80450717E+02   1.80450717E+02
   5.32000000E-02   4.46004060E-08   1.76378329E+02   1.76378329E+02   1.58423619E-07   1.76378329E+02   1.76378329E+02
   5.34000000E-02   4.18588925E-08   1.72349133E+02   1.72349133E+02   1.46884222E-07   1.72349133E+02   1.72349133E+02
   5.36000000E-02   3.91474264E-08   1.68362553E+02   1.68362553E+02   1.35471707E-07   1.68362553E+02   1.68362553E+02
   5.38000000E-02   3.64656014E-08   1.64418018E+02   1.64418018E+02   1.24184357E-07   1.64418018E+02   1.64418018E+02
   5.40000000E-02   3.38130181E-08   1.60514971E+02   1.60514971E+02   1.13020482E-07   1.60514971E+02   1.60514971E+02
   5.42000000E-02   3.11892836E-08   1.56652861E+02   1.56652861E+02   1.01978422E-07   1.56652861E+02   1.56652861E+02
   5.44000000E-02   2.85940118E-08   1.52831149E+02   1.52831149E+02   9.10565450E-08   1.52831149E+02   1.52831149E+02
   5.46000000E-02   2.60268228E-08   1.49049302E+02   1.49049302E+02   8.02532442E-08   1.49049302E+02   1.49049302E+02
   5.48000000E-02   2.34873430E-08   1.45306797E+02   1.45306797E+02   6.95669407E-08   1.45306797E+02   1.45306797E+02
   5.50000000E-02   2.09752050E-08   1.41603121E+02   1.41603121E+02   5.89960812E-08   1.41603121E+02   1.41603121E+02
   5.52000000E-02   1.84900475E-08   1.37937766E+02   1.37937766E+02   4.85391380E-08   1.37937766E+02   1.37937766E+02
   5.54000000E-02   1.60315150E-08   1.34310236E+02   1.34310236E+02   3.81946084E-08   1.34310236E+02   1.34310236E+02
   5.56000000E-02   1.35992578E-08   1.30720041E+02   1.30720041E+02   2.79610143E-08   1.30720041E+02   1.30720041E+02
   5.58000000E-02   1.11929320E-08   1.27166697E+02   1.27166697E+02   1.78369015E-08   1.27166697E+02   1.27166697E+02
   5.60000000E-02   8.81219905E-09   1.23649733E+02   1.23649733E+02   7.82083949E-09   1.23649733E+02   1.23649733E+02
   5.62000000E-02   6.45672614E-09   1.25353913E+02   1.25353913E+02   1.13515586E-13   1.25353913E+02   1.25353913E+02
   5.64000000E-02   4.12618563E-09   1.46245340E+02   1.46245340E+02   1.12063949E-13   1.46245340E+02   1.46245340E+02
   5.66000000E-02   1.82025517E-09   1.66913865E+02   1.66913865E+02   1.10626272E-13   1.66913865E+02   1.66913865E+02
   5.68000000E-02   7.39409674E-14   1.87362373E+02   1.87362373E+02   1.09202380E-13   1.87362373E+02   1.87362373E+02
   5.70000000E-02   7.31422697E-14   2.07593701E+02   2.07593701E+02   1.07792104E-13   2.07593701E+02   2.07593701E+02
   5.72000000E-02   7.23510396E-14   2.27610641E+02   2.27610641E+02   1.06395275E-13   2.27610641E+02   2.27610641E+02
   5.74000000E-02   7.15671858E-14   2.47415941E+02   2.47415941E+02   1.05011728E-13   2.47415941E+02   2.47415941E+02
   5.76000000E-02   7.07906186E-14   2.67012307E+02   2.67012307E+02   1.03641299E-13   2.67012307E+02   2.67012307E+02
   5.78000000E-02   7.00212497E-14   2.86402400E+02   2.86402400E+02   1.02283828E-13   2.86402400E+02   2.86402400E+02
   5.80000000E-02   6.92589920E-14   3.05588841E+02   3.05588841E+02   1.00939158E-13   3.05588841E+02   3.05588841E+02
   5.82000000E-02   6.85037597E-14   3.24574210E+02   3.24574210E+02   9.96071320E-14   3.24574210E+02   3.24574210E+02
   5.84000000E-02   6.77554687E-14   3.43361044E+02   3.43361044E+02   9.82875978E-14   3.43361044E+02   3.43361044E+02
   5.86000000E-02   6.70140356E-14   3.61951844E+02   3.61951844E+02   9.69804042E-14   3.61951844E+02   3.61951844E+02
   5.88000000E-02   6.62793786E-14   3.80349070E+02   3.80349070E+02   9.56854027E-14   3.80349070E+02   3.80349070E+02
   5.90000000E-02   6.55514172E-14   3.98555145E+02   3.98555145E+02   9.44024470E-14   3.98555145E+02   3.98555145E+02
   5.92000000E-02   6.48300718E-14   4.16572455E+02   4.16572455E+02   9.31313930E-14   4.16572455E+02   4.16572455E+02
   5.94000000E-02   6.41152642E-14   4.34403348E+02   4.34403348E+02   9.18720986E-14   4.34403348E+02   4.34403348E+02
   5.96000000E-02   6.34069175E-14   4.52050136E+02   4.52050136E+02   9.06244241E-14   4.52050136E+02   4.52050136E+02
   5.98000000E-02   6.27049555E-14   4.69515099E+02   4.69515099E+02   8.93882318E-14   4.69515099E+02   4.69515099E+02
   6.00000000E-02   6.20093036E-14   4.86800478E+02   4.86800478E+02   8.81633858E-14   4.86800478E+02   4.86800478E+02
   6.02000000E-02   6.13198879E-14   5.03908481E+02   5.03908481E+02   8.69497527E-14   5.03908481E+02   5.03908481E+02
   6.04000000E-02   6.06366360E-14   5.20841285E+02   5.20841285E+02   8.57472005E-14   5.20841285E+02   5.20841285E+02
   6.06000000E-02   5.99594762E-14   5.37601033E+02   5.37601033E+02   8.45555996E-14   5.37601033E+02   5.37601033E+02
   6.08000000E-02   5.92883380E-14   5.54189833E+02   5.54189833E+02   8.33748222E-14   5.54189833E+02   5.54189833E+02
   6.10000000E-02   5.86231520E-14   5.70609766E+02   5.70609766E+02   8.22047421E-14   5.70609766E+02   5.70609766E+02
   6.12000000E-02   5.79638496E-14   5.86862878E+02   5.86862878E+02   8.10452353E-14   5.86862878E+02   5.86862878E+02
   6.14000000E-02   5.73103634E-14   6.02951187E+02   6.02951187E+02   7.98961793E-14   6.02951187E+02   6.02951187E+02
   6.16000000E-02   5.66626269E-14   6.18876681E+02   6.18876681E+02   7.87574537E-14   6.18876681E+02   6.18876681E+02
   6.18000000E-02   5.60205744E-14   6.34641316E+02   6.34641316E+02   7.76289396E-14   6.34641316E+02   6.34641316E+02
   6.20000000E-02   5.53841415E-14   6.50247022E+02   6.50247022E+02   7.65105199E-14   6.50247022E+02   6.50247022E+02
   6.22000000E-02   5.47532644E-14   6.65695699E+02   6.65695699E+02   7.54020790E-14   6.65695699E+02   6.65695699E+02
   6.24000000E-02   5.41278803E-14   6.80989220E+02   6.80989220E+02   7.43035034E-14   6.80989220E+02   6.80989220E+02
   6.26000000E-02   5.35079273E-14   6.96129430E+02   6.96129430E+02   7.32146807E-14   6.96129430E+02   6.96129430E+02
   6.28000000E-02   5.28933444E-14   7.11118147E+02   7.11118147E+02   7.21355004E-14   7.11118147E+02   7.11118147E+02
   6.30000000E-02   5.22840715E-14   7.25957163E+02   7.25957163E+02   7.10658536E-14   7.25957163E+02   7.25957163E+02
   6.32000000E-02   5.16800492E-14   7.40648245E+02   7.40648245E+02   7.00056327E-14   7.40648245E+02   7.40648245E+02
   6.34000000E-02   5.10812191E-14   7.55193131E+02   7.55193131E+02   6.89547319E-14   7.55193131E+02   7.55193131E+02
   6.36000000E-02   5.04875235E-14   7.69593537E+02   7.69593537E+02   6.79130466E-14   7.69593537E+02   7.69593537E+02
   6.38000000E-02   4.98989056E-14   7.83851155E+02   7.83851155E+02   6.68804740E-14   7.83851155E+02   7.83851155E+02
   6.40000000E-02   4.93153092E-14   7.97967650E+02   7.97967650E+02   6.58569124E-14   7.97967650E+02   7.97967650E+02
   6.42000000E-02   4.87366792E-14   8.11944664E+02   8.11944664E+02   6.48422618E-14   8.11944664E+02   8.11944664E+02
   6.44000000E-02   4.81629610E-14   8.25783817E+02   8.25783817E+02   6.38364234E-14   8.25783817E+02   8.25783817E+02
   6.46000000E-02   4.75941009E-14   8.39486704E+02   8.39486704E+02   6.28392999E-14   8.39486704E+02   8.39486704E+02
   6.48000000E-02   4.70300457E-14   8.53054900E+02   8.53054900E+02   6.18507952E-14   8.53054900E+02   8.53054900E+02
   6.50000000E-02   4.64707432E-14   8.66489955E+02   8.66489955E+02   6.08708146E-14   8.66489955E+02   8.66489955E+02
   6.52000000E-02   4.59161419E-14   8.79793399E+02   8.79793399E+02   5.98992647E-14   8.79793399E+02   8.79793399E+02
   6.54000000E-02   4.53661907E-14   8.92966739E+02   8.92966739E+02   5.89360535E-14   8.92966739E+02   8.92966739E+02
   6.56000000E-02   4.48208397E-14   9.06011463E+02   9.06011463E+02   5.79810900E-14   9.06011463E+02   9.06011463E+02
   6.58000000E-02   4.42800391E-14   9.18929035E+02   9.18929035E+02   5.70342847E-14   9.18929035E+02   9.18929035E+02
   6.60000000E-02   4.37437402E-14   9.31720902E+02   9.31720902E+02   5.60955491E-14   9.31720902E+02   9.31720902E+02
   6.62000000E-02   4.32118948E-14   9.44388489E+02   9.44388489E+02   5.51647961E-14   9.44388489E+02   9.44388489E+02
   6.64000000E-02   4.26844554E-14   9.56933201E+02   9.56933201E+02   5.42419395E-14   9.56933201E+02   9.56933201E+02
   6.66000000E-02   4.21613750E-14   9.69356426E+02   9.69356426E+02   5.33268946E-14   9.69356426E+02   9.69356426E+02
   6.68000000E-02   4.16426075E-14   9.81659529E+02   9.81659529E+02   5.24195776E-14   9.81659529E+02   9.81659529E+02
   6.70000000E-02   4.11281070E-14   9.93843860E+02   9.93843860E+02   5.15199059E-14   9.93843860E+02   9.93843860E+02
   6.72000000E-02   4.06178286E-14   1.00591075E+03   1.00591075E+03   5.06277979E-14   1.00591075E+03   1.00591075E+03
   6.74000000E-02   4.01117278E-14   1.01786150E+03   1.01786150E+03   4.97431733E-14   1.01786150E+03   1.01786150E+03
   6.76000000E-02   3.96097607E-14   1.02969742E+03   1.02969742E+03   4.88659528E-14   1.02969742E+03   1.02969742E+03
   6.78000000E-02   3.91118841E-14   1.04141978E+03   1.04141978E+03   4.79960579E-14   1.04141978E+03   1.04141978E+03
   6.80000000E-02   3.86180552E-14   1.05302984E+03   1.05302984E+03   4.71334115E-14   1.05302984E+03   1.05302984E+03
   6.82000000E-02   3.81282319E-14   1.06452883E+03   1.06452883E+03   4.62779373E-14   1.06452883E+03   1.06452883E+03
   6.84000000E-02   3.76423725E-14   1.07591799E+03   1.07591799E+03   4.54295600E-14   1.07591799E+03   1.07591799E+03
   6.86000000E-02   3.71604360E-14   1.08719852E+03   1.08719852E+03   4.45882054E-14   1.08719852E+03   1.08719852E+03
   6.88000000E-02   3.66823818E-14   1.09837162E+03   1.09837162E+03   4.37538001E-14   1.09837162E+03   1.09837162E+03
   6.90000000E-02   3.62081700E-14   1.10943846E+03   1.10943846E+03   4.29262719E-14   1.10943846E+03   1.10943846E+03
   6.92000000E-02   3.57377610E-14   1.12040020E+03   1.12040020E+03   4.21055494E-14   1.12040020E+03   1.12040020E+03
   6.94000000E-02   3.52711158E-14   1.13125800E+03   1.13125800E+03   4.12915619E-14   1.13125800E+03   1.13125800E+03
   6.96000000E-02   3.48081960E-14   1.14201297E+03   1.14201297E+03   4.04842401E-14   1.14201297E+03   1.14201297E+03
   6.98000000E-02   3.43489635E-14   1.15266623E+03   1.15266623E+03   3.96835152E-14   1.15266623E+03   1.15266623E+03
   7.00000000E-02   3.38933809E-14   1.16321889E+03   1.16321889E+03   3.88893194E-14   1.16321889E+03   1.16321889E+03
   7.02000000E-02   3.34414111E-14   1.17367202E+03   1.17367202E+03   3.81015858E-14   1.17367202E+03   1.17367202E+03
   7.04000000E-02   3.29930175E-14   1.18402671E+03   1.18402671E+03   3.73202484E-14   1.18402671E+03   1.18402671E+03
   7.06000000E-02   3.25481641E-14   1.19428401E+03   1.19428401E+03   3.65452419E-14   1.19428401E+03   1.19428401E+03
   7.08000000E-02   3.21068152E-14   1.20444496E+03   1.20444496E+03   3.57765019E-14   1.20444496E+03   1.20444496E+03
   7.10000000E-02   3.16689357E-14   1.21451059E+03   1.21451059E+03   3.50139649E-14   1.21451059E+03   1.21451059E+03
   7.12000000E-02   3.12344907E-14   1.22448193E+03   1.22448193E+03   3.42575680E-14   1.22448193E+03   1.22448193E+03
   7.14000000E-02   3.08034460E-14   1.23435996E+03   1.23435996E+03   3.35072494E-14   1.23435996E+03   1.23435996E+03
   7.16000000E-02   3.03757676E-14   1.24414570E+03   1.24414570E+03   3.27629477E-14   1.24414570E+03   1.24414570E+03
   7.18000000E-02   2.99514222E-14   1.25384010E+03   1.25384010E+03   3.20246026E-14   1.25384010E+03   1.25384010E+03
   7.20000000E-02   2.95303767E-14   1.26344414E+03   1.26344414E+03   3.12921543E-14   1.26344414E+03   1.26344414E+03
   7.22000000E-02   2.91125983E-14   1.27295877E+03   1.27295877E+03   3.05655440E-14   1.27295877E+03   1.27295877E+03
   7.24000000E-02   2.86980550E-14   1.28238494E+03   1.28238494E+03   2.98447135E-14   1.28238494E+03   1.28238494E+03
   7.26000000E-02   2.82867148E-14   1.29172356E+03   1.29172356E+03   2.91296052E-14   1.29172356E+03   1.29172356E+03
   7.28000000E-02   2.78785464E-14   1.30097556E+03   1.30097556E+03   2.84201623E-14   1.30097556E+03   1.30097556E+03
   7.30000000E-02   2.74735186E-14   1.31014184E+03   1.31014184E+03   2.77163289E-14   1.31014184E+03   1.31014184E+03
   7.32000000E-02   2.70716008E-14   1.31922330E+03   1.31922330E+03   2.70180496E-14   1.31922330E+03   1.31922330E+03
   7.34000000E-02   2.66727627E-14   1.32822081E+03   1.32822081E+03   2.63252696E-14   1.32822081E+03   1.32822081E+03
   7.36000000E-02   2.62769743E-14   1.33713525E+03   1.33713525E+03   2.56379349E-14   1.33713525E+03   1.33713525E+03
   7.38000000E-02   2.58842061E-14   1.34596749E+03   1.34596749E+03   2.49559922E-14   1.34596749E+03   1.34596749E+03
   7.40000000E-02   2.54944289E-14   1.35471836E+03   1.35471836E+03   2.42793887E-14   1.35471836E+03   1.35471836E+03
   7.42000000E-02   2.51076138E-14   1.36338871E+03   1.36338871E+03   2.36080724E-14   1.36338871E+03   1.36338871E+03
   7.44000000E-02   2.47237323E-14   1.37197937E+03   1.37197937E+03   2.29419918E-14   1.37197937E+03   1.37197937E+03
   7.46000000E-02   2.43427562E-14   1.38049115E+03   1.38049115E+03   2.22810962E-14   1.38049115E+03   1.38049115E+03
   7.48000000E-02   2.39646577E-14   1.38892486E+03   1.38892486E+03   2.16253352E-14   1.38892486E+03   1.38892486E+03
   7.50000000E-02   2.35894093E-14   1.39728131E+03   1.39728131E+03   2.09746594E-14   1.39728131E+03   1.39728131E+03
   7.52000000E-02   2.32169839E-14   1.40556127E+03   1.40556127E+03   2.03290196E-14   1.40556127E+03   1.40556127E+03
   7.54000000E-02   2.28473546E-14   1.41376553E+03   1.41376553E+03   1.96883675E-14   1.41376553E+03   1.41376553E+03
   7.56000000E-02   2.24804948E-14   1.42189485E+03   1.42189485E+03   1.90526552E-14   1.42189485E+03   1.42189485E+03
   7.58000000E-02   2.21163784E-14   1.42995000E+03   1.42995000E+03   1.84218355E-14   1.42995000E+03   1.42995000E+03
   7.60000000E-02   2.17549795E-14   1.43793173E+03   1.43793173E+03   1.77958617E-14   1.43793173E+03   1.43793173E+03
   7.62000000E-02   2.13962724E-14   1.44584077E+03   1.44584077E+03   1.71746875E-14   1.44584077E+03   1.44584077E+03
   7.64000000E-02   2.10402318E-14   1.45367785E+03   1.45367785E+03   1.65582675E-14   1.45367785E+03   1.45367785E+03
   7.66000000E-02   2.06868329E-14   1.46144371E+03   1.46144371E+03   1.59465564E-14   1.46144371E+03   1.46144371E+03
   7.68000000E-02   2.03360507E-14   1.46913905E+03   1.46913905E+03   1.53395099E-14   1.46913905E+03   1.46913905E+03
   7.70000000E-02   1.99878611E-14   1.47676458E+03   1.47676458E+03   1.47370838E-14   1.47676458E+03   1.47676458E+03
   7.72000000E-02   1.96422397E-14   1.48432100E+03   1.48432100E+03   1.41392346E-14   1.48432100E+03   1.48432100E+03
   7.74000000E-02   1.92991628E-14   1.49180899E+03   1.49180899E+03   1.35459194E-14   1.49180899E+03   1.49180899E+03
   7.76000000E-02   1.89586067E-14   1.49922924E+03   1.49922924E+03   1.29570957E-14   1.49922924E+03   1.49922924E+03
   7.78000000E-02   1.86205482E-14   1.50658242E+03   1.50658242E+03   1.23727215E-14   1.50658242E+03   1.50658242E+03
   7.80000000E-02   1.82849643E-14   1.51386919E+03   1.51386919E+03   1.17927553E-14   1.51386919E+03   1.51386919E+03
   7.82000000E-02   1.79518321E-14   1.52109020E+03   1.52109020E+03   1.12171559E-14   1.52109020E+03   1.52109020E+03
   7.84000000E-02   1.76211292E-14   1.52824612E+03   1.52824612E+03   1.06458830E-14   1.52824612E+03   1.52824612E+03
   7.86000000E-02   1.72928332E-14   1.53533757E+03   1.53533757E+03   1.00788964E-14   1.53533757E+03   1.53533757E+03
   7.88000000E-02   1.69669223E-14   1.54236519E+03   1.54236519E+03   9.51615637E-15   1.54236519E+03   1.54236519E+03
   7.90000000E-02   1.66433746E-14   1.54932960E+03   1.54932960E+03   8.95762388E-15   1.54932960E+03   1.54932960E+03
   7.92000000E-02   1.63221687E-14   1.55623143E+03   1.55623143E+03   8.40326015E-15   1.55623143E+03   1.55623143E+03
   7.94000000E-02   1.60032833E-14   1.56307128E+03   1.56307128E+03   7.85302691E-15   1.56307128E+03   1.56307128E+03
   7.96000000E-02   1.56866973E-14   1.56984976E+03   1.56984976E+03   7.30688629E-15   1.56984976E+03   1.56984976E+03
   7.98000000E-02   1.53723901E-14   1.57656747E+03   1.57656747E+03   6.76480090E-15   1.57656747E+03   1.57656747E+03
   8.00000000E-02   1.50603410E-14   1.58322499E+03   1.58322499E+03   6.22673372E-15   1.58322499E+03   1.58322499E+03
   8.02000000E-02   1.47505297E-14   1.58982290E+03   1.58982290E+03   5.69264818E-15   1.58982290E+03   1.58982290E+03
   8.04000000E-02   1.44429362E-14   1.59636179E+03   1.59636179E+03   5.16250813E-15   1.59636179E+03   1.59636179E+03
   8.06000000E-02   1.41375406E-14   1.60284223E+03   1.60284223E+03   4.63627780E-15   1.60284223E+03   1.60284223E+03
   8.08000000E-02   1.38343233E-14   1.60926476E+03   1.60926476E+03   4.11392184E-15   1.60926476E+03   1.60926476E+03
   8.10000000E-02   1.35332648E-14   1.61562996E+03   1.61562996E+03   3.59540529E-15   1.61562996E+03   1.61562996E+03
   8.12000000E-02   1.32343459E-14   1.62193837E+03   1.62193837E+03   3.08069358E-15   1.62193837E+03   1.62193837E+03
   8.14000000E-02   1.29375476E-14   1.62819053E+03   1.62819053E+03   2.56975253E-15   1.62819053E+03   1.62819053E+03
   8.16000000E-02   1.26428512E-14   1.63438699E+03   1.63438699E+03   2.06254834E-15   1.63438699E+03   1.63438699E+03
   8.18000000E-02   1.23502381E-14   1.64052827E+03   1.64052827E+03   1.55904757E-15   1.64052827E+03   1.64052827E+03
   8.20000000E-02   1.20596899E-14   1.64661489E+03   1.64661489E+03   1.05921717E-15   1.64661489E+03   1.64661489E+03
   8.22000000E-02   1.17711884E-14   1.65264739E+03   1.65264739E+03   5.63024445E-16   1.65264739E+03   1.65264739E+03
   8.24000000E-02   1.14847156E-14   1.65862626E+03   1.65862626E+03   7.04370654E-17   1.65862626E+03   1.65862626E+03
   8.26000000E-02   1.12002538E-14   1.64702668E+03   1.64702668E+03   1.22627814E-18   1.64702668E+03   1.64702668E+03
   8.28000000E-02   1.09177855E-14   1.63263781E+03   1.63263781E+03   1.21556504E-18   1.63263781E+03   1.63263781E+03
   8.30000000E-02   1.06372931E-14   1.61834334E+03   1.61834334E+03   1.20492222E-18   1.61834334E+03   1.61834334E+03
   8.32000000E-02   1.03587595E-14   1.60414246E+03   1.60414246E+03   1.19434909E-18   1.60414246E+03   1.60414246E+03
   8.34000000E-02   1.00821678E-14   1.59003439E+03   1.59003439E+03   1.18384505E-18   1.59003439E+03   1.59003439E+03
   8.36000000E-02   9.80750096E-15   1.57601835E+03   1.57601835E+03   1.17340953E-18   1.57601835E+03   1.57601835E+03
   8.38000000E-02   9.53474246E-15   1.56209355E+03   1.56209355E+03   1.16304195E-18   1.56209355E+03   1.56209355E+03
   8.40000000E-02   9.26387580E-15   1.54825922E+03   1.54825922E+03   1.15274173E-18   1.54825922E+03   1.54825922E+03
   8.42000000E-02   8.99488468E-15   1.53451462E+03   1.53451462E+03   1.14250832E-18   1.53451462E+03   1.53451462E+03
   8.44000000E-02   8.72775298E-15   1.52085898E+03   1.52085898E+03   1.13234114E-18   1.52085898E+03   1.52085898E+03
   8.46000000E-02   8.46246476E-15   1.50729157E+03   1.50729157E+03   1.12223964E-18   1.50729157E+03   1.50729157E+03
   8.48000000E-02   8.19900423E-15   1.49381165E+03   1.49381165E+03   1.11220329E-18   1.49381165E+03   1.49381165E+03
   8.50000000E-02   7.93735579E-15   1.48041848E+03   1.48041848E+03   1.10223153E-18   1.48041848E+03   1.48041848E+03
   8.52000000E-02   7.67750399E-15   1.46711136E+03   1.46711136E+03   1.09232384E-18   1.46711136E+03   1.46711136E+03
   8.54000000E-02   7.41943354E-15   1.45388956E+03   1.45388956E+03   1.08247967E-18   1.45388956E+03   1.45388956E+03
   8.56000000E-02   7.16312934E-15   1.44075239E+03   1.44075239E+03   1.07269851E-18   1.44075239E+03   1.44075239E+03
   8.58000000E-02   6.90857642E-15   1.42769914E+03   1.42769914E+03   1.06297983E-18   1.42769914E+03   1.42769914E+03
   8.60000000E-02   6.65575997E-15   1.41472912E+03   1.41472912E+03   1.05332312E-18   1.41472912E+03   1.41472912E+03
   8.62000000E-02   6.40466536E-15   1.40184165E+03   1.40184165E+03   1.04372788E-18   1.40184165E+03   1.40184165E+03
   8.64000000E-02   6.15527807E-15   1.38903605E+03   1.38903605E+03   1.03419359E-18   1.38903605E+03   1.38903605E+03
   8.66000000E-02   5.90758378E-15   1.37631166E+03   1.37631166E+03   1.02471976E-18   1.37631166E+03   1.37631166E+03
   8.68000000E-02   5.66156829E-15   1.36366780E+03   1.36366780E+03   1.01530589E-18   1.36366780E+03   1.36366780E+03
   8.70000000E-02   5.41721754E-15   1.35110383E+03   1.35110383E+03   1.00595150E-18   1.35110383E+03   1.35110383E+03
   8.72000000E-02   5.17451766E-15   1.33861910E+03   1.33861910E+03   9.96656105E-19   1.33861910E+03   1.33861910E+03
   8.74000000E-02   4.93345486E-15   1.32621295E+03   1.32621295E+03   9.87419224E-19   1.32621295E+03   1.32621295E+03
   8.76000000E-02   4.69401555E-15   1.31388476E+03   1.31388476E+03   9.78240384E-19   1.31388476E+03   1.31388476E+03
   8.78000000E-02   4.45618626E-15   1.30163390E+03   1.30163390E+03   9.69119117E-19   1.30163390E+03   1.30163390E+03
   8.80000000E-02   4.21995363E-15   1.28945974E+03   1.28945974E+03   9.60054958E-19   1.28945974E+03   1.28945974E+03
   8.82000000E-02   3.98530449E-15   1.27736167E+03   1.27736167E+03   9.51047448E-19   1.27736167E+03   1.27736167E+03
   8.84000000E-02   3.75222576E-15   1.26533907E+03   1.26533907E+03   9.42096132E-19   1.26533907E+03   1.26533907E+03
   8.86000000E-02   3.52070451E-15   1.25339134E+03   1.25339134E+03   9.33200559E-19   1.25339134E+03   1.25339134E+03
   8.88000000E-02   3.29072796E-15   1.24151788E+03   1.24151788E+03   9.24360286E-19   1.24151788E+03   1.24151788E+03
   8.90000000E-02   3.06228343E-15   1.22971810E+03   1.22971810E+03   9.15574869E-19   1.22971810E+03   1.22971810E+03
   8.92000000E-02   2.83535839E-15   1.21799141E+03   1.21799141E+03   9.06843873E-19   1.21799141E+03   1.21799141E+03
   8.94000000E-02   2.60994042E-15   1.20633724E+03   1.20633724E+03   8.98166865E-19   1.20633724E+03   1.20633724E+03
   8.96000000E-02   2.38601724E-15   1.19475500E+03   1.19475500E+03   8.89543417E-19   1.19475500E+03   1.19475500E+03
   8.98000000E-02   2.16357669E-15   1.18324413E+03   1.18324413E+03   8.80973105E-19   1.18324413E+03   1.18324413E+03
   9.00000000E-02   1.94260674E-15   1.17180407E+03   1.17180407E+03   8.72455509E-19   1.17180407E+03   1.17180407E+03
   9.02000000E-02   1.72309546E-15   1.16043425E+03   1.16043425E+03   8.63990215E-19   1.16043425E+03   1.16043425E+03
   9.04000000E-02   1.50503105E-15   1.14913412E+03   1.14913412E+03   8.55576810E-19   1.14913412E+03   1.14913412E+03
   9.06000000E-02   1.28840185E-15   1.13790314E+03   1.13790314E+03   8.47214888E-19   1.13790314E+03   1.13790314E+03
   9.08000000E-02   1.07319627E-15   1.12674077E+03   1.12674077E+03   8.38904045E-19   1.12674077E+03   1.12674077E+03
   9.10000000E-02   8.59402889E-16   1.11564647E+03   1.11564647E+03   8.30643882E-19   1.11564647E+03   1.11564647E+03
   9.12000000E-02   6.47010359E-16   1.10461970E+03   1.10461970E+03   8.22434003E-19   1.10461970E+03   1.10461970E+03
   9.14000000E-02   5.41285901E-16   1.09365994E+03   1.09365994E+03   8.14274017E-19   1.09365994E+03   1.09365994E+03
   9.16000000E-02   5.37615507E-16   1.08276668E+03   1.08276668E+03   8.06163537E-19   1.08276668E+03   1.08276668E+03
   9.18000000E-02   5.33966522E-16   1.07193939E+03   1.07193939E+03   7.98102177E-19   1.07193939E+03   1.07193939E+03
   9.20000000E-02   5.30338782E-16   1.06117756E+03   1.06117756E+03   7.90089559E-19   1.06117756E+03   1.06117756E+03
   9.22000000E-02   5.26732127E-16   1.05048069E+03   1.05048069E+03   7.82125305E-19   1.05048069E+03   1.05048069E+03
   9.24000000E-02   5.23146395E-16   1.03984828E+03   1.03984828E+03   7.74209043E-19   1.03984828E+03   1.03984828E+03
   9.26000000E-02   5.19581429E-16   1.02927984E+03   1.02927984E+03   7.66340403E-19   1.02927984E+03   1.02927984E+03
   9.28000000E-02   5.16037072E-16   1.01877486E+03   1.01877486E+03   7.58519020E-19   1.01877486E+03   1.01877486E+03
   9.30000000E-02   5.12513168E-16   1.00833287E+03   1.00833287E+03   7.50744531E-19   1.00833287E+03   1.00833287E+03
   9.32000000E-02   5.09009562E-16   9.97953381E+02   9.97953381E+02   7.43016578E-19   9.97953381E+02   9.97953381E+02
   9.34000000E-02   5.05526104E-16   9.87635917E+02   9.87635917E+02   7.35334806E-19   9.87635917E+02   9.87635917E+02
   9.36000000E-02   5.02062640E-16   9.77380006E+02   9.77380006E+02   7.27698862E-19   9.77380006E+02   9.77380006E+02
   9.38000000E-02   4.98619023E-16   9.67185180E+02   9.67185180E+02   7.20108398E-19   9.67185180E+02   9.67185180E+02
   9.40000000E-02   4.95195103E-16   9.57050975E+02   9.57050975E+02   7.12563068E-19   9.57050975E+02   9.57050975E+02
   9.42000000E-02   4.91790733E-16   9.46976932E+02   9.46976932E+02   7.05062532E-19   9.46976932E+02   9.46976932E+02
   9.44000000E-02   4.88405769E-16   9.36962596E+02   9.36962596E+02   6.97606450E-19   9.36962596E+02   9.36962596E+02
   9.46000000E-02   4.85040066E-16   9.27007516E+02   9.27007516E+02   6.90194487E-19   9.27007516E+02   9.27007516E+02
   9.48000000E-02   4.81693481E-16   9.17111245E+02   9.17111245E+02   6.82826310E-19   9.17111245E+02   9.17111245E+02
   9.50000000E-02   4.78365873E-16   9.07273343E+02   9.07273343E+02   6.75501590E-19   9.07273343E+02   9.07273343E+02
   9.52000000E-02   4.75057102E-16   8.97493371E+02   8.97493371E+02   6.68220002E-19   8.97493371E+02   8.97493371E+02
   9.54000000E-02   4.71767029E-16   8.87770895E+02   8.87770895E+02   6.60981222E-19   8.87770895E+02   8.87770895E+02
   9.56000000E-02   4.68495516E-16   8.78105485E+02   8.78105485E+02   6.53784930E-19   8.78105485E+02   8.78105485E+02
   9.58000000E-02   4.65242428E-16   8.68496715E+02   8.68496715E+02   6.46630809E-19   8.68496715E+02   8.68496715E+02
   9.60000000E-02   4.62007628E-16   8.58944165E+02   8.58944165E+02   6.39518545E-19   8.58944165E+02   8.58944165E+02
   9.62000000E-02   4.58790984E-16   8.49447415E+02   8.49447415E+02   6.32447827E-19   8.49447415E+02   8.49447415E+02
   9.64000000E-02   4.55592364E-16   8.40006052E+02   8.40006052E+02   6.25418348E-19   8.40006052E+02   8.40006052E+02
   9.66000000E-02   4.52411634E-16   8.30619666E+02   8.30619666E+02   6.18429800E-19   8.30619666E+02   8.30619666E+02
   9.68000000E-02   4.49248667E-16   8.21287850E+02   8.21287850E+02   6.11481883E-19   8.21287850E+02   8.21287850E+02
   9.70000000E-02   4.46103332E-16   8.12010203E+02   8.12010203E+02   6.04574296E-19   8.12010203E+02   8.12010203E+02
   9.72000000E-02   4.42975502E-16   8.02786324E+02   8.02786324E+02   5.97706742E-19   8.02786324E+02   8.02786324E+02
   9.74000000E-02   4.39865051E-16   7.93615819E+02   7.93615819E+02   5.90878927E-19   7.93615819E+02   7.93615819E+02
   9.76000000E-02   4.36771852E-16   7.84498297E+02   7.84498297E+02   5.84090559E-19   7.84498297E+02   7.84498297E+02
   9.78000000E-02   4.33695783E-16   7.75433369E+02   7.75433369E+02   5.77341351E-19   7.75433369E+02   7.75433369E+02
   9.80000000E-02   4.30636719E-16   7.66420651E+02   7.66420651E+02   5.70631014E-19   7.66420651E+02   7.66420651E+02
   9.82000000E-02   4.27594539E-16   7.57459762E+02   7.57459762E+02   5.63959267E-19   7.57459762E+02   7.57459762E+02
   9.84000000E-02   4.24569122E-16   7.48550324E+02   7.48550324E+02   5.57325827E-19   7.48550324E+02   7.48550324E+02
   9.86000000E-02   4.21560347E-16   7.39691965E+02   7.39691965E+02   5.50730417E-19   7.39691965E+02   7.39691965E+02
   9.88000000E-02   4.18568097E-16   7.30884312E+02   7.30884312E+02   5.44172760E-19   7.30884312E+02   7.30884312E+02
   9.90000000E-02   4.15592253E-16   7.22126999E+02   7.22126999E+02   5.37652584E-19   7.22126999E+02   7.22126999E+02
   9.92000000E-02   4.12632699E-16   7.13419662E+02   7.13419662E+02   5.31169616E-19   7.13419662E+02   7.13419662E+02
   9.94000000E-02   4.09689320E-16   7.04761941E+02   7.04761941E+02   5.24723589E-19   7.04761941E+02   7.04761941E+02
   9.96000000E-02   4.06762000E-16   6.96153477E+02   6.96153477E+02   5.18314237E-19   6.96153477E+02   6.96153477E+02
   9.98000000E-02   4.03850627E-16   6.87593917E+02   6.87593917E+02   5.11941295E-19   6.87593917E+02   6.87593917E+02
   1.00000000E-01   4.00955087E-16   6.79082910E+02   6.79082910E+02   5.05604503E-19   6.79082910E+02   6.79082910E+02