# TBinMid=1.1515 ssec TBinWidth=0.1 ss EBinWidth=0.2MeV Fluence at Earth for this timebin in neutrinos per cm^2
# E(GeV)	NuE	NuMu	NuTau	aNuE	aNuMu	aNuTau
   1.38589050E-13   1.22172182E+18   1.25852503E+18   1.25852503E+18   8.09703708E+17   1.25852503E+18   1.25852503E+18
   2.00000000E-04   2.18459352E+09   2.25040233E+09   2.25040233E+09   1.44785289E+09   2.25040233E+09   2.25040233E+09
   4.00000000E-04   1.11428426E+09   1.14785102E+09   1.14785102E+09   7.38498800E+08   1.14785102E+09   1.14785102E+09
   6.00000000E-04   7.51430752E+08   7.74066890E+08   7.74066890E+08   4.98015387E+08   7.74066890E+08   7.74066890E+08
   8.00000000E-04   5.68135883E+08   5.85250437E+08   5.85250437E+08   3.76535577E+08   5.85250437E+08   5.85250437E+08
   1.00000000E-03   4.57340064E+08   4.71116999E+08   4.71116999E+08   3.03104961E+08   4.71116999E+08   4.71116999E+08
   1.20000000E-03   3.83044543E+08   3.94583396E+08   3.94583396E+08   2.53865144E+08   3.94583396E+08   3.94583396E+08
   1.40000000E-03   6.66345218E+08   4.76408780E+08   4.76408780E+08   3.00765590E+08   4.76408780E+08   4.76408780E+08
   1.60000000E-03   9.93833621E+08   5.30646925E+08   5.30646925E+08   3.31646273E+08   5.30646925E+08   5.30646925E+08
   1.80000000E-03   1.20548323E+09   5.87995785E+08   5.87995785E+08   3.66028545E+08   5.87995785E+08   5.87995785E+08
   2.00000000E-03   1.34423068E+09   8.76492568E+08   8.76492568E+08   5.50937990E+08   8.76492568E+08   8.76492568E+08
   2.20000000E-03   2.26113254E+09   1.08241849E+09   1.08241849E+09   6.83018400E+08   1.08241849E+09   1.08241849E+09
   2.40000000E-03   3.15751704E+09   1.23122754E+09   1.23122754E+09   7.78545750E+08   1.23122754E+09   1.23122754E+09
   2.60000000E-03   3.83579772E+09   1.33947320E+09   1.33947320E+09   8.48106520E+08   1.33947320E+09   1.33947320E+09
   2.80000000E-03   4.35376017E+09   1.71952241E+09   1.71952241E+09   1.24959698E+09   1.71952241E+09   1.71952241E+09
   3.00000000E-03   4.75164304E+09   2.04432394E+09   2.04432394E+09   1.59814540E+09   2.04432394E+09   2.04432394E+09
   3.20000000E-03   5.05813967E+09   2.30192737E+09   2.30192737E+09   1.87698624E+09   2.30192737E+09   2.30192737E+09
   3.40000000E-03   5.63329355E+09   2.50722851E+09   2.50722851E+09   2.10140577E+09   2.50722851E+09   2.50722851E+09
   3.60000000E-03   6.35549371E+09   2.67132065E+09   2.67132065E+09   2.28280944E+09   2.67132065E+09   2.67132065E+09
   3.80000000E-03   6.94863657E+09   2.80259619E+09   2.80259619E+09   2.42984242E+09   2.80259619E+09   2.80259619E+09
   4.00000000E-03   7.43725194E+09   3.07512632E+09   3.07512632E+09   2.85148382E+09   3.07512632E+09   3.07512632E+09
   4.20000000E-03   7.84047596E+09   3.34388711E+09   3.34388711E+09   3.28227725E+09   3.34388711E+09   3.34388711E+09
   4.40000000E-03   8.17340513E+09   3.56977467E+09   3.56977467E+09   3.64874370E+09   3.56977467E+09   3.56977467E+09
   4.60000000E-03   8.44806986E+09   3.75994985E+09   3.75994985E+09   3.96141430E+09   3.75994985E+09   3.75994985E+09
   4.80000000E-03   8.67414522E+09   3.92018800E+09   3.92018800E+09   4.22880293E+09   3.92018800E+09   3.92018800E+09
   5.00000000E-03   8.85947690E+09   4.05518615E+09   4.05518615E+09   4.45785077E+09   4.05518615E+09   4.05518615E+09
   5.20000000E-03   9.01047549E+09   4.16879373E+09   4.16879373E+09   4.65426055E+09   4.16879373E+09   4.16879373E+09
   5.40000000E-03   9.12722944E+09   4.26418763E+09   4.26418763E+09   4.82275063E+09   4.26418763E+09   4.26418763E+09
   5.60000000E-03   9.21541664E+09   4.34400672E+09   4.34400672E+09   4.96725043E+09   4.34400672E+09   4.34400672E+09
   5.80000000E-03   9.28348822E+09   4.45087467E+09   4.45087467E+09   5.20344398E+09   4.45087467E+09   4.45087467E+09
   6.00000000E-03   9.33437573E+09   4.55155704E+09   4.55155704E+09   5.43648000E+09   4.55155704E+09   4.55155704E+09
   6.20000000E-03   9.37054487E+09   4.63784034E+09   4.63784034E+09   5.64158165E+09   4.63784034E+09   4.63784034E+09
   6.40000000E-03   9.39407903E+09   4.71156071E+09   4.71156071E+09   5.82216143E+09   4.71156071E+09   4.71156071E+09
   6.60000000E-03   9.40674607E+09   4.77428823E+09   4.77428823E+09   5.98114713E+09   4.77428823E+09   4.77428823E+09
   6.80000000E-03   9.41005204E+09   4.82737103E+09   4.82737103E+09   6.12106136E+09   4.82737103E+09   4.82737103E+09
   7.00000000E-03   9.40528462E+09   4.87197121E+09   4.87197121E+09   6.24408628E+09   4.87197121E+09   4.87197121E+09
   7.20000000E-03   9.39354855E+09   4.90909421E+09   4.90909421E+09   6.35211661E+09   4.90909421E+09   4.90909421E+09
   7.40000000E-03   9.37579456E+09   4.93961287E+09   4.93961287E+09   6.44680322E+09   4.93961287E+09   4.93961287E+09
   7.60000000E-03   9.35284327E+09   4.96428738E+09   4.96428738E+09   6.52958934E+09   4.96428738E+09   4.96428738E+09
   7.80000000E-03   9.32540489E+09   4.98378183E+09   4.98378183E+09   6.60174056E+09   4.98378183E+09   4.98378183E+09
   8.00000000E-03   9.29409562E+09   4.99867802E+09   4.99867802E+09   6.66436998E+09   4.99867802E+09   4.99867802E+09
   8.20000000E-03   9.25945132E+09   5.00948702E+09   5.00948702E+09   6.71845930E+09   5.00948702E+09   5.00948702E+09
   8.40000000E-03   9.22193899E+09   4.99774363E+09   4.99774363E+09   6.73851885E+09   4.99774363E+09   4.99774363E+09
   8.60000000E-03   9.12310586E+09   4.97256673E+09   4.97256673E+09   6.73745885E+09   4.97256673E+09   4.97256673E+09
   8.80000000E-03   8.95058188E+09   4.94648853E+09   4.94648853E+09   6.73294989E+09   4.94648853E+09   4.94648853E+09
   9.00000000E-03   8.78496050E+09   4.91965902E+09   4.91965902E+09   6.72537559E+09   4.91965902E+09   4.91965902E+09
   9.20000000E-03   8.62582445E+09   4.89220935E+09   4.89220935E+09   6.71507633E+09   4.89220935E+09   4.89220935E+09
   9.40000000E-03   8.47278991E+09   4.86425434E+09   4.86425434E+09   6.70235462E+09   4.86425434E+09   4.86425434E+09
   9.60000000E-03   8.32550316E+09   4.83589456E+09   4.83589456E+09   6.68747981E+09   4.83589456E+09   4.83589456E+09
   9.80000000E-03   8.18363770E+09   4.80721821E+09   4.80721821E+09   6.67069213E+09   4.80721821E+09   4.80721821E+09
   1.00000000E-02   8.04689162E+09   4.77830265E+09   4.77830265E+09   6.65220615E+09   4.77830265E+09   4.77830265E+09
   1.02000000E-02   7.91498536E+09   4.74921579E+09   4.74921579E+09   6.63221378E+09   4.74921579E+09   4.74921579E+09
   1.04000000E-02   7.78765961E+09   4.72001723E+09   4.72001723E+09   6.61088694E+09   4.72001723E+09   4.72001723E+09
   1.06000000E-02   7.66467350E+09   4.69075929E+09   4.69075929E+09   6.58837977E+09   4.69075929E+09   4.69075929E+09
   1.08000000E-02   7.54580302E+09   4.66148787E+09   4.66148787E+09   6.56483071E+09   4.66148787E+09   4.66148787E+09
   1.10000000E-02   7.43083951E+09   4.63224324E+09   4.63224324E+09   6.54036415E+09   4.63224324E+09   4.63224324E+09
   1.12000000E-02   7.31958838E+09   4.60306069E+09   4.60306069E+09   6.51509203E+09   4.60306069E+09   4.60306069E+09
   1.14000000E-02   7.21186792E+09   4.57397112E+09   4.57397112E+09   6.48911517E+09   4.57397112E+09   4.57397112E+09
   1.16000000E-02   7.10750827E+09   4.54500156E+09   4.54500156E+09   6.46252441E+09   4.54500156E+09   4.54500156E+09
   1.18000000E-02   7.00635041E+09   4.51617557E+09   4.51617557E+09   6.43540172E+09   4.51617557E+09   4.51617557E+09
   1.20000000E-02   6.90824537E+09   4.48751369E+09   4.48751369E+09   6.40782107E+09   4.48751369E+09   4.48751369E+09
   1.22000000E-02   6.81305337E+09   4.44880545E+09   4.44880545E+09   6.36150448E+09   4.44880545E+09   4.44880545E+09
   1.24000000E-02   6.72064319E+09   4.38130599E+09   4.38130599E+09   6.26305061E+09   4.38130599E+09   4.38130599E+09
   1.26000000E-02   6.63089144E+09   4.31588235E+09   4.31588235E+09   6.16765691E+09   4.31588235E+09   4.31588235E+09
   1.28000000E-02   6.54368205E+09   4.25243932E+09   4.25243932E+09   6.07518193E+09   4.25243932E+09   4.25243932E+09
   1.30000000E-02   6.45890569E+09   4.19088743E+09   4.19088743E+09   5.98549289E+09   4.19088743E+09   4.19088743E+09
   1.32000000E-02   6.37645930E+09   4.13114256E+09   4.13114256E+09   5.89846493E+09   4.13114256E+09   4.13114256E+09
   1.34000000E-02   6.29624563E+09   4.07312551E+09   4.07312551E+09   5.81398058E+09   4.07312551E+09   4.07312551E+09
   1.36000000E-02   6.21817284E+09   4.01676169E+09   4.01676169E+09   5.73192921E+09   4.01676169E+09   4.01676169E+09
   1.38000000E-02   6.09863496E+09   3.96198073E+09   3.96198073E+09   5.65220652E+09   3.96198073E+09   3.96198073E+09
   1.40000000E-02   5.94437709E+09   3.90871626E+09   3.90871626E+09   5.57471413E+09   3.90871626E+09   3.90871626E+09
   1.42000000E-02   5.79540339E+09   3.85690555E+09   3.85690555E+09   5.49935913E+09   3.85690555E+09   3.85690555E+09
   1.44000000E-02   5.65146780E+09   3.80648932E+09   3.80648932E+09   5.42605370E+09   3.80648932E+09   3.80648932E+09
   1.46000000E-02   5.51233878E+09   3.75741147E+09   3.75741147E+09   5.35471482E+09   3.75741147E+09   3.75741147E+09
   1.48000000E-02   5.37779829E+09   3.70961891E+09   3.70961891E+09   5.28526387E+09   3.70961891E+09   3.70961891E+09
   1.50000000E-02   5.24764086E+09   3.66306129E+09   3.66306129E+09   5.21762641E+09   3.66306129E+09   3.66306129E+09
   1.52000000E-02   5.12167268E+09   3.61769093E+09   3.61769093E+09   5.15173186E+09   3.61769093E+09   3.61769093E+09
   1.54000000E-02   4.99971081E+09   3.57346252E+09   3.57346252E+09   5.08751326E+09   3.57346252E+09   3.57346252E+09
   1.56000000E-02   4.88158246E+09   3.53033309E+09   3.53033309E+09   5.02490706E+09   3.53033309E+09   3.53033309E+09
   1.58000000E-02   4.76712428E+09   3.48826179E+09   3.48826179E+09   4.96385290E+09   3.48826179E+09   3.48826179E+09
   1.60000000E-02   4.65618176E+09   3.44720976E+09   3.44720976E+09   4.90429339E+09   3.44720976E+09   3.44720976E+09
   1.62000000E-02   4.54860863E+09   3.40714006E+09   3.40714006E+09   4.84617394E+09   3.40714006E+09   3.40714006E+09
   1.64000000E-02   4.44426635E+09   3.36801752E+09   3.36801752E+09   4.78944263E+09   3.36801752E+09   3.36801752E+09
   1.66000000E-02   4.34302359E+09   3.32980860E+09   3.32980860E+09   4.73404997E+09   3.32980860E+09   3.32980860E+09
   1.68000000E-02   4.24475582E+09   3.29248139E+09   3.29248139E+09   4.67994883E+09   3.29248139E+09   3.29248139E+09
   1.70000000E-02   4.14934483E+09   3.25600540E+09   3.25600540E+09   4.62709427E+09   3.25600540E+09   3.25600540E+09
   1.72000000E-02   4.05667837E+09   3.22035158E+09   3.22035158E+09   4.57544341E+09   3.22035158E+09   3.22035158E+09
   1.74000000E-02   3.96664979E+09   3.18549216E+09   3.18549216E+09   4.52495533E+09   3.18549216E+09   3.18549216E+09
   1.76000000E-02   3.87915769E+09   3.15140065E+09   3.15140065E+09   4.47559093E+09   3.15140065E+09   3.15140065E+09
   1.78000000E-02   3.79410561E+09   3.11805169E+09   3.11805169E+09   4.42731289E+09   3.11805169E+09   3.11805169E+09
   1.80000000E-02   3.71140175E+09   3.06277310E+09   3.06277310E+09   4.34284683E+09   3.06277310E+09   3.06277310E+09
   1.82000000E-02   3.63095868E+09   3.00457499E+09   3.00457499E+09   4.25349915E+09   3.00457499E+09   3.00457499E+09
   1.84000000E-02   3.55269309E+09   2.94790736E+09   2.94790736E+09   4.16654378E+09   2.94790736E+09   2.94790736E+09
   1.86000000E-02   3.47652557E+09   2.89271517E+09   2.89271517E+09   4.08189393E+09   2.89271517E+09   2.89271517E+09
   1.88000000E-02   3.40238039E+09   2.83894588E+09   2.83894588E+09   3.99946680E+09   2.83894588E+09   2.83894588E+09
   1.90000000E-02   3.33018526E+09   2.78654936E+09   2.78654936E+09   3.91918336E+09   2.78654936E+09   2.78654936E+09
   1.92000000E-02   3.25987118E+09   2.73547772E+09   2.73547772E+09   3.84096817E+09   2.73547772E+09   2.73547772E+09
   1.94000000E-02   3.19137225E+09   2.68568520E+09   2.68568520E+09   3.76474915E+09   2.68568520E+09   2.68568520E+09
   1.96000000E-02   3.12462548E+09   2.63712806E+09   2.63712806E+09   3.69045739E+09   2.63712806E+09   2.63712806E+09
   1.98000000E-02   3.05957065E+09   2.58976444E+09   2.58976444E+09   3.61802702E+09   2.58976444E+09   2.58976444E+09
   2.00000000E-02   2.99615016E+09   2.54355431E+09   2.54355431E+09   3.54739503E+09   2.54355431E+09   2.54355431E+09
   2.02000000E-02   2.93430892E+09   2.49845936E+09   2.49845936E+09   3.47850111E+09   2.49845936E+09   2.49845936E+09
   2.04000000E-02   2.87399415E+09   2.45444287E+09   2.45444287E+09   3.41128752E+09   2.45444287E+09   2.45444287E+09
   2.06000000E-02   2.81515534E+09   2.41146968E+09   2.41146968E+09   3.34569894E+09   2.41146968E+09   2.41146968E+09
   2.08000000E-02   2.75774408E+09   2.36950608E+09   2.36950608E+09   3.28168238E+09   2.36950608E+09   2.36950608E+09
   2.10000000E-02   2.70171395E+09   2.32851976E+09   2.32851976E+09   3.21918704E+09   2.32851976E+09   2.32851976E+09
   2.12000000E-02   2.64702049E+09   2.28847972E+09   2.28847972E+09   3.15816419E+09   2.28847972E+09   2.28847972E+09
   2.14000000E-02   2.59362100E+09   2.24935620E+09   2.24935620E+09   3.09856710E+09   2.24935620E+09   2.24935620E+09
   2.16000000E-02   2.54147454E+09   2.21112065E+09   2.21112065E+09   3.04035089E+09   2.21112065E+09   2.21112065E+09
   2.18000000E-02   2.49054180E+09   2.17374564E+09   2.17374564E+09   2.98347251E+09   2.17374564E+09   2.17374564E+09
   2.20000000E-02   2.44078503E+09   2.13720484E+09   2.13720484E+09   2.92789058E+09   2.13720484E+09   2.13720484E+09
   2.22000000E-02   2.38788568E+09   2.10147291E+09   2.10147291E+09   2.87356536E+09   2.10147291E+09   2.10147291E+09
   2.24000000E-02   2.33555295E+09   2.06652551E+09   2.06652551E+09   2.82045865E+09   2.06652551E+09   2.06652551E+09
   2.26000000E-02   2.28441971E+09   2.03233925E+09   2.03233925E+09   2.76853373E+09   2.03233925E+09   2.03233925E+09
   2.28000000E-02   2.23444959E+09   1.99889159E+09   1.99889159E+09   2.71775527E+09   1.99889159E+09   1.99889159E+09
   2.30000000E-02   2.18560766E+09   1.96616086E+09   1.96616086E+09   2.66808928E+09   1.96616086E+09   1.96616086E+09
   2.32000000E-02   2.13786029E+09   1.93412620E+09   1.93412620E+09   2.61950307E+09   1.93412620E+09   1.93412620E+09
   2.34000000E-02   2.09117511E+09   1.90276753E+09   1.90276753E+09   2.57196512E+09   1.90276753E+09   1.90276753E+09
   2.36000000E-02   2.04552098E+09   1.87206548E+09   1.87206548E+09   2.52544513E+09   1.87206548E+09   1.87206548E+09
   2.38000000E-02   2.00086788E+09   1.84200142E+09   1.84200142E+09   2.47991388E+09   1.84200142E+09   1.84200142E+09
   2.40000000E-02   1.95718690E+09   1.81255736E+09   1.81255736E+09   2.43534320E+09   1.81255736E+09   1.81255736E+09
   2.42000000E-02   1.91445021E+09   1.78371597E+09   1.78371597E+09   2.39170598E+09   1.78371597E+09   1.78371597E+09
   2.44000000E-02   1.87263094E+09   1.75546055E+09   1.75546055E+09   2.34897604E+09   1.75546055E+09   1.75546055E+09
   2.46000000E-02   1.83170320E+09   1.72777497E+09   1.72777497E+09   2.30712814E+09   1.72777497E+09   1.72777497E+09
   2.48000000E-02   1.79164204E+09   1.70064367E+09   1.70064367E+09   2.26613794E+09   1.70064367E+09   1.70064367E+09
   2.50000000E-02   1.75242336E+09   1.67405162E+09   1.67405162E+09   2.22598195E+09   1.67405162E+09   1.67405162E+09
   2.52000000E-02   1.71402392E+09   1.64798434E+09   1.64798434E+09   2.18663747E+09   1.64798434E+09   1.64798434E+09
   2.54000000E-02   1.67642128E+09   1.62242780E+09   1.62242780E+09   2.14808260E+09   1.62242780E+09   1.62242780E+09
   2.56000000E-02   1.63959378E+09   1.59736848E+09   1.59736848E+09   2.11029621E+09   1.59736848E+09   1.59736848E+09
   2.58000000E-02   1.60352048E+09   1.57279331E+09   1.57279331E+09   2.07325784E+09   1.57279331E+09   1.57279331E+09
   2.60000000E-02   1.56818119E+09   1.54868965E+09   1.54868965E+09   2.03694775E+09   1.54868965E+09   1.54868965E+09
   2.62000000E-02   1.53355636E+09   1.52433080E+09   1.52433080E+09   2.00066388E+09   1.52433080E+09   1.52433080E+09
   2.64000000E-02   1.49962713E+09   1.49559900E+09   1.49559900E+09   1.96062543E+09   1.49559900E+09   1.49559900E+09
   2.66000000E-02   1.46637523E+09   1.46742797E+09   1.46742797E+09   1.92137544E+09   1.46742797E+09   1.46742797E+09
   2.68000000E-02   1.43378301E+09   1.43980325E+09   1.43980325E+09   1.88289348E+09   1.43980325E+09   1.43980325E+09
   2.70000000E-02   1.40183342E+09   1.41271083E+09   1.41271083E+09   1.84515980E+09   1.41271083E+09   1.41271083E+09
   2.72000000E-02   1.37050992E+09   1.38613718E+09   1.38613718E+09   1.80815529E+09   1.38613718E+09   1.38613718E+09
   2.74000000E-02   1.33979655E+09   1.36006918E+09   1.36006918E+09   1.77186144E+09   1.36006918E+09   1.36006918E+09
   2.76000000E-02   1.30967782E+09   1.33449413E+09   1.33449413E+09   1.73626033E+09   1.33449413E+09   1.33449413E+09
   2.78000000E-02   1.28013876E+09   1.30939976E+09   1.30939976E+09   1.70133464E+09   1.30939976E+09   1.30939976E+09
   2.80000000E-02   1.25116486E+09   1.28477414E+09   1.28477414E+09   1.66706756E+09   1.28477414E+09   1.28477414E+09
   2.82000000E-02   1.22274208E+09   1.26060577E+09   1.26060577E+09   1.63344282E+09   1.26060577E+09   1.26060577E+09
   2.84000000E-02   1.19485681E+09   1.23688345E+09   1.23688345E+09   1.60044466E+09   1.23688345E+09   1.23688345E+09
   2.86000000E-02   1.16749585E+09   1.21359635E+09   1.21359635E+09   1.56805780E+09   1.21359635E+09   1.21359635E+09
   2.88000000E-02   1.14064643E+09   1.19073399E+09   1.19073399E+09   1.53626744E+09   1.19073399E+09   1.19073399E+09
   2.90000000E-02   1.11429616E+09   1.16828617E+09   1.16828617E+09   1.50505921E+09   1.16828617E+09   1.16828617E+09
   2.92000000E-02   1.08843301E+09   1.14624303E+09   1.14624303E+09   1.47441919E+09   1.14624303E+09   1.14624303E+09
   2.94000000E-02   1.06304535E+09   1.12459499E+09   1.12459499E+09   1.44433388E+09   1.12459499E+09   1.12459499E+09
   2.96000000E-02   1.03812185E+09   1.10333275E+09   1.10333275E+09   1.41479018E+09   1.10333275E+09   1.10333275E+09
   2.98000000E-02   1.01365157E+09   1.08244731E+09   1.08244731E+09   1.38577538E+09   1.08244731E+09   1.08244731E+09
   3.00000000E-02   9.89623853E+08   1.06192992E+09   1.06192992E+09   1.35727713E+09   1.06192992E+09   1.06192992E+09
   3.02000000E-02   9.66028377E+08   1.04177207E+09   1.04177207E+09   1.32928348E+09   1.04177207E+09   1.04177207E+09
   3.04000000E-02   9.42855115E+08   1.02196552E+09   1.02196552E+09   1.30178278E+09   1.02196552E+09   1.02196552E+09
   3.06000000E-02   9.20094332E+08   1.00250226E+09   1.00250226E+09   1.27476375E+09   1.00250226E+09   1.00250226E+09
   3.08000000E-02   8.97736575E+08   9.83374517E+08   9.83374517E+08   1.24821542E+09   9.83374517E+08   9.83374517E+08
   3.10000000E-02   8.75772661E+08   9.64574724E+08   9.64574724E+08   1.22212715E+09   9.64574724E+08   9.64574724E+08
   3.12000000E-02   8.54193670E+08   9.46095541E+08   9.46095541E+08   1.19648859E+09   9.46095541E+08   9.46095541E+08
   3.14000000E-02   8.32990935E+08   9.27929830E+08   9.27929830E+08   1.17128967E+09   9.27929830E+08   9.27929830E+08
   3.16000000E-02   8.12156032E+08   9.10070654E+08   9.10070654E+08   1.14652063E+09   9.10070654E+08   9.10070654E+08
   3.18000000E-02   7.91680775E+08   8.92511270E+08   8.92511270E+08   1.12217196E+09   8.92511270E+08   8.92511270E+08
   3.20000000E-02   7.71557204E+08   8.75245119E+08   8.75245119E+08   1.09823442E+09   8.75245119E+08   8.75245119E+08
   3.22000000E-02   7.51777581E+08   8.58265825E+08   8.58265825E+08   1.07469904E+09   8.58265825E+08   8.58265825E+08
   3.24000000E-02   7.32334379E+08   8.41567185E+08   8.41567185E+08   1.05155707E+09   8.41567185E+08   8.41567185E+08
   3.26000000E-02   7.13220279E+08   8.25143164E+08   8.25143164E+08   1.02880001E+09   8.25143164E+08   8.25143164E+08
   3.28000000E-02   6.94428159E+08   8.08987892E+08   8.08987892E+08   1.00641961E+09   8.08987892E+08   8.08987892E+08
   3.30000000E-02   6.75951092E+08   7.93095654E+08   7.93095654E+08   9.84407800E+08   7.93095654E+08   7.93095654E+08
   3.32000000E-02   6.57782335E+08   7.77460890E+08   7.77460890E+08   9.62756766E+08   7.77460890E+08   7.77460890E+08
   3.34000000E-02   6.39915326E+08   7.62078186E+08   7.62078186E+08   9.41458879E+08   7.62078186E+08   7.62078186E+08
   3.36000000E-02   6.22343680E+08   7.46942272E+08   7.46942272E+08   9.20506722E+08   7.46942272E+08   7.46942272E+08
   3.38000000E-02   6.05061176E+08   7.32048016E+08   7.32048016E+08   8.99893068E+08   7.32048016E+08   7.32048016E+08
   3.40000000E-02   5.88061760E+08   7.17390420E+08   7.17390420E+08   8.79610881E+08   7.17390420E+08   7.17390420E+08
   3.42000000E-02   5.71339535E+08   7.02964615E+08   7.02964615E+08   8.59653310E+08   7.02964615E+08   7.02964615E+08
   3.44000000E-02   5.54888759E+08   6.88765858E+08   6.88765858E+08   8.40013679E+08   6.88765858E+08   6.88765858E+08
   3.46000000E-02   5.38703836E+08   6.74789530E+08   6.74789530E+08   8.20685485E+08   6.74789530E+08   6.74789530E+08
   3.48000000E-02   5.22779315E+08   6.61031126E+08   6.61031126E+08   8.01662390E+08   6.61031126E+08   6.61031126E+08
   3.50000000E-02   5.07109884E+08   6.47486259E+08   6.47486259E+08   7.82938220E+08   6.47486259E+08   6.47486259E+08
   3.52000000E-02   4.91690369E+08   6.34150650E+08   6.34150650E+08   7.64506956E+08   6.34150650E+08   6.34150650E+08
   3.54000000E-02   4.76515721E+08   6.21020130E+08   6.21020130E+08   7.46362729E+08   6.21020130E+08   6.21020130E+08
   3.56000000E-02   4.67648559E+08   6.08090631E+08   6.08090631E+08   7.28499821E+08   6.08090631E+08   6.08090631E+08
   3.58000000E-02   4.60135523E+08   5.95358190E+08   5.95358190E+08   7.10912652E+08   5.95358190E+08   5.95358190E+08
   3.60000000E-02   4.52733115E+08   5.82818939E+08   5.82818939E+08   6.93595784E+08   5.82818939E+08   5.82818939E+08
   3.62000000E-02   4.45439201E+08   5.70469106E+08   5.70469106E+08   6.76543911E+08   5.70469106E+08   5.70469106E+08
   3.64000000E-02   4.38251701E+08   5.58305012E+08   5.58305012E+08   6.59751858E+08   5.58305012E+08   5.58305012E+08
   3.66000000E-02   4.31168583E+08   5.46323065E+08   5.46323065E+08   6.43214576E+08   5.46323065E+08   5.46323065E+08
   3.68000000E-02   4.24187867E+08   5.34519764E+08   5.34519764E+08   6.26927139E+08   5.34519764E+08   5.34519764E+08
   3.70000000E-02   4.17307617E+08   5.22891690E+08   5.22891690E+08   6.10884740E+08   5.22891690E+08   5.22891690E+08
   3.72000000E-02   4.10525945E+08   5.11435504E+08   5.11435504E+08   5.95082687E+08   5.11435504E+08   5.11435504E+08
   3.74000000E-02   4.03841008E+08   5.00147951E+08   5.00147951E+08   5.79516401E+08   5.00147951E+08   5.00147951E+08
   3.76000000E-02   3.97251003E+08   4.89025849E+08   4.89025849E+08   5.64181410E+08   4.89025849E+08   4.89025849E+08
   3.78000000E-02   3.90754175E+08   4.78066094E+08   4.78066094E+08   5.49073351E+08   4.78066094E+08   4.78066094E+08
   3.80000000E-02   3.84348804E+08   4.67265654E+08   4.67265654E+08   5.34187960E+08   4.67265654E+08   4.67265654E+08
   3.82000000E-02   3.78033215E+08   4.56621567E+08   4.56621567E+08   5.19521077E+08   4.56621567E+08   4.56621567E+08
   3.84000000E-02   3.71805767E+08   4.46150788E+08   4.46150788E+08   5.05105596E+08   4.46150788E+08   4.46150788E+08
   3.86000000E-02   3.65664860E+08   4.38768112E+08   4.38768112E+08   4.96242113E+08   4.38768112E+08   4.38768112E+08
   3.88000000E-02   3.59608929E+08   4.31825500E+08   4.31825500E+08   4.88108377E+08   4.31825500E+08   4.31825500E+08
   3.90000000E-02   3.53636446E+08   4.24978038E+08   4.24978038E+08   4.80086584E+08   4.24978038E+08   4.24978038E+08
   3.92000000E-02   3.47745915E+08   4.18224025E+08   4.18224025E+08   4.72174730E+08   4.18224025E+08   4.18224025E+08
   3.94000000E-02   3.41935877E+08   4.11561799E+08   4.11561799E+08   4.64370858E+08   4.11561799E+08   4.11561799E+08
   3.96000000E-02   3.36204903E+08   4.04989737E+08   4.04989737E+08   4.56673052E+08   4.04989737E+08   4.04989737E+08
   3.98000000E-02   3.30551596E+08   3.98506248E+08   3.98506248E+08   4.49079441E+08   3.98506248E+08   3.98506248E+08
   4.00000000E-02   3.24974592E+08   3.92109781E+08   3.92109781E+08   4.41588192E+08   3.92109781E+08   3.92109781E+08
   4.02000000E-02   3.19472556E+08   3.85798815E+08   3.85798815E+08   4.34197518E+08   3.85798815E+08   3.85798815E+08
   4.04000000E-02   3.14044182E+08   3.79571866E+08   3.79571866E+08   4.26905666E+08   3.79571866E+08   3.79571866E+08
   4.06000000E-02   3.08688192E+08   3.73427481E+08   3.73427481E+08   4.19710925E+08   3.73427481E+08   3.73427481E+08
   4.08000000E-02   3.03403337E+08   3.67364236E+08   3.67364236E+08   4.12611619E+08   3.67364236E+08   3.67364236E+08
   4.10000000E-02   2.98188396E+08   3.61380742E+08   3.61380742E+08   4.05606108E+08   3.61380742E+08   3.61380742E+08
   4.12000000E-02   2.93042172E+08   3.55475638E+08   3.55475638E+08   3.98692791E+08   3.55475638E+08   3.55475638E+08
   4.14000000E-02   2.87963495E+08   3.49647592E+08   3.49647592E+08   3.91870096E+08   3.49647592E+08   3.49647592E+08
   4.16000000E-02   2.82951219E+08   3.43895301E+08   3.43895301E+08   3.85136490E+08   3.43895301E+08   3.43895301E+08
   4.18000000E-02   2.78004225E+08   3.38217488E+08   3.38217488E+08   3.78490468E+08   3.38217488E+08   3.38217488E+08
   4.20000000E-02   2.73121414E+08   3.32612906E+08   3.32612906E+08   3.71930560E+08   3.32612906E+08   3.32612906E+08
   4.22000000E-02   2.68301713E+08   3.27080333E+08   3.27080333E+08   3.65455325E+08   3.27080333E+08   3.27080333E+08
   4.24000000E-02   2.63544070E+08   3.21618570E+08   3.21618570E+08   3.59063354E+08   3.21618570E+08   3.21618570E+08
   4.26000000E-02   2.58847456E+08   3.16226447E+08   3.16226447E+08   3.52753266E+08   3.16226447E+08   3.16226447E+08
   4.28000000E-02   2.54210863E+08   3.10902817E+08   3.10902817E+08   3.46523709E+08   3.10902817E+08   3.10902817E+08
   4.30000000E-02   2.49633303E+08   3.05646555E+08   3.05646555E+08   3.40373360E+08   3.05646555E+08   3.05646555E+08
   4.32000000E-02   2.45113811E+08   3.00456561E+08   3.00456561E+08   3.34300922E+08   3.00456561E+08   3.00456561E+08
   4.34000000E-02   2.40651438E+08   2.95331758E+08   2.95331758E+08   3.28305125E+08   2.95331758E+08   2.95331758E+08
   4.36000000E-02   2.36245258E+08   2.90271088E+08   2.90271088E+08   3.22384726E+08   2.90271088E+08   2.90271088E+08
   4.38000000E-02   2.31894361E+08   2.85273518E+08   2.85273518E+08   3.16538505E+08   2.85273518E+08   2.85273518E+08
   4.40000000E-02   2.27597857E+08   2.80338034E+08   2.80338034E+08   3.10765269E+08   2.80338034E+08   2.80338034E+08
   4.42000000E-02   2.23354874E+08   2.75463643E+08   2.75463643E+08   3.05063848E+08   2.75463643E+08   2.75463643E+08
   4.44000000E-02   2.19164557E+08   2.70649371E+08   2.70649371E+08   2.99433095E+08   2.70649371E+08   2.70649371E+08
   4.46000000E-02   2.15026069E+08   2.65894265E+08   2.65894265E+08   2.93871887E+08   2.65894265E+08   2.65894265E+08
   4.48000000E-02   2.10938587E+08   2.61197390E+08   2.61197390E+08   2.88379123E+08   2.61197390E+08   2.61197390E+08
   4.50000000E-02   2.06901308E+08   2.56557830E+08   2.56557830E+08   2.82953724E+08   2.56557830E+08   2.56557830E+08
   4.52000000E-02   2.02913443E+08   2.51974686E+08   2.51974686E+08   2.77594632E+08   2.51974686E+08   2.51974686E+08
   4.54000000E-02   1.98974218E+08   2.47447078E+08   2.47447078E+08   2.72300810E+08   2.47447078E+08   2.47447078E+08
   4.56000000E-02   1.95082874E+08   2.42974142E+08   2.42974142E+08   2.67071240E+08   2.42974142E+08   2.42974142E+08
   4.58000000E-02   1.91238670E+08   2.38555032E+08   2.38555032E+08   2.61904926E+08   2.38555032E+08   2.38555032E+08
   4.60000000E-02   1.87440875E+08   2.34188918E+08   2.34188918E+08   2.56800890E+08   2.34188918E+08   2.34188918E+08
   4.62000000E-02   1.83688775E+08   2.29874986E+08   2.29874986E+08   2.51758174E+08   2.29874986E+08   2.29874986E+08
   4.64000000E-02   1.79981668E+08   2.25612436E+08   2.25612436E+08   2.46775837E+08   2.25612436E+08   2.25612436E+08
   4.66000000E-02   1.76318868E+08   2.21400486E+08   2.21400486E+08   2.41852957E+08   2.21400486E+08   2.21400486E+08
   4.68000000E-02   1.72699699E+08   2.17238368E+08   2.17238368E+08   2.36988630E+08   2.17238368E+08   2.17238368E+08
   4.70000000E-02   1.69123499E+08   2.13125328E+08   2.13125328E+08   2.32181967E+08   2.13125328E+08   2.13125328E+08
   4.72000000E-02   1.65589621E+08   2.09060627E+08   2.09060627E+08   2.27432099E+08   2.09060627E+08   2.09060627E+08
   4.74000000E-02   1.62097426E+08   2.05043539E+08   2.05043539E+08   2.22738171E+08   2.05043539E+08   2.05043539E+08
   4.76000000E-02   1.58646290E+08   2.01073353E+08   2.01073353E+08   2.18099345E+08   2.01073353E+08   2.01073353E+08
   4.78000000E-02   1.55235600E+08   1.97149370E+08   1.97149370E+08   2.13514799E+08   1.97149370E+08   1.97149370E+08
   4.80000000E-02   1.51864754E+08   1.93270904E+08   1.93270904E+08   2.08983725E+08   1.93270904E+08   1.93270904E+08
   4.82000000E-02   1.48533161E+08   1.89437283E+08   1.89437283E+08   2.04505332E+08   1.89437283E+08   1.89437283E+08
   4.84000000E-02   1.45240242E+08   1.85647846E+08   1.85647846E+08   2.00078842E+08   1.85647846E+08   1.85647846E+08
   4.86000000E-02   1.41985428E+08   1.81901946E+08   1.81901946E+08   1.95703493E+08   1.81901946E+08   1.81901946E+08
   4.88000000E-02   1.38768160E+08   1.78198946E+08   1.78198946E+08   1.91378534E+08   1.78198946E+08   1.78198946E+08
   4.90000000E-02   1.35587890E+08   1.74538221E+08   1.74538221E+08   1.87103230E+08   1.74538221E+08   1.74538221E+08
   4.92000000E-02   1.32444080E+08   1.70919158E+08   1.70919158E+08   1.82876861E+08   1.70919158E+08   1.70919158E+08
   4.94000000E-02   1.29336201E+08   1.67341155E+08   1.67341155E+08   1.78698716E+08   1.67341155E+08   1.67341155E+08
   4.96000000E-02   1.26263735E+08   1.63803621E+08   1.63803621E+08   1.74568100E+08   1.63803621E+08   1.63803621E+08
   4.98000000E-02   1.23226170E+08   1.60305975E+08   1.60305975E+08   1.70484329E+08   1.60305975E+08   1.60305975E+08
   5.00000000E-02   1.20223009E+08   1.56847646E+08   1.56847646E+08   1.66446731E+08   1.56847646E+08   1.56847646E+08
   5.02000000E-02   1.17253757E+08   1.53428074E+08   1.53428074E+08   1.62454649E+08   1.53428074E+08   1.53428074E+08
   5.04000000E-02   1.14317934E+08   1.50046711E+08   1.50046711E+08   1.58507433E+08   1.50046711E+08   1.50046711E+08
   5.06000000E-02   1.11415065E+08   1.46703014E+08   1.46703014E+08   1.54604448E+08   1.46703014E+08   1.46703014E+08
   5.08000000E-02   1.08544683E+08   1.43396453E+08   1.43396453E+08   1.50745070E+08   1.43396453E+08   1.43396453E+08
   5.10000000E-02   1.05706332E+08   1.40126508E+08   1.40126508E+08   1.46928684E+08   1.40126508E+08   1.40126508E+08
   5.12000000E-02   1.02899561E+08   1.36892664E+08   1.36892664E+08   1.43154688E+08   1.36892664E+08   1.36892664E+08
   5.14000000E-02   1.00123929E+08   1.33694420E+08   1.33694420E+08   1.39422489E+08   1.33694420E+08   1.33694420E+08
   5.16000000E-02   9.73790029E+07   1.30531280E+08   1.30531280E+08   1.35731504E+08   1.30531280E+08   1.30531280E+08
   5.18000000E-02   9.46643550E+07   1.27402758E+08   1.27402758E+08   1.32081162E+08   1.27402758E+08   1.27402758E+08
   5.20000000E-02   9.19795666E+07   1.24308376E+08   1.24308376E+08   1.28470901E+08   1.24308376E+08   1.24308376E+08
   5.22000000E-02   8.93242257E+07   1.21247666E+08   1.21247666E+08   1.24900168E+08   1.21247666E+08   1.21247666E+08
   5.24000000E-02   8.66979276E+07   1.18220165E+08   1.18220165E+08   1.21368419E+08   1.18220165E+08   1.18220165E+08
   5.26000000E-02   8.41002745E+07   1.15225420E+08   1.15225420E+08   1.17875123E+08   1.15225420E+08   1.15225420E+08
   5.28000000E-02   8.15308752E+07   1.12262986E+08   1.12262986E+08   1.14419753E+08   1.12262986E+08   1.12262986E+08
   5.30000000E-02   7.89893453E+07   1.09332423E+08   1.09332423E+08   1.11001794E+08   1.09332423E+08   1.09332423E+08
   5.32000000E-02   7.64753068E+07   1.06433302E+08   1.06433302E+08   1.07620739E+08   1.06433302E+08   1.06433302E+08
   5.34000000E-02   7.39883882E+07   1.03565198E+08   1.03565198E+08   1.04276090E+08   1.03565198E+08   1.03565198E+08
   5.36000000E-02   7.15282242E+07   1.00727695E+08   1.00727695E+08   1.00967356E+08   1.00727695E+08   1.00727695E+08
   5.38000000E-02   6.90944556E+07   9.79203838E+07   9.79203838E+07   9.76940566E+07   9.79203838E+07   9.79203838E+07
   5.40000000E-02   6.66867291E+07   9.51428613E+07   9.51428613E+07   9.44557168E+07   9.51428613E+07   9.51428613E+07
   5.42000000E-02   6.43046974E+07   9.23947315E+07   9.23947315E+07   9.12518709E+07   9.23947315E+07   9.23947315E+07
   5.44000000E-02   6.19480190E+07   8.96756050E+07   8.96756050E+07   8.80820609E+07   8.96756050E+07   8.96756050E+07
   5.46000000E-02   5.96163580E+07   8.69850988E+07   8.69850988E+07   8.49458361E+07   8.69850988E+07   8.69850988E+07
   5.48000000E-02   5.73093839E+07   8.43228361E+07   8.43228361E+07   8.18427532E+07   8.43228361E+07   8.43228361E+07
   5.50000000E-02   5.50267718E+07   8.16884464E+07   8.16884464E+07   7.87723763E+07   8.16884464E+07   8.16884464E+07
   5.52000000E-02   5.27682020E+07   7.90815650E+07   7.90815650E+07   7.57342766E+07   7.90815650E+07   7.90815650E+07
   5.54000000E-02   5.05333601E+07   7.65018335E+07   7.65018335E+07   7.27280321E+07   7.65018335E+07   7.65018335E+07
   5.56000000E-02   4.83219366E+07   7.39488990E+07   7.39488990E+07   6.97532280E+07   7.39488990E+07   7.39488990E+07
   5.58000000E-02   4.61336274E+07   7.14224144E+07   7.14224144E+07   6.68094559E+07   7.14224144E+07   7.14224144E+07
   5.60000000E-02   4.39681329E+07   6.89220383E+07   6.89220383E+07   6.38963141E+07   6.89220383E+07   6.89220383E+07
   5.62000000E-02   4.18251586E+07   6.64474346E+07   6.64474346E+07   6.10134074E+07   6.64474346E+07   6.64474346E+07
   5.64000000E-02   3.97044145E+07   6.41246192E+07   6.41246192E+07   5.83252172E+07   6.41246192E+07   6.41246192E+07
   5.66000000E-02   3.76056153E+07   6.33614279E+07   6.33614279E+07   5.75830457E+07   6.33614279E+07   6.33614279E+07
   5.68000000E-02   3.55284805E+07   6.26618268E+07   6.26618268E+07   5.69176830E+07   6.26618268E+07   6.26618268E+07
   5.70000000E-02   3.35857451E+07   6.19688042E+07   6.19688042E+07   5.62586099E+07   6.19688042E+07   6.19688042E+07
   5.72000000E-02   3.31599221E+07   6.12822794E+07   6.12822794E+07   5.56057490E+07   6.12822794E+07   6.12822794E+07
   5.74000000E-02   3.28081907E+07   6.06021730E+07   6.06021730E+07   5.49590242E+07   6.06021730E+07   6.06021730E+07
   5.76000000E-02   3.24597205E+07   5.99284068E+07   5.99284068E+07   5.43183607E+07   5.99284068E+07   5.99284068E+07
   5.78000000E-02   3.21144720E+07   5.92609038E+07   5.92609038E+07   5.36836847E+07   5.92609038E+07   5.92609038E+07
   5.80000000E-02   3.17724064E+07   5.85995883E+07   5.85995883E+07   5.30549235E+07   5.85995883E+07   5.85995883E+07
   5.82000000E-02   3.14334854E+07   5.79443855E+07   5.79443855E+07   5.24320057E+07   5.79443855E+07   5.79443855E+07
   5.84000000E-02   3.10976711E+07   5.72952219E+07   5.72952219E+07   5.18148607E+07   5.72952219E+07   5.72952219E+07
   5.86000000E-02   3.07649265E+07   5.66520252E+07   5.66520252E+07   5.12034192E+07   5.66520252E+07   5.66520252E+07
   5.88000000E-02   3.04352149E+07   5.60147240E+07   5.60147240E+07   5.05976129E+07   5.60147240E+07   5.60147240E+07
   5.90000000E-02   3.01085003E+07   5.53832481E+07   5.53832481E+07   4.99973745E+07   5.53832481E+07   5.53832481E+07
   5.92000000E-02   2.97847472E+07   5.47575283E+07   5.47575283E+07   4.94026377E+07   5.47575283E+07   5.47575283E+07
   5.94000000E-02   2.94639205E+07   5.41374963E+07   5.41374963E+07   4.88133372E+07   5.41374963E+07   5.41374963E+07
   5.96000000E-02   2.91459859E+07   5.35230852E+07   5.35230852E+07   4.82294086E+07   5.35230852E+07   5.35230852E+07
   5.98000000E-02   2.88309094E+07   5.29142287E+07   5.29142287E+07   4.76507887E+07   5.29142287E+07   5.29142287E+07
   6.00000000E-02   2.85186575E+07   5.23108618E+07   5.23108618E+07   4.70774151E+07   5.23108618E+07   5.23108618E+07
   6.02000000E-02   2.82091973E+07   5.17129201E+07   5.17129201E+07   4.65092261E+07   5.17129201E+07   5.17129201E+07
   6.04000000E-02   2.79024962E+07   5.11203404E+07   5.11203404E+07   4.59461612E+07   5.11203404E+07   5.11203404E+07
   6.06000000E-02   2.75985224E+07   5.05330604E+07   5.05330604E+07   4.53881607E+07   5.05330604E+07   5.05330604E+07
   6.08000000E-02   2.72972442E+07   4.99510187E+07   4.99510187E+07   4.48351658E+07   4.99510187E+07   4.99510187E+07
   6.10000000E-02   2.69986307E+07   4.93741548E+07   4.93741548E+07   4.42871185E+07   4.93741548E+07   4.93741548E+07
   6.12000000E-02   2.67026511E+07   4.88024089E+07   4.88024089E+07   4.37439617E+07   4.88024089E+07   4.88024089E+07
   6.14000000E-02   2.64092754E+07   4.82357224E+07   4.82357224E+07   4.32056391E+07   4.82357224E+07   4.82357224E+07
   6.16000000E-02   2.61184737E+07   4.76740373E+07   4.76740373E+07   4.26720951E+07   4.76740373E+07   4.76740373E+07
   6.18000000E-02   2.58302168E+07   4.71172965E+07   4.71172965E+07   4.21432752E+07   4.71172965E+07   4.71172965E+07
   6.20000000E-02   2.55444757E+07   4.65654438E+07   4.65654438E+07   4.16191254E+07   4.65654438E+07   4.65654438E+07
   6.22000000E-02   2.52612220E+07   4.60184236E+07   4.60184236E+07   4.10995925E+07   4.60184236E+07   4.60184236E+07
   6.24000000E-02   2.49804276E+07   4.54761812E+07   4.54761812E+07   4.05846242E+07   4.54761812E+07   4.54761812E+07
   6.26000000E-02   2.47020649E+07   4.49386629E+07   4.49386629E+07   4.00741689E+07   4.49386629E+07   4.49386629E+07
   6.28000000E-02   2.44261064E+07   4.44058153E+07   4.44058153E+07   3.95681757E+07   4.44058153E+07   4.44058153E+07
   6.30000000E-02   2.41525254E+07   4.38775862E+07   4.38775862E+07   3.90665945E+07   4.38775862E+07   4.38775862E+07
   6.32000000E-02   2.38812954E+07   4.33539239E+07   4.33539239E+07   3.85693757E+07   4.33539239E+07   4.33539239E+07
   6.34000000E-02   2.36123900E+07   4.28347774E+07   4.28347774E+07   3.80764705E+07   4.28347774E+07   4.28347774E+07
   6.36000000E-02   2.33457837E+07   4.23200965E+07   4.23200965E+07   3.75878310E+07   4.23200965E+07   4.23200965E+07
   6.38000000E-02   2.30814509E+07   4.18098318E+07   4.18098318E+07   3.71034096E+07   4.18098318E+07   4.18098318E+07
   6.40000000E-02   2.28193667E+07   4.13039344E+07   4.13039344E+07   3.66231597E+07   4.13039344E+07   4.13039344E+07
   6.42000000E-02   2.25595061E+07   4.08023562E+07   4.08023562E+07   3.61470352E+07   4.08023562E+07   4.08023562E+07
   6.44000000E-02   2.23018450E+07   4.03050497E+07   4.03050497E+07   3.56749905E+07   4.03050497E+07   4.03050497E+07
   6.46000000E-02   2.20463592E+07   3.98119680E+07   3.98119680E+07   3.52069808E+07   3.98119680E+07   3.98119680E+07
   6.48000000E-02   2.17930250E+07   3.93230650E+07   3.93230650E+07   3.47429620E+07   3.93230650E+07   3.93230650E+07
   6.50000000E-02   2.15418190E+07   3.88382951E+07   3.88382951E+07   3.42828904E+07   3.88382951E+07   3.88382951E+07
   6.52000000E-02   2.12927182E+07   3.83576135E+07   3.83576135E+07   3.38267230E+07   3.83576135E+07   3.83576135E+07
   6.54000000E-02   2.10456997E+07   3.78809757E+07   3.78809757E+07   3.33744174E+07   3.78809757E+07   3.78809757E+07
   6.56000000E-02   2.08007413E+07   3.74083382E+07   3.74083382E+07   3.29259317E+07   3.74083382E+07   3.74083382E+07
   6.58000000E-02   2.05578206E+07   3.69396577E+07   3.69396577E+07   3.24812247E+07   3.69396577E+07   3.69396577E+07
   6.60000000E-02   2.03169159E+07   3.64748918E+07   3.64748918E+07   3.20402556E+07   3.64748918E+07   3.64748918E+07
   6.62000000E-02   2.00780056E+07   3.60139984E+07   3.60139984E+07   3.16029843E+07   3.60139984E+07   3.60139984E+07
   6.64000000E-02   1.98410684E+07   3.55569363E+07   3.55569363E+07   3.11693712E+07   3.55569363E+07   3.55569363E+07
   6.66000000E-02   1.96060834E+07   3.51036645E+07   3.51036645E+07   3.07393771E+07   3.51036645E+07   3.51036645E+07
   6.68000000E-02   1.93730298E+07   3.46541427E+07   3.46541427E+07   3.03129634E+07   3.46541427E+07   3.46541427E+07
   6.70000000E-02   1.91418873E+07   3.42083313E+07   3.42083313E+07   2.98900922E+07   3.42083313E+07   3.42083313E+07
   6.72000000E-02   1.89126357E+07   3.37661909E+07   3.37661909E+07   2.94707258E+07   3.37661909E+07   3.37661909E+07
   6.74000000E-02   1.86852551E+07   3.33276829E+07   3.33276829E+07   2.90548272E+07   3.33276829E+07   3.33276829E+07
   6.76000000E-02   1.84597259E+07   3.28927690E+07   3.28927690E+07   2.86423598E+07   3.28927690E+07   3.28927690E+07
   6.78000000E-02   1.82360287E+07   3.24614117E+07   3.24614117E+07   2.82332877E+07   3.24614117E+07   3.24614117E+07
   6.80000000E-02   1.80141444E+07   3.20335735E+07   3.20335735E+07   2.78275750E+07   3.20335735E+07   3.20335735E+07
   6.82000000E-02   1.77940541E+07   3.16092180E+07   3.16092180E+07   2.74251868E+07   3.16092180E+07   3.16092180E+07
   6.84000000E-02   1.75757393E+07   3.11883087E+07   3.11883087E+07   2.70260884E+07   3.11883087E+07   3.11883087E+07
   6.86000000E-02   1.73591816E+07   3.07708101E+07   3.07708101E+07   2.66302454E+07   3.07708101E+07   3.07708101E+07
   6.88000000E-02   1.71443628E+07   3.03566867E+07   3.03566867E+07   2.62376241E+07   3.03566867E+07   3.03566867E+07
   6.90000000E-02   1.69312650E+07   2.99459037E+07   2.99459037E+07   2.58481913E+07   2.99459037E+07   2.99459037E+07
   6.92000000E-02   1.67198706E+07   2.95384268E+07   2.95384268E+07   2.54619139E+07   2.95384268E+07   2.95384268E+07
   6.94000000E-02   1.65101621E+07   2.91342220E+07   2.91342220E+07   2.50787595E+07   2.91342220E+07   2.91342220E+07
   6.96000000E-02   1.63021223E+07   2.87332558E+07   2.87332558E+07   2.46986961E+07   2.87332558E+07   2.87332558E+07
   6.98000000E-02   1.60957342E+07   2.83354950E+07   2.83354950E+07   2.43216919E+07   2.83354950E+07   2.83354950E+07
   7.00000000E-02   1.58909810E+07   2.79409072E+07   2.79409072E+07   2.39477157E+07   2.79409072E+07   2.79409072E+07
   7.02000000E-02   1.56878462E+07   2.75494600E+07   2.75494600E+07   2.35767366E+07   2.75494600E+07   2.75494600E+07
   7.04000000E-02   1.54863134E+07   2.71611215E+07   2.71611215E+07   2.32087243E+07   2.71611215E+07   2.71611215E+07
   7.06000000E-02   1.52863665E+07   2.67758605E+07   2.67758605E+07   2.28436486E+07   2.67758605E+07   2.67758605E+07
   7.08000000E-02   1.50879895E+07   2.63936457E+07   2.63936457E+07   2.24814799E+07   2.63936457E+07   2.63936457E+07
   7.10000000E-02   1.48911666E+07   2.60144467E+07   2.60144467E+07   2.21221888E+07   2.60144467E+07   2.60144467E+07
   7.12000000E-02   1.46958824E+07   2.56382331E+07   2.56382331E+07   2.17657463E+07   2.56382331E+07   2.56382331E+07
   7.14000000E-02   1.45021214E+07   2.52649751E+07   2.52649751E+07   2.14121240E+07   2.52649751E+07   2.52649751E+07
   7.16000000E-02   1.43098686E+07   2.48946432E+07   2.48946432E+07   2.10612935E+07   2.48946432E+07   2.48946432E+07
   7.18000000E-02   1.41191089E+07   2.45272083E+07   2.45272083E+07   2.07132270E+07   2.45272083E+07   2.45272083E+07
   7.20000000E-02   1.39298276E+07   2.41626415E+07   2.41626415E+07   2.03678970E+07   2.41626415E+07   2.41626415E+07
   7.22000000E-02   1.37420100E+07   2.38009145E+07   2.38009145E+07   2.00252763E+07   2.38009145E+07   2.38009145E+07
   7.24000000E-02   1.35556418E+07   2.34419992E+07   2.34419992E+07   1.96853380E+07   2.34419992E+07   2.34419992E+07
   7.26000000E-02   1.33707086E+07   2.30858679E+07   2.30858679E+07   1.93480557E+07   2.30858679E+07   2.30858679E+07
   7.28000000E-02   1.31871965E+07   2.27324932E+07   2.27324932E+07   1.90134031E+07   2.27324932E+07   2.27324932E+07
   7.30000000E-02   1.30050915E+07   2.23818482E+07   2.23818482E+07   1.86813544E+07   2.23818482E+07   2.23818482E+07
   7.32000000E-02   1.28243799E+07   2.20339060E+07   2.20339060E+07   1.83518840E+07   2.20339060E+07   2.20339060E+07
   7.34000000E-02   1.26450482E+07   2.16886404E+07   2.16886404E+07   1.80249668E+07   2.16886404E+07   2.16886404E+07
   7.36000000E-02   1.24670829E+07   2.13460252E+07   2.13460252E+07   1.77005777E+07   2.13460252E+07   2.13460252E+07
   7.38000000E-02   1.22904708E+07   2.10060348E+07   2.10060348E+07   1.73786922E+07   2.10060348E+07   2.10060348E+07
   7.40000000E-02   1.21151989E+07   2.06686436E+07   2.06686436E+07   1.70592859E+07   2.06686436E+07   2.06686436E+07
   7.42000000E-02   1.19412543E+07   2.03338267E+07   2.03338267E+07   1.67423348E+07   2.03338267E+07   2.03338267E+07
   7.44000000E-02   1.17686241E+07   2.00015591E+07   2.00015591E+07   1.64278152E+07   2.00015591E+07   2.00015591E+07
   7.46000000E-02   1.15972958E+07   1.96718163E+07   1.96718163E+07   1.61157036E+07   1.96718163E+07   1.96718163E+07
   7.48000000E-02   1.14272569E+07   1.93445742E+07   1.93445742E+07   1.58059769E+07   1.93445742E+07   1.93445742E+07
   7.50000000E-02   1.12584952E+07   1.90198088E+07   1.90198088E+07   1.54986121E+07   1.90198088E+07   1.90198088E+07
   7.52000000E-02   1.10909984E+07   1.86974964E+07   1.86974964E+07   1.51935867E+07   1.86974964E+07   1.86974964E+07
   7.54000000E-02   1.09247546E+07   1.83776138E+07   1.83776138E+07   1.48908782E+07   1.83776138E+07   1.83776138E+07
   7.56000000E-02   1.07597518E+07   1.80601377E+07   1.80601377E+07   1.45904647E+07   1.80601377E+07   1.80601377E+07
   7.58000000E-02   1.05959785E+07   1.77450454E+07   1.77450454E+07   1.42923243E+07   1.77450454E+07   1.77450454E+07
   7.60000000E-02   1.04334229E+07   1.74323144E+07   1.74323144E+07   1.39964354E+07   1.74323144E+07   1.74323144E+07
   7.62000000E-02   1.02720736E+07   1.71219223E+07   1.71219223E+07   1.37027767E+07   1.71219223E+07   1.71219223E+07
   7.64000000E-02   1.01119193E+07   1.68138472E+07   1.68138472E+07   1.34113272E+07   1.68138472E+07   1.68138472E+07
   7.66000000E-02   9.95294881E+06   1.65080672E+07   1.65080672E+07   1.31220660E+07   1.65080672E+07   1.65080672E+07
   7.68000000E-02   9.79515108E+06   1.62045610E+07   1.62045610E+07   1.28349727E+07   1.62045610E+07   1.62045610E+07
   7.70000000E-02   9.63851517E+06   1.59033072E+07   1.59033072E+07   1.25500268E+07   1.59033072E+07   1.59033072E+07
   7.72000000E-02   9.48303029E+06   1.56042849E+07   1.56042849E+07   1.22672084E+07   1.56042849E+07   1.56042849E+07
   7.74000000E-02   9.32868576E+06   1.53074732E+07   1.53074732E+07   1.19864974E+07   1.53074732E+07   1.53074732E+07
   7.76000000E-02   9.17547103E+06   1.50128517E+07   1.50128517E+07   1.17078744E+07   1.50128517E+07   1.50128517E+07
   7.78000000E-02   9.02337567E+06   1.47204000E+07   1.47204000E+07   1.14313200E+07   1.47204000E+07   1.47204000E+07
   7.80000000E-02   8.87238938E+06   1.44300983E+07   1.44300983E+07   1.11568148E+07   1.44300983E+07   1.44300983E+07
   7.82000000E-02   8.72250195E+06   1.41419265E+07   1.41419265E+07   1.08843401E+07   1.41419265E+07   1.41419265E+07
   7.84000000E-02   8.57370332E+06   1.38558651E+07   1.38558651E+07   1.06138771E+07   1.38558651E+07   1.38558651E+07
   7.86000000E-02   8.42598353E+06   1.35718949E+07   1.35718949E+07   1.03454072E+07   1.35718949E+07   1.35718949E+07
   7.88000000E-02   8.27933273E+06   1.32899965E+07   1.32899965E+07   1.00789123E+07   1.32899965E+07   1.32899965E+07
   7.90000000E-02   8.13374119E+06   1.30101512E+07   1.30101512E+07   9.81437402E+06   1.30101512E+07   1.30101512E+07
   7.92000000E-02   7.98919929E+06   1.27323401E+07   1.27323401E+07   9.55177467E+06   1.27323401E+07   1.27323401E+07
   7.94000000E-02   7.84569752E+06   1.24565449E+07   1.24565449E+07   9.29109651E+06   1.24565449E+07   1.24565449E+07
   7.96000000E-02   7.70322647E+06   1.21827471E+07   1.21827471E+07   9.03232207E+06   1.21827471E+07   1.21827471E+07
   7.98000000E-02   7.56177683E+06   1.19109288E+07   1.19109288E+07   8.77543405E+06   1.19109288E+07   1.19109288E+07
   8.00000000E-02   7.42133942E+06   1.16410720E+07   1.16410720E+07   8.52041537E+06   1.16410720E+07   1.16410720E+07
   8.02000000E-02   7.28190514E+06   1.13731591E+07   1.13731591E+07   8.26724912E+06   1.13731591E+07   1.13731591E+07
   8.04000000E-02   7.14346501E+06   1.11071726E+07   1.11071726E+07   8.01591860E+06   1.11071726E+07   1.11071726E+07
   8.06000000E-02   7.00601013E+06   1.08430952E+07   1.08430952E+07   7.76640728E+06   1.08430952E+07   1.08430952E+07
   8.08000000E-02   6.86953171E+06   1.05809098E+07   1.05809098E+07   7.51869883E+06   1.05809098E+07   1.05809098E+07
   8.10000000E-02   6.73402106E+06   1.03205996E+07   1.03205996E+07   7.27277710E+06   1.03205996E+07   1.03205996E+07
   8.12000000E-02   6.59946958E+06   1.00621478E+07   1.00621478E+07   7.02862611E+06   1.00621478E+07   1.00621478E+07
   8.14000000E-02   6.46586877E+06   9.80553783E+06   9.80553783E+06   6.78623006E+06   9.80553783E+06   9.80553783E+06
   8.16000000E-02   6.33321023E+06   9.55075344E+06   9.55075344E+06   6.54557333E+06   9.55075344E+06   9.55075344E+06
   8.18000000E-02   6.20148564E+06   9.29777844E+06   9.29777844E+06   6.30664047E+06   9.29777844E+06   9.29777844E+06
   8.20000000E-02   6.07068677E+06   9.04659683E+06   9.04659683E+06   6.06941620E+06   9.04659683E+06   9.04659683E+06
   8.22000000E-02   5.94080549E+06   8.79719281E+06   8.79719281E+06   5.83388542E+06   8.79719281E+06   8.79719281E+06
   8.24000000E-02   5.81183376E+06   8.54955074E+06   8.54955074E+06   5.60003317E+06   8.54955074E+06   8.54955074E+06
   8.26000000E-02   5.68376362E+06   8.30365517E+06   8.30365517E+06   5.36784467E+06   8.30365517E+06   8.30365517E+06
   8.28000000E-02   5.55658720E+06   8.08749751E+06   8.08749751E+06   5.16852680E+06   8.08749751E+06   8.08749751E+06
   8.30000000E-02   5.43029672E+06   8.01310885E+06   8.01310885E+06   5.11907632E+06   8.01310885E+06   8.01310885E+06
   8.32000000E-02   5.30488448E+06   7.94335527E+06   7.94335527E+06   5.07451482E+06   7.94335527E+06   7.94335527E+06
   8.34000000E-02   5.18034285E+06   7.87405716E+06   7.87405716E+06   5.03024429E+06   7.87405716E+06   7.87405716E+06
   8.36000000E-02   5.05666431E+06   7.80521070E+06   7.80521070E+06   4.98626229E+06   7.80521070E+06   7.80521070E+06
   8.38000000E-02   4.93384140E+06   7.73681207E+06   7.73681207E+06   4.94256639E+06   7.73681207E+06   7.73681207E+06
   8.40000000E-02   4.81186675E+06   7.66885751E+06   7.66885751E+06   4.89915418E+06   7.66885751E+06   7.66885751E+06
   8.42000000E-02   4.69073306E+06   7.60134329E+06   7.60134329E+06   4.85602327E+06   7.60134329E+06   7.60134329E+06
   8.44000000E-02   4.57043312E+06   7.53426572E+06   7.53426572E+06   4.81317132E+06   7.53426572E+06   7.53426572E+06
   8.46000000E-02   4.45095979E+06   7.46762116E+06   7.46762116E+06   4.77059599E+06   7.46762116E+06   7.46762116E+06
   8.48000000E-02   4.33230600E+06   7.40140600E+06   7.40140600E+06   4.72829498E+06   7.40140600E+06   7.40140600E+06
   8.50000000E-02   4.21446477E+06   7.33561667E+06   7.33561667E+06   4.68626601E+06   7.33561667E+06   7.33561667E+06
   8.52000000E-02   4.09742918E+06   7.27024963E+06   7.27024963E+06   4.64450681E+06   7.27024963E+06   7.27024963E+06
   8.54000000E-02   3.98119240E+06   7.20530138E+06   7.20530138E+06   4.60301516E+06   7.20530138E+06   7.20530138E+06
   8.56000000E-02   3.86574764E+06   7.14076846E+06   7.14076846E+06   4.56178883E+06   7.14076846E+06   7.14076846E+06
   8.58000000E-02   3.75108822E+06   7.07664745E+06   7.07664745E+06   4.52082566E+06   7.07664745E+06   7.07664745E+06
   8.60000000E-02   3.63720751E+06   7.01293496E+06   7.01293496E+06   4.48012346E+06   7.01293496E+06   7.01293496E+06
   8.62000000E-02   3.52409895E+06   6.94962763E+06   6.94962763E+06   4.43968009E+06   6.94962763E+06   6.94962763E+06
   8.64000000E-02   3.41175605E+06   6.88672215E+06   6.88672215E+06   4.39949344E+06   6.88672215E+06   6.88672215E+06
   8.66000000E-02   3.30017239E+06   6.82421522E+06   6.82421522E+06   4.35956141E+06   6.82421522E+06   6.82421522E+06
   8.68000000E-02   3.18934161E+06   6.76210360E+06   6.76210360E+06   4.31988191E+06   6.76210360E+06   6.76210360E+06
   8.70000000E-02   3.07925743E+06   6.70038406E+06   6.70038406E+06   4.28045289E+06   6.70038406E+06   6.70038406E+06
   8.72000000E-02   2.96991362E+06   6.63905342E+06   6.63905342E+06   4.24127232E+06   6.63905342E+06   6.63905342E+06
   8.74000000E-02   2.86130403E+06   6.57810853E+06   6.57810853E+06   4.20233818E+06   6.57810853E+06   6.57810853E+06
   8.76000000E-02   2.75342256E+06   6.51754627E+06   6.51754627E+06   4.16364848E+06   6.51754627E+06   6.51754627E+06
   8.78000000E-02   2.64626318E+06   6.45736354E+06   6.45736354E+06   4.12520124E+06   6.45736354E+06   6.45736354E+06
   8.80000000E-02   2.53981991E+06   6.39755729E+06   6.39755729E+06   4.08699451E+06   6.39755729E+06   6.39755729E+06
   8.82000000E-02   2.43408685E+06   6.33812449E+06   6.33812449E+06   4.04902636E+06   6.33812449E+06   6.33812449E+06
   8.84000000E-02   2.32905815E+06   6.27906215E+06   6.27906215E+06   4.01129487E+06   6.27906215E+06   6.27906215E+06
   8.86000000E-02   2.22472802E+06   6.22036729E+06   6.22036729E+06   3.97379815E+06   6.22036729E+06   6.22036729E+06
   8.88000000E-02   2.12109073E+06   6.16203698E+06   6.16203698E+06   3.93653432E+06   6.16203698E+06   6.16203698E+06
   8.90000000E-02   2.01814061E+06   6.10406832E+06   6.10406832E+06   3.89950151E+06   6.10406832E+06   6.10406832E+06
   8.92000000E-02   1.91587204E+06   6.04645842E+06   6.04645842E+06   3.86269791E+06   6.04645842E+06   6.04645842E+06
   8.94000000E-02   1.81427948E+06   5.98920444E+06   5.98920444E+06   3.82612168E+06   5.98920444E+06   5.98920444E+06
   8.96000000E-02   1.71335741E+06   5.93230355E+06   5.93230355E+06   3.78977102E+06   5.93230355E+06   5.93230355E+06
   8.98000000E-02   1.61310039E+06   5.87575297E+06   5.87575297E+06   3.75364414E+06   5.87575297E+06   5.87575297E+06
   9.00000000E-02   1.51350304E+06   5.81954991E+06   5.81954991E+06   3.71773929E+06   5.81954991E+06   5.81954991E+06
   9.02000000E-02   1.41456001E+06   5.76369166E+06   5.76369166E+06   3.68205471E+06   5.76369166E+06   5.76369166E+06
   9.04000000E-02   1.31626603E+06   5.70817550E+06   5.70817550E+06   3.64658867E+06   5.70817550E+06   5.70817550E+06
   9.06000000E-02   1.21861585E+06   5.65299874E+06   5.65299874E+06   3.61133945E+06   5.65299874E+06   5.65299874E+06
   9.08000000E-02   1.12160432E+06   5.59815872E+06   5.59815872E+06   3.57630536E+06   5.59815872E+06   5.59815872E+06
   9.10000000E-02   1.02522629E+06   5.54365282E+06   5.54365282E+06   3.54148472E+06   5.54365282E+06   5.54365282E+06
   9.12000000E-02   9.29476697E+05   5.48947843E+06   5.48947843E+06   3.50687586E+06   5.48947843E+06   5.48947843E+06
   9.14000000E-02   8.34350514E+05   5.43563296E+06   5.43563296E+06   3.47247713E+06   5.43563296E+06   5.43563296E+06
   9.16000000E-02   7.39853360E+05   5.38211387E+06   5.38211387E+06   3.43828691E+06   5.38211387E+06   5.38211387E+06
   9.18000000E-02   7.00401879E+05   5.32891862E+06   5.32891862E+06   3.40430356E+06   5.32891862E+06   5.32891862E+06
   9.20000000E-02   6.95811735E+05   5.27604471E+06   5.27604471E+06   3.37052551E+06   5.27604471E+06   5.27604471E+06
   9.22000000E-02   6.91248151E+05   5.22348965E+06   5.22348965E+06   3.33695114E+06   5.22348965E+06   5.22348965E+06
   9.24000000E-02   6.86710926E+05   5.17125099E+06   5.17125099E+06   3.30357891E+06   5.17125099E+06   5.17125099E+06
   9.26000000E-02   6.82199862E+05   5.11932629E+06   5.11932629E+06   3.27040725E+06   5.11932629E+06   5.11932629E+06
   9.28000000E-02   6.77714760E+05   5.06771315E+06   5.06771315E+06   3.23743463E+06   5.06771315E+06   5.06771315E+06
   9.30000000E-02   6.73255426E+05   5.01640918E+06   5.01640918E+06   3.20465951E+06   5.01640918E+06   5.01640918E+06
   9.32000000E-02   6.68821666E+05   4.96541201E+06   4.96541201E+06   3.17208040E+06   4.96541201E+06   4.96541201E+06
   9.34000000E-02   6.64413287E+05   4.91471930E+06   4.91471930E+06   3.13969578E+06   4.91471930E+06   4.91471930E+06
   9.36000000E-02   6.60030100E+05   4.86432873E+06   4.86432873E+06   3.10750419E+06   4.86432873E+06   4.86432873E+06
   9.38000000E-02   6.55671917E+05   4.81423801E+06   4.81423801E+06   3.07550415E+06   4.81423801E+06   4.81423801E+06
   9.40000000E-02   6.51338551E+05   4.76444486E+06   4.76444486E+06   3.04369421E+06   4.76444486E+06   4.76444486E+06
   9.42000000E-02   6.47029818E+05   4.71494703E+06   4.71494703E+06   3.01207293E+06   4.71494703E+06   4.71494703E+06
   9.44000000E-02   6.42745534E+05   4.66574228E+06   4.66574228E+06   2.98063889E+06   4.66574228E+06   4.66574228E+06
   9.46000000E-02   6.38485519E+05   4.61682841E+06   4.61682841E+06   2.94939067E+06   4.61682841E+06   4.61682841E+06
   9.48000000E-02   6.34249592E+05   4.56820322E+06   4.56820322E+06   2.91832688E+06   4.56820322E+06   4.56820322E+06
   9.50000000E-02   6.30037577E+05   4.51986454E+06   4.51986454E+06   2.88744612E+06   4.51986454E+06   4.51986454E+06
   9.52000000E-02   6.25849296E+05   4.47181023E+06   4.47181023E+06   2.85674703E+06   4.47181023E+06   4.47181023E+06
   9.54000000E-02   6.21684576E+05   4.42403816E+06   4.42403816E+06   2.82622824E+06   4.42403816E+06   4.42403816E+06
   9.56000000E-02   6.17543242E+05   4.37654622E+06   4.37654622E+06   2.79588841E+06   4.37654622E+06   4.37654622E+06
   9.58000000E-02   6.13425125E+05   4.32933231E+06   4.32933231E+06   2.76572620E+06   4.32933231E+06   4.32933231E+06
   9.60000000E-02   6.09330054E+05   4.28239437E+06   4.28239437E+06   2.73574029E+06   4.28239437E+06   4.28239437E+06
   9.62000000E-02   6.05257861E+05   4.23573036E+06   4.23573036E+06   2.70592938E+06   4.23573036E+06   4.23573036E+06
   9.64000000E-02   6.01208379E+05   4.18933823E+06   4.18933823E+06   2.67629215E+06   4.18933823E+06   4.18933823E+06
   9.66000000E-02   5.97181444E+05   4.14321597E+06   4.14321597E+06   2.64682734E+06   4.14321597E+06   4.14321597E+06
   9.68000000E-02   5.93176891E+05   4.09736160E+06   4.09736160E+06   2.61753366E+06   4.09736160E+06   4.09736160E+06
   9.70000000E-02   5.89194559E+05   4.05177313E+06   4.05177313E+06   2.58840984E+06   4.05177313E+06   4.05177313E+06
   9.72000000E-02   5.85234286E+05   4.00644861E+06   4.00644861E+06   2.55945466E+06   4.00644861E+06   4.00644861E+06
   9.74000000E-02   5.81295914E+05   3.96138610E+06   3.96138610E+06   2.53066685E+06   3.96138610E+06   3.96138610E+06
   9.76000000E-02   5.77379286E+05   3.91658368E+06   3.91658368E+06   2.50204520E+06   3.91658368E+06   3.91658368E+06
   9.78000000E-02   5.73484244E+05   3.87203944E+06   3.87203944E+06   2.47358849E+06   3.87203944E+06   3.87203944E+06
   9.80000000E-02   5.69610634E+05   3.82775150E+06   3.82775150E+06   2.44529551E+06   3.82775150E+06   3.82775150E+06
   9.82000000E-02   5.65758302E+05   3.78371799E+06   3.78371799E+06   2.41716507E+06   3.78371799E+06   3.78371799E+06
   9.84000000E-02   5.61927097E+05   3.73993705E+06   3.73993705E+06   2.38919599E+06   3.73993705E+06   3.73993705E+06
   9.86000000E-02   5.58116867E+05   3.69640686E+06   3.69640686E+06   2.36138709E+06   3.69640686E+06   3.69640686E+06
   9.88000000E-02   5.54327464E+05   3.65312559E+06   3.65312559E+06   2.33373722E+06   3.65312559E+06   3.65312559E+06
   9.90000000E-02   5.50558739E+05   3.61009145E+06   3.61009145E+06   2.30624522E+06   3.61009145E+06   3.61009145E+06
   9.92000000E-02   5.46810545E+05   3.56730263E+06   3.56730263E+06   2.27890995E+06   3.56730263E+06   3.56730263E+06
   9.94000000E-02   5.43082738E+05   3.52475739E+06   3.52475739E+06   2.25173027E+06   3.52475739E+06   3.52475739E+06
   9.96000000E-02   5.39375172E+05   3.48245395E+06   3.48245395E+06   2.22470508E+06   3.48245395E+06   3.48245395E+06
   9.98000000E-02   5.35687706E+05   3.44039059E+06   3.44039059E+06   2.19783326E+06   3.44039059E+06   3.44039059E+06
   1.00000000E-01   5.32020198E+05   3.39856559E+06   3.39856559E+06   2.17111371E+06   3.39856559E+06   3.39856559E+06