channel                 nue_Ar40             nuebar_Ar40                      nc                       e
E                                                                                                       
0.000749                       0                       0                       0            1.413013e-06
0.001246                       0                       0                       0            3.076523e-05
0.001744                       0                       0                       0            0.0001962996
0.002241                       0                       0                       0            0.0006786484
0.002739                       0                       0                       0             0.001630492
0.003236             0.000795229                       0                       0             0.003063625
0.003734              0.00241395                       0                       0             0.004835799
0.004231              0.00460533                       0                       0             0.006699529
0.004729               0.0078583                       0                       0             0.008376167
0.005226               0.0112321                       0                       0              0.00966394
0.005724               0.0146133                       0                       0              0.01042009
0.006221                0.017686                       0                       0              0.01063957
0.006719               0.0201519                       0                       0              0.01035735
0.007216                0.022015                       0                       0              0.00969007
0.007714                0.023249                       0                       0             0.008753605
0.008211               0.0237578                       0            -0.006076169             0.007668598
0.008709                0.023517                       0           -0.0022535838             0.006543741
0.009206               0.0225481                       0            0.0011910242             0.005446126
0.009704               0.0210458                       0            0.0039554149             0.004443475
0.010200               0.0190987                       0             0.005906849             0.003549064
0.010700               0.0169855                       0             0.007084828             0.002792799
0.011200               0.0147963                       0             0.007558159             0.002157091
0.011690               0.0127392                       0             0.007515204             0.001647249
0.012190                0.010792                       0             0.007065375             0.001237398
0.012690              0.00904897                       0             0.006397566             0.000921278
0.013190              0.00744718                       0             0.005586188            0.0006760162
0.013680              0.00605117                       0             0.004760697            0.0004925198
0.014180              0.00482351                       0            0.0039499946            0.0003542397
0.014680              0.00379778                       0            0.0032207815            0.0002532851
0.015180              0.00293783                       0             0.002571524            0.0001790541
0.015670              0.00224761                       0            0.0020276955            0.0001259397
0.016170              0.00169315                       0            0.0015753588             8.77015e-05
0.016670               0.0012637                       0            0.0012145445            6.079682e-05
0.017170             0.000931224                       0            0.0009262792            4.178247e-05
0.017660             0.000680843                       0            0.0007022156             2.85926e-05
0.018160             0.000492562                       0            0.0005276757            1.942244e-05
0.018660             0.000353855                       0           0.00039433471            1.313778e-05
0.019160             0.000252014                       0            0.0002924727             8.83225e-06
0.019650             0.000178303                       0           0.00021566922            5.912049e-06
0.020150             0.000125272                       0           0.00015801472            3.937884e-06
0.020650             8.74391e-05                       0           0.00011505085            2.610921e-06
0.021150             6.06915e-05                       0            8.331921e-05            1.724657e-06
0.021640             4.18437e-05                       0            5.993963e-05            1.133596e-06
0.022140             2.87276e-05                       0           4.2938093e-05            7.431953e-07
0.022640             1.95848e-05                       0            3.053773e-05            4.846107e-07
0.023140             1.33134e-05                       0           2.1649965e-05            3.155592e-07
0.023630              8.9835e-06                       0           1.5230267e-05            2.042574e-07
0.024130             6.05229e-06                       0           1.0692439e-05            1.321833e-07
0.024630             4.04559e-06                       0            7.443942e-06            8.498033e-08
0.025130              2.7036e-06                       0             5.17782e-06            5.468451e-08
0.025620             1.79184e-06                       0           3.5690553e-06            3.493499e-08
0.026120             1.18893e-06                       0           2.4611531e-06            2.236463e-08
0.026620             7.81935e-07                       0           1.6806816e-06             1.42037e-08
0.027120             5.15529e-07                       0           1.1495124e-06             9.04987e-09
0.027610             3.36691e-07                       0            7.780721e-07            5.715981e-09
0.028110             2.20712e-07                       0            5.281338e-07             3.62607e-09
0.028610             1.43224e-07                       0           3.5451036e-07            2.278473e-09
0.029110             9.34006e-08                       0            2.389154e-07            1.439603e-09
0.029600             6.02515e-08                       0           1.5912435e-07             9.00212e-10
0.030100             3.91068e-08                       0           1.0653208e-07             5.66666e-10
0.030600             2.50944e-08                       0            7.044492e-08             3.52816e-10
0.031100             1.62134e-08                       0            4.685692e-08            2.212745e-10
0.031590             1.03604e-08                       0           3.0794838e-08            1.373081e-10
0.032090             6.66074e-09                       0           2.0342265e-08            8.575779e-11
0.032590             4.23979e-09                       0            1.329174e-08            5.305031e-11
0.033090             2.71306e-09                       0            8.722555e-09            3.300289e-11
0.033580             1.72077e-09                       0            5.668271e-09            2.035704e-11
0.034080             1.09628e-09                       0           3.6966283e-09            1.261676e-11
0.034580             6.93019e-10                       0           2.3900746e-09            7.761511e-12
0.035080             4.39657e-10                       0           1.5494863e-09            4.793201e-12
0.035570              2.7707e-10                       0            9.970487e-10             2.94131e-12
0.036070             1.75077e-10                       0            6.428227e-10            1.810244e-12
0.036570             1.10014e-10                       0           4.1184759e-10            1.108263e-12
0.037070             6.92517e-11                       0           2.6415999e-10            6.798617e-13
0.037560              4.3399e-11                       0           1.6857625e-10            4.153226e-13
0.038060             2.72192e-11                       0           1.0760347e-10            2.539831e-13
0.038560             1.70149e-11                       0            6.841872e-11            1.548425e-13
0.039060             1.06347e-11                       0           4.3475427e-11             9.44079e-14
0.039550             6.63227e-12                       0           2.7550393e-11            5.744754e-14
0.040050             4.13164e-12                       0           1.7450101e-11            3.492523e-14
0.040550              2.5711e-12                       0            1.104644e-11            2.121449e-14
0.041050             1.59661e-12                       0            6.956702e-12            1.286171e-14
0.041540             9.91547e-13                       0           4.3793695e-12            7.799584e-15
0.042040             6.13883e-13                       0           2.7471026e-12             4.71607e-15
0.042540             3.80511e-13                       0           1.7244209e-12            2.855482e-15
0.043040             2.34893e-13                       0           1.0775606e-12            1.722156e-15
0.043530             1.45336e-13                       0            6.746147e-13            1.041207e-15
0.044030             8.94673e-14                       0           4.2003338e-13            6.264056e-16
0.044530             5.52634e-14                       0           2.6231301e-13            3.782034e-16
0.045030             3.39275e-14                       0           1.6275437e-13            2.269896e-16
0.045520             2.09231e-14                       0           1.0140237e-13            1.368731e-16
0.046020             1.28113e-14                       0            6.270627e-14            8.195858e-17
0.046520             7.88853e-15                       0           3.8982657e-14            4.936064e-17
0.047020             4.81767e-15                       0           2.4029401e-14            2.949076e-17
0.047510             2.96199e-15                       0           1.4907377e-14            1.774112e-17
0.048010             1.80434e-15                       0            9.160869e-15            1.057661e-17
0.048510             1.10773e-15                       0            5.672157e-15            6.355897e-18
0.049010             6.73105e-16                       0           3.4753544e-15              3.7812e-18
0.049500             4.12654e-16                       0           2.1478761e-15            2.269988e-18
0.050000             2.50135e-16                       0           1.3122542e-15            1.347703e-18
0.050500              1.5314e-16                       0            8.095981e-16            8.083092e-19
0.051000             9.26849e-17                       0            4.936931e-16            4.793524e-19
0.051490             5.66234e-17                       0           3.0383504e-16            2.870027e-19
0.051990             3.42288e-17                       0           1.8499525e-16            1.700656e-19
0.052490             2.08616e-17                       0           1.1354726e-16            1.016242e-19
0.052990             1.25961e-17                       0            6.903439e-17            6.017322e-20
0.053480             7.65924e-18                       0           4.2262899e-17            3.588855e-20
0.053980             4.61956e-18                       0           2.5660423e-17            2.123529e-20
0.054480             2.80264e-18                       0           1.5670012e-17            1.264162e-20
0.054980             1.68857e-18                       0            9.501861e-18            7.475185e-21
0.055470             1.02218e-18                       0             5.78846e-18            4.442006e-21
0.055970             6.15243e-19                       0           3.5057905e-18            2.625021e-21
0.056470             3.71629e-19                       0           2.1306334e-18            1.557118e-21
0.056970             2.23463e-19                       0           1.2889426e-18              9.1966e-22
0.057460             1.34695e-19                       0            7.815759e-19            5.445853e-22
0.057960              8.0917e-20                       0               4.723e-19              3.2147e-22
0.058460             4.86724e-20                       0           2.8575554e-19            1.900411e-22
0.058960             2.92139e-20                       0            1.725055e-19            1.121259e-22
0.059450             1.75365e-20                       0           1.0414323e-19            6.617539e-23
0.059950             1.05168e-20                       0            6.280977e-20            3.902598e-23
0.060450             6.30041e-21                       0           3.7838656e-20            2.299563e-23
0.060950             3.77537e-21                       0           2.2800309e-20            1.355544e-23
0.061440             2.25735e-21                       0           1.3707676e-20            7.974811e-24
0.061940             1.35162e-21                       0            8.252579e-21            4.699091e-24
0.062440             8.06614e-22                       0            4.951658e-21             2.76027e-24
0.062940             4.82614e-22                       0           2.9786447e-21             1.62586e-24
0.063430             2.87476e-22                       0           1.7837606e-21             9.53598e-25
0.063930             1.71883e-22                       0           1.0721893e-21            5.614943e-25
0.064430             1.02198e-22                       0             6.40857e-22            3.288404e-25
0.064930             6.10646e-23                       0           3.8492984e-22            1.935642e-25
0.065420             3.62439e-23                       0           2.2965374e-22            1.131976e-25
0.065920              2.1643e-23                       0           1.3784441e-22            6.661099e-26
0.066420             1.28239e-23                       0            8.209237e-23            3.889931e-26
0.066920             7.65338e-24                       0            4.924106e-23            2.288391e-26
0.067410             4.52725e-24                       0           2.9274068e-23            1.334517e-26
0.067910             2.70043e-24                       0             1.75482e-23            7.848756e-27
0.068410             1.59481e-24                       0            1.041465e-23             4.57091e-27
0.068910              9.5082e-25                       0            6.239434e-24            2.687664e-27
0.069400             5.60634e-25                       0           3.6967101e-24            1.563139e-27
0.069900             3.34096e-25                       0           2.2135138e-24             9.18916e-28
0.070400             1.96749e-25                       0           1.3097036e-24            5.338987e-28
0.070900             1.17161e-25                       0            7.835558e-25            3.137042e-28
0.071390              6.8975e-26                       0            4.634352e-25            1.822481e-28
0.071890             4.10081e-26                       0           2.7679253e-25            1.069365e-28
0.072390              2.4135e-26                       0           1.6364187e-25            6.212072e-29
0.072890             1.43269e-26                       0            9.757702e-26            3.640081e-29
0.073380             8.42983e-27                       0             5.76684e-26            2.114437e-29
0.073880             4.99634e-27                       0           3.4329941e-26            1.237347e-29
0.074380             2.93907e-27                       0           2.0282376e-26            7.187124e-30
0.074880             1.73934e-27                       0           1.2055119e-26            4.200325e-30
0.075370             1.02289e-27                       0            7.120009e-27            2.439673e-30
0.075870             6.04414e-28                       0           4.2251854e-27            1.423974e-30
0.076370             3.55353e-28                       0           2.4947591e-27             8.27071e-31
0.076870             2.09655e-28                       0           1.4782013e-27            4.821274e-31
0.077360             1.23229e-28                       0            8.725685e-28            2.800265e-31
0.077860             7.25933e-29                       0            5.162357e-28            1.630339e-31
0.078360             4.26559e-29                       0           3.0464911e-28             9.46926e-32
0.078860             2.50905e-29                       0           1.7997558e-28            5.506336e-32
0.079350             1.47391e-29                       0           1.0618722e-28            3.198214e-32
0.079850             8.62917e-30                       0            6.264021e-29            1.857502e-32
0.080350             5.05232e-30                       0            3.694992e-29            1.078907e-32
0.080850             2.96167e-30                       0           2.1765736e-29            6.258798e-33
0.081340              1.7382e-30                       0           1.2836511e-29            3.635469e-33
0.081840             1.01754e-30                       0            7.551061e-30             2.10649e-33
0.082340             5.97106e-31                       0           4.4525339e-30            1.223622e-33
0.082840             3.49075e-31                       0           2.6155822e-30            7.081851e-34
0.083330             2.04812e-31                       0           1.5420246e-30             4.11393e-34
0.083830             1.19577e-31                       0            9.046161e-31            2.378283e-34
0.084330             7.01498e-32                       0            5.332352e-31            1.381654e-34
0.084830             4.09028e-32                       0            3.124033e-31            7.978509e-35
0.085320              2.3993e-32                       0           1.8412451e-31            4.635388e-35
0.085820              1.3972e-32                       0           1.0773254e-31            2.673808e-35
0.086320             8.19491e-33                       0            6.348783e-32            1.553557e-35
0.086820             4.76618e-33                       0            3.709944e-32             8.95161e-36
0.087310             2.79523e-33                       0            2.186044e-32            5.201553e-36
0.087810              1.6237e-33                       0           1.2758192e-32            2.993929e-36
0.088310              9.5218e-34                       0            7.516861e-33            1.739851e-36
0.088810             5.52432e-34                       0           4.3815375e-33             1.00038e-36
0.089300             3.23938e-34                       0           2.5812804e-33               5.814e-37
0.089800             1.87716e-34                       0            1.502773e-33            3.339471e-37
0.090300             1.10067e-34                       0            8.852481e-34            1.941023e-37
0.090800              6.3766e-35                       0            5.152375e-34             1.11479e-37
0.091290             3.73525e-35                       0           3.0321118e-34            6.474211e-38
0.091790             2.16412e-35                       0           1.7648487e-34            3.719178e-38
0.092290             1.26607e-35                       0           1.0372474e-34            2.157512e-38
0.092790             7.33594e-36                       0            6.037715e-35            1.239685e-38
0.093280             4.28637e-36                       0           3.5440192e-35            7.183523e-39
0.093780             2.48384e-36                       0           2.0630731e-35            4.128521e-39
0.094280             1.44951e-36                       0           1.2094616e-35            2.389713e-39
0.094780             8.40033e-37                       0            7.041137e-36            1.373745e-39
0.095270             4.89627e-37                       0           4.1227302e-36            7.943084e-40
0.095770             2.83781e-37                       0           2.4003223e-36            4.567215e-40
0.096270             1.65208e-37                       0           1.4037275e-36            2.637986e-40
0.096770             9.57625e-38                       0            8.173482e-37            1.517187e-40
0.097260             5.56839e-38                       0            4.774176e-37             8.75396e-41
0.097760             3.22806e-38                       0           2.7801159e-37            5.035875e-41
0.098260             1.87487e-38                       0           1.6219576e-37            2.902623e-41
0.098760             1.08701e-38                       0            9.445959e-38            1.670199e-41
0.099250             6.30613e-39                       0            5.504494e-38               9.617e-42
0.099750             3.65661e-39                       0           3.2060341e-38            5.535064e-42