# TBinMid=0.95 ssec TBinWidth=0.1 ss EBinWidth=0.2MeV Fluence at Earth for this timebin in neutrinos per cm^2
# E(GeV)	NuE	NuMu	NuTau	aNuE	aNuMu	aNuTau
   1.38589050E-13   4.55874071E-07   2.38290193E-07   2.38290193E-07   1.48788854E-07   3.91832802E-07   3.91832802E-07
   2.00000000E-04   4.16613009E+07   2.42104998E+07   2.42104998E+07   1.39412975E+07   3.58006292E+07   3.58006292E+07
   4.00000000E-04   1.16753218E+08   7.50687469E+07   7.50687469E+07   4.06451916E+07   1.00435253E+08   1.00435253E+08
   6.00000000E-04   2.10903234E+08   1.48356825E+08   1.48356825E+08   7.68252576E+07   1.81759532E+08   1.81759532E+08
   8.00000000E-04   3.18254435E+08   2.42347402E+08   2.42347402E+08   1.21616297E+08   2.74935959E+08   2.74935959E+08
   1.00000000E-03   4.35139344E+08   3.55386931E+08   3.55386931E+08   1.74579396E+08   3.76980331E+08   3.76980331E+08
   1.20000000E-03   5.58936431E+08   4.85692488E+08   4.85692488E+08   2.35377880E+08   4.85776041E+08   4.85776041E+08
   1.40000000E-03   6.87640722E+08   6.31361755E+08   6.31361755E+08   3.03676480E+08   5.99705684E+08   5.99705684E+08
   1.60000000E-03   8.19656250E+08   7.90420229E+08   7.90420229E+08   3.79106427E+08   7.17474690E+08   7.17474690E+08
   1.80000000E-03   9.53679947E+08   9.60869899E+08   9.60869899E+08   4.61255535E+08   8.38014092E+08   8.38014092E+08
   2.00000000E-03   1.08862997E+09   1.14073095E+09   1.14073095E+09   5.49668900E+08   9.60421689E+08   9.60421689E+08
   2.20000000E-03   1.22359816E+09   1.32807512E+09   1.32807512E+09   6.43854231E+08   1.08392396E+09   1.08392396E+09
   2.40000000E-03   1.35781679E+09   1.52105118E+09   1.52105118E+09   7.43289073E+08   1.20785011E+09   1.20785011E+09
   2.60000000E-03   1.49063417E+09   1.71790383E+09   1.71790383E+09   8.47428550E+08   1.33161370E+09   1.33161370E+09
   2.80000000E-03   1.62149619E+09   1.91698692E+09   1.91698692E+09   9.55712948E+08   1.45469910E+09   1.45469910E+09
   3.00000000E-03   1.74993191E+09   2.11677216E+09   2.11677216E+09   1.06757479E+09   1.57665125E+09   1.57665125E+09
   3.20000000E-03   1.87554200E+09   2.31585409E+09   2.31585409E+09   1.18244527E+09   1.69706777E+09   1.69706777E+09
   3.40000000E-03   1.99798938E+09   2.51295219E+09   2.51295219E+09   1.29975988E+09   1.81559263E+09   1.81559263E+09
   3.60000000E-03   2.11699131E+09   2.70691055E+09   2.70691055E+09   1.41896341E+09   1.93191107E+09   1.93191107E+09
   3.80000000E-03   2.23231286E+09   2.89669583E+09   2.89669583E+09   1.53951414E+09   2.04574534E+09   2.04574534E+09
   4.00000000E-03   2.34376124E+09   3.08139368E+09   3.08139368E+09   1.66088743E+09   2.15685115E+09   2.15685115E+09
   4.20000000E-03   2.45118096E+09   3.26020422E+09   3.26020422E+09   1.78257864E+09   2.26501467E+09   2.26501467E+09
   4.40000000E-03   2.55444955E+09   3.43243665E+09   3.43243665E+09   1.90410553E+09   2.37004983E+09   2.37004983E+09
   4.60000000E-03   2.65347393E+09   3.59750339E+09   3.59750339E+09   2.02501012E+09   2.47179604E+09   2.47179604E+09
   4.80000000E-03   2.74818707E+09   3.75491381E+09   3.75491381E+09   2.14486015E+09   2.57011609E+09   2.57011609E+09
   5.00000000E-03   2.83854507E+09   3.90426775E+09   3.90426775E+09   2.26325007E+09   2.66489434E+09   2.66489434E+09
   5.20000000E-03   2.92452465E+09   4.04524904E+09   4.04524904E+09   2.37980169E+09   2.75603496E+09   2.75603496E+09
   5.40000000E-03   3.00612073E+09   4.17761895E+09   4.17761895E+09   2.49416457E+09   2.84346049E+09   2.84346049E+09
   5.60000000E-03   3.08334443E+09   4.30120979E+09   4.30120979E+09   2.60601609E+09   2.92711032E+09   2.92711032E+09
   5.80000000E-03   3.15622116E+09   4.41591866E+09   4.41591866E+09   2.71506127E+09   3.00693945E+09   3.00693945E+09
   6.00000000E-03   3.22478892E+09   4.52170141E+09   4.52170141E+09   2.82103247E+09   3.08291725E+09   3.08291725E+09
   6.20000000E-03   3.28909682E+09   4.61856689E+09   4.61856689E+09   2.92368881E+09   3.15502633E+09   3.15502633E+09
   6.40000000E-03   3.34920365E+09   4.70657134E+09   4.70657134E+09   3.02281554E+09   3.22326146E+09   3.22326146E+09
   6.60000000E-03   3.40517667E+09   4.78581325E+09   4.78581325E+09   3.11822325E+09   3.28762863E+09   3.28762863E+09
   6.80000000E-03   3.45709046E+09   4.85642838E+09   4.85642838E+09   3.20974697E+09   3.34814405E+09   3.34814405E+09
   7.00000000E-03   3.50502592E+09   4.91858514E+09   4.91858514E+09   3.29724524E+09   3.40483330E+09   3.40483330E+09
   7.20000000E-03   3.54906933E+09   4.97248024E+09   4.97248024E+09   3.38059908E+09   3.45773053E+09   3.45773053E+09
   7.40000000E-03   3.58931148E+09   5.01833474E+09   5.01833474E+09   3.45971092E+09   3.50687767E+09   3.50687767E+09
   7.60000000E-03   3.62584696E+09   5.05639024E+09   5.05639024E+09   3.53450352E+09   3.55232367E+09   3.55232367E+09
   7.80000000E-03   3.65877347E+09   5.08690550E+09   5.08690550E+09   3.60491885E+09   3.59412385E+09   3.59412385E+09
   8.00000000E-03   3.68819114E+09   5.11015328E+09   5.11015328E+09   3.67091700E+09   3.63233925E+09   3.63233925E+09
   8.20000000E-03   3.71420204E+09   5.12641740E+09   5.12641740E+09   3.73247499E+09   3.66703600E+09   3.66703600E+09
   8.40000000E-03   3.73690963E+09   5.13599017E+09   5.13599017E+09   3.78958573E+09   3.69828478E+09   3.69828478E+09
   8.60000000E-03   3.75641830E+09   5.13916997E+09   5.13916997E+09   3.84225691E+09   3.72616025E+09   3.72616025E+09
   8.80000000E-03   3.77283301E+09   5.13625907E+09   5.13625907E+09   3.89050987E+09   3.75074057E+09   3.75074057E+09
   9.00000000E-03   3.78625884E+09   5.12756174E+09   5.12756174E+09   3.93437863E+09   3.77210694E+09   3.77210694E+09
   9.20000000E-03   3.79680075E+09   5.11338244E+09   5.11338244E+09   3.97390879E+09   3.79034312E+09   3.79034312E+09
   9.40000000E-03   3.80456322E+09   5.09402433E+09   5.09402433E+09   4.00915660E+09   3.80553505E+09   3.80553505E+09
   9.60000000E-03   3.80965001E+09   5.06978788E+09   5.06978788E+09   4.04018796E+09   3.81777044E+09   3.81777044E+09
   9.80000000E-03   3.81216392E+09   5.04096965E+09   5.04096965E+09   4.06707752E+09   3.82713846E+09   3.82713846E+09
   1.00000000E-02   3.81220660E+09   5.00786123E+09   5.00786123E+09   4.08990781E+09   3.83372934E+09   3.83372934E+09
   1.02000000E-02   3.80987835E+09   4.97074837E+09   4.97074837E+09   4.10876836E+09   3.83763411E+09   3.83763411E+09
   1.04000000E-02   3.80527799E+09   4.92991017E+09   4.92991017E+09   4.12375493E+09   3.83894430E+09   3.83894430E+09
   1.06000000E-02   3.79850267E+09   4.88561842E+09   4.88561842E+09   4.13496875E+09   3.83775165E+09   3.83775165E+09
   1.08000000E-02   3.78964781E+09   4.83813705E+09   4.83813705E+09   4.14251576E+09   3.83414791E+09   3.83414791E+09
   1.10000000E-02   3.77880695E+09   4.78772169E+09   4.78772169E+09   4.14650597E+09   3.82822459E+09   3.82822459E+09
   1.12000000E-02   3.76607171E+09   4.73461928E+09   4.73461928E+09   4.14705280E+09   3.82007273E+09   3.82007273E+09
   1.14000000E-02   3.75153167E+09   4.67906783E+09   4.67906783E+09   4.14427246E+09   3.80978276E+09   3.80978276E+09
   1.16000000E-02   3.73527433E+09   4.62129620E+09   4.62129620E+09   4.13828340E+09   3.79744429E+09   3.79744429E+09
   1.18000000E-02   3.71738509E+09   4.56152397E+09   4.56152397E+09   4.12920579E+09   3.78314598E+09   3.78314598E+09
   1.20000000E-02   3.69794716E+09   4.49996134E+09   4.49996134E+09   4.11716101E+09   3.76697534E+09   3.76697534E+09
   1.22000000E-02   3.67704159E+09   4.43680913E+09   4.43680913E+09   4.10227119E+09   3.74901870E+09   3.74901870E+09
   1.24000000E-02   3.65474720E+09   4.37225883E+09   4.37225883E+09   4.08465881E+09   3.72936101E+09   3.72936101E+09
   1.26000000E-02   3.63114060E+09   4.30649260E+09   4.30649260E+09   4.06444627E+09   3.70808576E+09   3.70808576E+09
   1.28000000E-02   3.60629619E+09   4.23968344E+09   4.23968344E+09   4.04175556E+09   3.68527491E+09   3.68527491E+09
   1.30000000E-02   3.58028615E+09   4.17199530E+09   4.17199530E+09   4.01670793E+09   3.66100879E+09   3.66100879E+09
   1.32000000E-02   3.55318043E+09   4.10358325E+09   4.10358325E+09   3.98942357E+09   3.63536603E+09   3.63536603E+09
   1.34000000E-02   3.52504681E+09   4.03459364E+09   4.03459364E+09   3.96002134E+09   3.60842353E+09   3.60842353E+09
   1.36000000E-02   3.49595088E+09   3.96516438E+09   3.96516438E+09   3.92861853E+09   3.58025635E+09   3.58025635E+09
   1.38000000E-02   3.46595609E+09   3.89542507E+09   3.89542507E+09   3.89533065E+09   3.55093773E+09   3.55093773E+09
   1.40000000E-02   3.43512375E+09   3.82549734E+09   3.82549734E+09   3.86027118E+09   3.52053901E+09   3.52053901E+09
   1.42000000E-02   3.40351307E+09   3.75549502E+09   3.75549502E+09   3.82355145E+09   3.48912963E+09   3.48912963E+09
   1.44000000E-02   3.37118120E+09   3.68552445E+09   3.68552445E+09   3.78528045E+09   3.45677709E+09   3.45677709E+09
   1.46000000E-02   3.33818326E+09   3.61568472E+09   3.61568472E+09   3.74556469E+09   3.42354695E+09   3.42354695E+09
   1.48000000E-02   3.30457235E+09   3.54606796E+09   3.54606796E+09   3.70450810E+09   3.38950282E+09   3.38950282E+09
   1.50000000E-02   3.27039965E+09   3.47675958E+09   3.47675958E+09   3.66221191E+09   3.35470633E+09   3.35470633E+09
   1.52000000E-02   3.23571439E+09   3.40783861E+09   3.40783861E+09   3.61877459E+09   3.31921719E+09   3.31921719E+09
   1.54000000E-02   3.20056393E+09   3.33937788E+09   3.33937788E+09   3.57429174E+09   3.28309313E+09   3.28309313E+09
   1.56000000E-02   3.16499379E+09   3.27144440E+09   3.27144440E+09   3.52885607E+09   3.24638995E+09   3.24638995E+09
   1.58000000E-02   3.12904770E+09   3.20409954E+09   3.20409954E+09   3.48255734E+09   3.20916152E+09   3.20916152E+09
   1.60000000E-02   3.09276763E+09   3.13739933E+09   3.13739933E+09   3.43548232E+09   3.17145980E+09   3.17145980E+09
   1.62000000E-02   3.05619386E+09   3.07139475E+09   3.07139475E+09   3.38771480E+09   3.13333488E+09   3.13333488E+09
   1.64000000E-02   3.01936498E+09   3.00613194E+09   3.00613194E+09   3.33933554E+09   3.09483494E+09   3.09483494E+09
   1.66000000E-02   2.98231798E+09   2.94165248E+09   2.94165248E+09   3.29042229E+09   3.05600637E+09   3.05600637E+09
   1.68000000E-02   2.94508825E+09   2.87799362E+09   2.87799362E+09   3.24104982E+09   3.01689373E+09   3.01689373E+09
   1.70000000E-02   2.90770966E+09   2.81518853E+09   2.81518853E+09   3.19128990E+09   2.97753978E+09   2.97753978E+09
   1.72000000E-02   2.87021458E+09   2.75326653E+09   2.75326653E+09   3.14121132E+09   2.93798555E+09   2.93798555E+09
   1.74000000E-02   2.83263395E+09   2.69225328E+09   2.69225328E+09   3.09087998E+09   2.89827036E+09   2.89827036E+09
   1.76000000E-02   2.79499729E+09   2.63217106E+09   2.63217106E+09   3.04035884E+09   2.85843182E+09   2.85843182E+09
   1.78000000E-02   2.75733276E+09   2.57303893E+09   2.57303893E+09   2.98970803E+09   2.81850592E+09   2.81850592E+09
   1.80000000E-02   2.71966718E+09   2.51487293E+09   2.51487293E+09   2.93898485E+09   2.77852704E+09   2.77852704E+09
   1.82000000E-02   2.68202613E+09   2.45768630E+09   2.45768630E+09   2.88824387E+09   2.73852797E+09   2.73852797E+09
   1.84000000E-02   2.64443390E+09   2.40148965E+09   2.40148965E+09   2.83753692E+09   2.69853998E+09   2.69853998E+09
   1.86000000E-02   2.60691364E+09   2.34629113E+09   2.34629113E+09   2.78691320E+09   2.65859284E+09   2.65859284E+09
   1.88000000E-02   2.56948727E+09   2.29209662E+09   2.29209662E+09   2.73641933E+09   2.61871487E+09   2.61871487E+09
   1.90000000E-02   2.53217564E+09   2.23890987E+09   2.23890987E+09   2.68609937E+09   2.57893297E+09   2.57893297E+09
   1.92000000E-02   2.49499850E+09   2.18673267E+09   2.18673267E+09   2.63599494E+09   2.53927268E+09   2.53927268E+09
   1.94000000E-02   2.45797454E+09   2.13556497E+09   2.13556497E+09   2.58614527E+09   2.49975817E+09   2.49975817E+09
   1.96000000E-02   2.42112145E+09   2.08540508E+09   2.08540508E+09   2.53658723E+09   2.46041234E+09   2.46041234E+09
   1.98000000E-02   2.38445593E+09   2.03624972E+09   2.03624972E+09   2.48735546E+09   2.42125683E+09   2.42125683E+09
   2.00000000E-02   2.34799375E+09   1.98809422E+09   1.98809422E+09   2.43848237E+09   2.38231205E+09   2.38231205E+09
   2.02000000E-02   2.31174978E+09   1.94093260E+09   1.94093260E+09   2.38999829E+09   2.34359724E+09   2.34359724E+09
   2.04000000E-02   2.27573798E+09   1.89475769E+09   1.89475769E+09   2.34193146E+09   2.30513050E+09   2.30513050E+09
   2.06000000E-02   2.23997150E+09   1.84956124E+09   1.84956124E+09   2.29430814E+09   2.26692881E+09   2.26692881E+09
   2.08000000E-02   2.20446267E+09   1.80533400E+09   1.80533400E+09   2.24715269E+09   2.22900811E+09   2.22900811E+09
   2.10000000E-02   2.16922301E+09   1.76206588E+09   1.76206588E+09   2.20048762E+09   2.19138330E+09   2.19138330E+09
   2.12000000E-02   2.13426333E+09   1.71974594E+09   1.71974594E+09   2.15433365E+09   2.15406828E+09   2.15406828E+09
   2.14000000E-02   2.09959368E+09   1.67836257E+09   1.67836257E+09   2.10870979E+09   2.11707601E+09   2.11707601E+09
   2.16000000E-02   2.06522344E+09   1.63790349E+09   1.63790349E+09   2.06363343E+09   2.08041851E+09   2.08041851E+09
   2.18000000E-02   2.03116130E+09   1.59835589E+09   1.59835589E+09   2.01912035E+09   2.04410695E+09   2.04410695E+09
   2.20000000E-02   1.99741532E+09   1.55970644E+09   1.55970644E+09   1.97518486E+09   2.00815160E+09   2.00815160E+09
   2.22000000E-02   1.96399293E+09   1.52194142E+09   1.52194142E+09   1.93183978E+09   1.97256195E+09   1.97256195E+09
   2.24000000E-02   1.93090099E+09   1.48504670E+09   1.48504670E+09   1.88909657E+09   1.93734670E+09   1.93734670E+09
   2.26000000E-02   1.89814577E+09   1.44900788E+09   1.44900788E+09   1.84696537E+09   1.90251376E+09   1.90251376E+09
   2.28000000E-02   1.86573301E+09   1.41381027E+09   1.41381027E+09   1.80545505E+09   1.86807036E+09   1.86807036E+09
   2.30000000E-02   1.83366792E+09   1.37943898E+09   1.37943898E+09   1.76457327E+09   1.83402302E+09   1.83402302E+09
   2.32000000E-02   1.80195521E+09   1.34587898E+09   1.34587898E+09   1.72432657E+09   1.80037760E+09   1.80037760E+09
   2.34000000E-02   1.77059912E+09   1.31311507E+09   1.31311507E+09   1.68472036E+09   1.76713931E+09   1.76713931E+09
   2.36000000E-02   1.73960342E+09   1.28113201E+09   1.28113201E+09   1.64575906E+09   1.73431277E+09   1.73431277E+09
   2.38000000E-02   1.70897144E+09   1.24991449E+09   1.24991449E+09   1.60744608E+09   1.70190201E+09   1.70190201E+09
   2.40000000E-02   1.67870610E+09   1.21944718E+09   1.21944718E+09   1.56978391E+09   1.66991052E+09   1.66991052E+09
   2.42000000E-02   1.64880993E+09   1.18971478E+09   1.18971478E+09   1.53277415E+09   1.63834126E+09   1.63834126E+09
   2.44000000E-02   1.61928506E+09   1.16070200E+09   1.16070200E+09   1.49641758E+09   1.60719666E+09   1.60719666E+09
   2.46000000E-02   1.59013325E+09   1.13239367E+09   1.13239367E+09   1.46071418E+09   1.57647870E+09   1.57647870E+09
   2.48000000E-02   1.56135593E+09   1.10477465E+09   1.10477465E+09   1.42566322E+09   1.54618890E+09   1.54618890E+09
   2.50000000E-02   1.53295419E+09   1.07782994E+09   1.07782994E+09   1.39126324E+09   1.51632834E+09   1.51632834E+09
   2.52000000E-02   1.50492880E+09   1.05154468E+09   1.05154468E+09   1.35751214E+09   1.48689769E+09   1.48689769E+09
   2.54000000E-02   1.47728024E+09   1.02590413E+09   1.02590413E+09   1.32440722E+09   1.45789723E+09   1.45789723E+09
   2.56000000E-02   1.45000870E+09   1.00089372E+09   1.00089372E+09   1.29194519E+09   1.42932687E+09   1.42932687E+09
   2.58000000E-02   1.42311409E+09   9.76499057E+08   9.76499057E+08   1.26012222E+09   1.40118618E+09   1.40118618E+09
   2.60000000E-02   1.39659606E+09   9.52705938E+08   9.52705938E+08   1.22893400E+09   1.37347438E+09   1.37347438E+09
   2.62000000E-02   1.37045403E+09   9.29500350E+08   9.29500350E+08   1.19837575E+09   1.34619040E+09   1.34619040E+09
   2.64000000E-02   1.34468718E+09   9.06868487E+08   9.06868487E+08   1.16844224E+09   1.31933285E+09   1.31933285E+09
   2.66000000E-02   1.31929447E+09   8.84796759E+08   8.84796759E+08   1.13912787E+09   1.29290007E+09   1.29290007E+09
   2.68000000E-02   1.29427464E+09   8.63271798E+08   8.63271798E+08   1.11042665E+09   1.26689015E+09   1.26689015E+09
   2.70000000E-02   1.26962625E+09   8.42280462E+08   8.42280462E+08   1.08233226E+09   1.24130093E+09   1.24130093E+09
   2.72000000E-02   1.24534766E+09   8.21809841E+08   8.21809841E+08   1.05483806E+09   1.21613001E+09   1.21613001E+09
   2.74000000E-02   1.22143707E+09   8.01847261E+08   8.01847261E+08   1.02793715E+09   1.19137478E+09   1.19137478E+09
   2.76000000E-02   1.19789249E+09   7.82380289E+08   7.82380289E+08   1.00162234E+09   1.16703242E+09   1.16703242E+09
   2.78000000E-02   1.17471180E+09   7.63396732E+08   7.63396732E+08   9.75886240E+08   1.14309994E+09   1.14309994E+09
   2.80000000E-02   1.15189271E+09   7.44884640E+08   7.44884640E+08   9.50721218E+08   1.11957416E+09   1.11957416E+09
   2.82000000E-02   1.12943281E+09   7.26832310E+08   7.26832310E+08   9.26119472E+08   1.09645172E+09   1.09645172E+09
   2.84000000E-02   1.10732955E+09   7.09228281E+08   7.09228281E+08   9.02073030E+08   1.07372915E+09   1.07372915E+09
   2.86000000E-02   1.08558027E+09   6.92061337E+08   6.92061337E+08   8.78573772E+08   1.05140281E+09   1.05140281E+09
   2.88000000E-02   1.06418218E+09   6.75320509E+08   6.75320509E+08   8.55613448E+08   1.02946892E+09   1.02946892E+09
   2.90000000E-02   1.04313239E+09   6.58995067E+08   6.58995067E+08   8.33183702E+08   1.00792362E+09   1.00792362E+09
   2.92000000E-02   1.02242794E+09   6.43074526E+08   6.43074526E+08   8.11276081E+08   9.86762912E+08   9.86762912E+08
   2.94000000E-02   1.00206573E+09   6.27548640E+08   6.27548640E+08   7.89882059E+08   9.65982697E+08   9.65982697E+08
   2.96000000E-02   9.82042612E+08   6.12407398E+08   6.12407398E+08   7.68993044E+08   9.45578798E+08   9.45578798E+08
   2.98000000E-02   9.62355349E+08   5.97641028E+08   5.97641028E+08   7.48600401E+08   9.25546950E+08   9.25546950E+08
   3.00000000E-02   9.43000632E+08   5.83239987E+08   5.83239987E+08   7.28695459E+08   9.05882815E+08   9.05882815E+08
   3.02000000E-02   9.23975086E+08   5.69194965E+08   5.69194965E+08   7.09269527E+08   8.86581989E+08   8.86581989E+08
   3.04000000E-02   9.05275278E+08   5.55496874E+08   5.55496874E+08   6.90313903E+08   8.67640011E+08   8.67640011E+08
   3.06000000E-02   8.86897719E+08   5.42136854E+08   5.42136854E+08   6.71819891E+08   8.49052366E+08   8.49052366E+08
   3.08000000E-02   8.68838871E+08   5.29106259E+08   5.29106259E+08   6.53778804E+08   8.30814496E+08   8.30814496E+08
   3.10000000E-02   8.51095154E+08   5.16396662E+08   5.16396662E+08   6.36181981E+08   8.12921806E+08   8.12921806E+08
   3.12000000E-02   8.33662944E+08   5.03999848E+08   5.03999848E+08   6.19020790E+08   7.95369668E+08   7.95369668E+08
   3.14000000E-02   8.16538586E+08   4.91907809E+08   4.91907809E+08   6.02286642E+08   7.78153426E+08   7.78153426E+08
   3.16000000E-02   7.99718393E+08   4.80112741E+08   4.80112741E+08   5.85970994E+08   7.61268407E+08   7.61268407E+08
   3.18000000E-02   7.83198651E+08   4.68607041E+08   4.68607041E+08   5.70065363E+08   7.44709920E+08   7.44709920E+08
   3.20000000E-02   7.66975623E+08   4.57383301E+08   4.57383301E+08   5.54561324E+08   7.28473265E+08   7.28473265E+08
   3.22000000E-02   7.51045555E+08   4.46434306E+08   4.46434306E+08   5.39450524E+08   7.12553734E+08   7.12553734E+08
   3.24000000E-02   7.35404677E+08   4.35753028E+08   4.35753028E+08   5.24724685E+08   6.96946620E+08   6.96946620E+08
   3.26000000E-02   7.20049208E+08   4.25332625E+08   4.25332625E+08   5.10375608E+08   6.81647217E+08   6.81647217E+08
   3.28000000E-02   7.04975356E+08   4.15166430E+08   4.15166430E+08   4.96395181E+08   6.66650828E+08   6.66650828E+08
   3.30000000E-02   6.90179327E+08   4.05247956E+08   4.05247956E+08   4.82775382E+08   6.51952764E+08   6.51952764E+08
   3.32000000E-02   6.75657323E+08   3.95570885E+08   3.95570885E+08   4.69508280E+08   6.37548351E+08   6.37548351E+08
   3.34000000E-02   6.61405545E+08   3.86129067E+08   3.86129067E+08   4.56586046E+08   6.23432932E+08   6.23432932E+08
   3.36000000E-02   6.47420201E+08   3.76916515E+08   3.76916515E+08   4.44000950E+08   6.09601870E+08   6.09601870E+08
   3.38000000E-02   6.33697500E+08   3.67927401E+08   3.67927401E+08   4.31745365E+08   5.96050551E+08   5.96050551E+08
   3.40000000E-02   6.20233663E+08   3.59156054E+08   3.59156054E+08   4.19811772E+08   5.82774388E+08   5.82774388E+08
   3.42000000E-02   6.07024918E+08   3.50596951E+08   3.50596951E+08   4.08192763E+08   5.69768820E+08   5.69768820E+08
   3.44000000E-02   5.94067507E+08   3.42244721E+08   3.42244721E+08   3.96881037E+08   5.57029318E+08   5.57029318E+08
   3.46000000E-02   5.81357688E+08   3.34094132E+08   3.34094132E+08   3.85869410E+08   5.44551387E+08   5.44551387E+08
   3.48000000E-02   5.68891731E+08   3.26140095E+08   3.26140095E+08   3.75150809E+08   5.32330565E+08   5.32330565E+08
   3.50000000E-02   5.56665929E+08   3.18377657E+08   3.18377657E+08   3.64718280E+08   5.20362427E+08   5.20362427E+08
   3.52000000E-02   5.44676592E+08   3.10801997E+08   3.10801997E+08   3.54564983E+08   5.08642587E+08   5.08642587E+08
   3.54000000E-02   5.32920052E+08   3.03408422E+08   3.03408422E+08   3.44684199E+08   4.97166699E+08   4.97166699E+08
   3.56000000E-02   5.21392664E+08   2.96192368E+08   2.96192368E+08   3.35069323E+08   4.85930459E+08   4.85930459E+08
   3.58000000E-02   5.10090808E+08   2.89149390E+08   2.89149390E+08   3.25713872E+08   4.74929604E+08   4.74929604E+08
   3.60000000E-02   4.99010889E+08   2.82275163E+08   2.82275163E+08   3.16611481E+08   4.64159918E+08   4.64159918E+08
   3.62000000E-02   4.88149339E+08   2.75565477E+08   2.75565477E+08   3.07755903E+08   4.53617228E+08   4.53617228E+08
   3.64000000E-02   4.77502618E+08   2.69016237E+08   2.69016237E+08   2.99141010E+08   4.43297408E+08   4.43297408E+08
   3.66000000E-02   4.67067215E+08   2.62623455E+08   2.62623455E+08   2.90760794E+08   4.33196379E+08   4.33196379E+08
   3.68000000E-02   4.56839651E+08   2.56383249E+08   2.56383249E+08   2.82609365E+08   4.23310112E+08   4.23310112E+08
   3.70000000E-02   4.46816476E+08   2.50291841E+08   2.50291841E+08   2.74680949E+08   4.13634623E+08   4.13634623E+08
   3.72000000E-02   4.36994273E+08   2.44345555E+08   2.44345555E+08   2.66969890E+08   4.04165981E+08   4.04165981E+08
   3.74000000E-02   4.27369657E+08   2.38540810E+08   2.38540810E+08   2.59470648E+08   3.94900303E+08   3.94900303E+08
   3.76000000E-02   4.17939277E+08   2.32874121E+08   2.32874121E+08   2.52177801E+08   3.85833757E+08   3.85833757E+08
   3.78000000E-02   4.08699816E+08   2.27342095E+08   2.27342095E+08   2.45086038E+08   3.76962562E+08   3.76962562E+08
   3.80000000E-02   3.99647991E+08   2.21941430E+08   2.21941430E+08   2.38190163E+08   3.68282988E+08   3.68282988E+08
   3.82000000E-02   3.90780557E+08   2.16668909E+08   2.16668909E+08   2.31485093E+08   3.59791356E+08   3.59791356E+08
   3.84000000E-02   3.82094303E+08   2.11521400E+08   2.11521400E+08   2.24965855E+08   3.51484040E+08   3.51484040E+08
   3.86000000E-02   3.73586052E+08   2.06495854E+08   2.06495854E+08   2.18627588E+08   3.43357465E+08   3.43357465E+08
   3.88000000E-02   3.65252668E+08   2.01589302E+08   2.01589302E+08   2.12465536E+08   3.35408109E+08   3.35408109E+08
   3.90000000E-02   3.57091049E+08   1.96798850E+08   1.96798850E+08   2.06475054E+08   3.27632499E+08   3.27632499E+08
   3.92000000E-02   3.49098132E+08   1.92121683E+08   1.92121683E+08   2.00651602E+08   3.20027219E+08   3.20027219E+08
   3.94000000E-02   3.41270890E+08   1.87555057E+08   1.87555057E+08   1.94990743E+08   3.12588900E+08   3.12588900E+08
   3.96000000E-02   3.33606336E+08   1.83096299E+08   1.83096299E+08   1.89488144E+08   3.05314228E+08   3.05314228E+08
   3.98000000E-02   3.26101519E+08   1.78742807E+08   1.78742807E+08   1.84139574E+08   2.98199940E+08   2.98199940E+08
   4.00000000E-02   3.18753527E+08   1.74492043E+08   1.74492043E+08   1.78940901E+08   2.91242825E+08   2.91242825E+08
   4.02000000E-02   3.11559486E+08   1.70341537E+08   1.70341537E+08   1.73888091E+08   2.84439721E+08   2.84439721E+08
   4.04000000E-02   3.04516562E+08   1.66288882E+08   1.66288882E+08   1.68977209E+08   2.77787520E+08   2.77787520E+08
   4.06000000E-02   2.97621956E+08   1.62331730E+08   1.62331730E+08   1.64204411E+08   2.71283164E+08   2.71283164E+08
   4.08000000E-02   2.90872912E+08   1.58467797E+08   1.58467797E+08   1.59565950E+08   2.64923646E+08   2.64923646E+08
   4.10000000E-02   2.84266708E+08   1.54694854E+08   1.54694854E+08   1.55058169E+08   2.58706007E+08   2.58706007E+08
   4.12000000E-02   2.77800663E+08   1.51010730E+08   1.51010730E+08   1.50677503E+08   2.52627340E+08   2.52627340E+08
   4.14000000E-02   2.71472134E+08   1.47413307E+08   1.47413307E+08   1.46420473E+08   2.46684787E+08   2.46684787E+08
   4.16000000E-02   2.65278515E+08   1.43900524E+08   1.43900524E+08   1.42283688E+08   2.40875540E+08   2.40875540E+08
   4.18000000E-02   2.59217241E+08   1.40470369E+08   1.40470369E+08   1.38263843E+08   2.35196838E+08   2.35196838E+08
   4.20000000E-02   2.53285782E+08   1.37120881E+08   1.37120881E+08   1.34357715E+08   2.29645969E+08   2.29645969E+08
   4.22000000E-02   2.47481647E+08   1.33850148E+08   1.33850148E+08   1.30562165E+08   2.24220269E+08   2.24220269E+08
   4.24000000E-02   2.41802383E+08   1.30656306E+08   1.30656306E+08   1.26874131E+08   2.18917120E+08   2.18917120E+08
   4.26000000E-02   2.36245575E+08   1.27537538E+08   1.27537538E+08   1.23290631E+08   2.13733954E+08   2.13733954E+08
   4.28000000E-02   2.30808843E+08   1.24492071E+08   1.24492071E+08   1.19808763E+08   2.08668245E+08   2.08668245E+08
   4.30000000E-02   2.25489848E+08   1.21518177E+08   1.21518177E+08   1.16425695E+08   2.03717516E+08   2.03717516E+08
   4.32000000E-02   2.20286284E+08   1.18614169E+08   1.18614169E+08   1.13138672E+08   1.98879335E+08   1.98879335E+08
   4.34000000E-02   2.15195883E+08   1.15778403E+08   1.15778403E+08   1.09945010E+08   1.94151313E+08   1.94151313E+08
   4.36000000E-02   2.10216415E+08   1.13009275E+08   1.13009275E+08   1.06842097E+08   1.89531107E+08   1.89531107E+08
   4.38000000E-02   2.05345684E+08   1.10305219E+08   1.10305219E+08   1.03827388E+08   1.85016416E+08   1.85016416E+08
   4.40000000E-02   2.00581530E+08   1.07664710E+08   1.07664710E+08   1.00898407E+08   1.80604984E+08   1.80604984E+08
   4.42000000E-02   1.95921830E+08   1.05086257E+08   1.05086257E+08   9.80527421E+07   1.76294597E+08   1.76294597E+08
   4.44000000E-02   1.91364494E+08   1.02568407E+08   1.02568407E+08   9.52880478E+07   1.72083081E+08   1.72083081E+08
   4.46000000E-02   1.86907468E+08   1.00109742E+08   1.00109742E+08   9.26020403E+07   1.67968307E+08   1.67968307E+08
   4.48000000E-02   1.82548734E+08   9.77088789E+07   9.77088789E+07   8.99924976E+07   1.63948183E+08   1.63948183E+08
   4.50000000E-02   1.78286305E+08   9.53644662E+07   9.53644662E+07   8.74572575E+07   1.60020661E+08   1.60020661E+08
   4.52000000E-02   1.74118230E+08   9.30751862E+07   9.30751862E+07   8.49942166E+07   1.56183729E+08   1.56183729E+08
   4.54000000E-02   1.70042592E+08   9.08397526E+07   9.08397526E+07   8.26013285E+07   1.52435417E+08   1.52435417E+08
   4.56000000E-02   1.66057505E+08   8.86569098E+07   8.86569098E+07   8.02766027E+07   1.48773793E+08   1.48773793E+08
   4.58000000E-02   1.62161117E+08   8.65254323E+07   8.65254323E+07   7.80181030E+07   1.45196961E+08   1.45196961E+08
   4.60000000E-02   1.58351610E+08   8.44441236E+07   8.44441236E+07   7.58239464E+07   1.41703065E+08   1.41703065E+08
   4.62000000E-02   1.54627196E+08   8.24118158E+07   8.24118158E+07   7.36923017E+07   1.38290285E+08   1.38290285E+08
   4.64000000E-02   1.50986118E+08   8.04273689E+07   8.04273689E+07   7.16213881E+07   1.34956836E+08   1.34956836E+08
   4.66000000E-02   1.47426652E+08   7.84896697E+07   7.84896697E+07   6.96094741E+07   1.31700969E+08   1.31700969E+08
   4.68000000E-02   1.43947105E+08   7.65976312E+07   7.65976312E+07   6.76548762E+07   1.28520973E+08   1.28520973E+08
   4.70000000E-02   1.40545814E+08   7.47501924E+07   7.47501924E+07   6.57559578E+07   1.25415167E+08   1.25415167E+08
   4.72000000E-02   1.37221145E+08   7.29463171E+07   7.29463171E+07   6.39111276E+07   1.22381907E+08   1.22381907E+08
   4.74000000E-02   1.33971496E+08   7.11849934E+07   7.11849934E+07   6.21188390E+07   1.19419582E+08   1.19419582E+08
   4.76000000E-02   1.30795293E+08   6.94652333E+07   6.94652333E+07   6.03775885E+07   1.16526613E+08   1.16526613E+08
   4.78000000E-02   1.27690991E+08   6.77860719E+07   6.77860719E+07   5.86859147E+07   1.13701453E+08   1.13701453E+08
   4.80000000E-02   1.24657074E+08   6.61465668E+07   6.61465668E+07   5.70423976E+07   1.10942589E+08   1.10942589E+08
   4.82000000E-02   1.21692055E+08   6.45457978E+07   6.45457978E+07   5.54456568E+07   1.08248536E+08   1.08248536E+08
   4.84000000E-02   1.18794472E+08   6.29828659E+07   6.29828659E+07   5.38943510E+07   1.05617842E+08   1.05617842E+08
   4.86000000E-02   1.15962893E+08   6.14568933E+07   6.14568933E+07   5.23871768E+07   1.03049085E+08   1.03049085E+08
   4.88000000E-02   1.13195913E+08   5.99670225E+07   5.99670225E+07   5.09228675E+07   1.00540870E+08   1.00540870E+08
   4.90000000E-02   1.10492153E+08   5.85124159E+07   5.85124159E+07   4.95001927E+07   9.80918356E+07   9.80918356E+07
   4.92000000E-02   1.07850260E+08   5.70922553E+07   5.70922553E+07   4.81179566E+07   9.57006447E+07   9.57006447E+07
   4.94000000E-02   1.05268906E+08   5.57057416E+07   5.57057416E+07   4.67749975E+07   9.33659904E+07   9.33659904E+07
   4.96000000E-02   1.02746791E+08   5.43520941E+07   5.43520941E+07   4.54701868E+07   9.10865927E+07   9.10865927E+07
   4.98000000E-02   1.00282638E+08   5.30305501E+07   5.30305501E+07   4.42024282E+07   8.88611989E+07   8.88611989E+07
   5.00000000E-02   9.78751963E+07   5.17403646E+07   5.17403646E+07   4.29706564E+07   8.66885825E+07   8.66885825E+07
   5.02000000E-02   9.55232376E+07   5.04808099E+07   5.04808099E+07   4.17738370E+07   8.45675432E+07   8.45675432E+07
   5.04000000E-02   9.32255590E+07   4.92511747E+07   4.92511747E+07   4.06109648E+07   8.24969063E+07   8.24969063E+07
   5.06000000E-02   9.09809806E+07   4.80507645E+07   4.80507645E+07   3.94810636E+07   8.04755221E+07   8.04755221E+07
   5.08000000E-02   8.87883461E+07   4.68789005E+07   4.68789005E+07   3.83831853E+07   7.85022655E+07   7.85022655E+07
   5.10000000E-02   8.66465217E+07   4.57349196E+07   4.57349196E+07   3.73164090E+07   7.65760354E+07   7.65760354E+07
   5.12000000E-02   8.45543961E+07   4.46181741E+07   4.46181741E+07   3.62798401E+07   7.46957545E+07   7.46957545E+07
   5.14000000E-02   8.25108802E+07   4.35280308E+07   4.35280308E+07   3.52726099E+07   7.28603688E+07   7.28603688E+07
   5.16000000E-02   8.05149067E+07   4.24638714E+07   4.24638714E+07   3.42938747E+07   7.10688469E+07   7.10688469E+07
   5.18000000E-02   7.85654294E+07   4.14250915E+07   4.14250915E+07   3.33428152E+07   6.93201798E+07   6.93201798E+07
   5.20000000E-02   7.66614234E+07   4.04111008E+07   4.04111008E+07   3.24186356E+07   6.76133804E+07   6.76133804E+07
   5.22000000E-02   7.48018843E+07   3.94213223E+07   3.94213223E+07   3.15205631E+07   6.59474831E+07   6.59474831E+07
   5.24000000E-02   7.29858281E+07   3.84551923E+07   3.84551923E+07   3.06478475E+07   6.43215432E+07   6.43215432E+07
   5.26000000E-02   7.12122907E+07   3.75121601E+07   3.75121601E+07   2.97997599E+07   6.27346368E+07   6.27346368E+07
   5.28000000E-02   6.94803277E+07   3.65916874E+07   3.65916874E+07   2.89755927E+07   6.11858601E+07   6.11858601E+07
   5.30000000E-02   6.77890138E+07   3.56932485E+07   3.56932485E+07   2.81746588E+07   5.96743293E+07   5.96743293E+07
   5.32000000E-02   6.61374430E+07   3.48163294E+07   3.48163294E+07   2.73962909E+07   5.81991797E+07   5.81991797E+07
   5.34000000E-02   6.45247276E+07   3.39604280E+07   3.39604280E+07   2.66398412E+07   5.67595661E+07   5.67595661E+07
   5.36000000E-02   6.29499983E+07   3.31250538E+07   3.31250538E+07   2.59046805E+07   5.53546615E+07   5.53546615E+07
   5.38000000E-02   6.14124038E+07   3.23097273E+07   3.23097273E+07   2.51901979E+07   5.39836574E+07   5.39836574E+07
   5.40000000E-02   5.99111104E+07   3.15139801E+07   3.15139801E+07   2.44958004E+07   5.26457632E+07   5.26457632E+07
   5.42000000E-02   5.84453018E+07   3.07373544E+07   3.07373544E+07   2.38209119E+07   5.13402059E+07   5.13402059E+07
   5.44000000E-02   5.70141785E+07   2.99794029E+07   2.99794029E+07   2.31649733E+07   5.00662295E+07   5.00662295E+07
   5.46000000E-02   5.56169579E+07   2.92396887E+07   2.92396887E+07   2.25274416E+07   4.88230950E+07   4.88230950E+07
   5.48000000E-02   5.42528739E+07   2.85177845E+07   2.85177845E+07   2.19077897E+07   4.76100797E+07   4.76100797E+07
   5.50000000E-02   5.29211762E+07   2.78132732E+07   2.78132732E+07   2.13055055E+07   4.64264774E+07   4.64264774E+07
   5.52000000E-02   5.16211306E+07   2.71257469E+07   2.71257469E+07   2.07200922E+07   4.52715973E+07   4.52715973E+07
   5.54000000E-02   5.03520182E+07   2.64548071E+07   2.64548071E+07   2.01510671E+07   4.41447644E+07   4.41447644E+07
   5.56000000E-02   4.91131354E+07   2.58000646E+07   2.58000646E+07   1.95979617E+07   4.30453186E+07   4.30453186E+07
   5.58000000E-02   4.79037936E+07   2.51611389E+07   2.51611389E+07   1.90603212E+07   4.19726149E+07   4.19726149E+07
   5.60000000E-02   4.67233187E+07   2.45376583E+07   2.45376583E+07   1.85377036E+07   4.09260227E+07   4.09260227E+07
   5.62000000E-02   4.55710511E+07   2.39292595E+07   2.39292595E+07   1.80296803E+07   3.99049257E+07   3.99049257E+07
   5.64000000E-02   4.44463453E+07   2.33355876E+07   2.33355876E+07   1.75358349E+07   3.89087213E+07   3.89087213E+07
   5.66000000E-02   4.33485697E+07   2.27562958E+07   2.27562958E+07   1.70557628E+07   3.79368210E+07   3.79368210E+07
   5.68000000E-02   4.22771060E+07   2.21910454E+07   2.21910454E+07   1.65890718E+07   3.69886491E+07   3.69886491E+07
   5.70000000E-02   4.12313495E+07   2.16395052E+07   2.16395052E+07   1.61353805E+07   3.60636434E+07   3.60636434E+07
   5.72000000E-02   4.02107085E+07   2.11013516E+07   2.11013516E+07   1.56943189E+07   3.51612543E+07   3.51612543E+07
   5.74000000E-02   3.92146040E+07   2.05762688E+07   2.05762688E+07   1.52655276E+07   3.42809448E+07   3.42809448E+07
   5.76000000E-02   3.82424696E+07   2.00639477E+07   2.00639477E+07   1.48486577E+07   3.34221899E+07   3.34221899E+07
   5.78000000E-02   3.72937511E+07   1.95640867E+07   1.95640867E+07   1.44433706E+07   3.25844770E+07   3.25844770E+07
   5.80000000E-02   3.63679067E+07   1.90763910E+07   1.90763910E+07   1.40493371E+07   3.17673048E+07   3.17673048E+07
   5.82000000E-02   3.54644061E+07   1.86005726E+07   1.86005726E+07   1.36662379E+07   3.09701839E+07   3.09701839E+07
   5.84000000E-02   3.45827306E+07   1.81363500E+07   1.81363500E+07   1.32937629E+07   3.01926357E+07   3.01926357E+07
   5.86000000E-02   3.37223731E+07   1.76834482E+07   1.76834482E+07   1.29316109E+07   2.94341929E+07   2.94341929E+07
   5.88000000E-02   3.28828374E+07   1.72415987E+07   1.72415987E+07   1.25794894E+07   2.86943988E+07   2.86943988E+07
   5.90000000E-02   3.20636384E+07   1.68105390E+07   1.68105390E+07   1.22371145E+07   2.79728073E+07   2.79728073E+07
   5.92000000E-02   3.12643015E+07   1.63900128E+07   1.63900128E+07   1.19042105E+07   2.72689825E+07   2.72689825E+07
   5.94000000E-02   3.04843627E+07   1.59797696E+07   1.59797696E+07   1.15805097E+07   2.65824987E+07   2.65824987E+07
   5.96000000E-02   2.97233683E+07   1.55795646E+07   1.55795646E+07   1.12657519E+07   2.59129397E+07   2.59129397E+07
   5.98000000E-02   2.89808745E+07   1.51891588E+07   1.51891588E+07   1.09596847E+07   2.52598994E+07   2.52598994E+07
   6.00000000E-02   2.82564476E+07   1.48083188E+07   1.48083188E+07   1.06620630E+07   2.46229807E+07   2.46229807E+07
   6.02000000E-02   2.75496634E+07   1.44368162E+07   1.44368162E+07   1.03726486E+07   2.40017961E+07   2.40017961E+07
   6.04000000E-02   2.68601070E+07   1.40744284E+07   1.40744284E+07   1.00912103E+07   2.33959666E+07   2.33959666E+07
   6.06000000E-02   2.61873732E+07   1.37209376E+07   1.37209376E+07   9.81752347E+06   2.28051226E+07   2.28051226E+07
   6.08000000E-02   2.55310654E+07   1.33761311E+07   1.33761311E+07   9.55137009E+06   2.22289025E+07   2.22289025E+07
   6.10000000E-02   2.48907962E+07   1.30398012E+07   1.30398012E+07   9.29253834E+06   2.16669536E+07   2.16669536E+07
   6.12000000E-02   2.42661867E+07   1.27117450E+07   1.27117450E+07   9.04082252E+06   2.11189313E+07   2.11189313E+07
   6.14000000E-02   2.36568667E+07   1.23917642E+07   1.23917642E+07   8.79602287E+06   2.05844989E+07   2.05844989E+07
   6.16000000E-02   2.30624743E+07   1.20796654E+07   1.20796654E+07   8.55794534E+06   2.00633277E+07   2.00633277E+07
   6.18000000E-02   2.24826556E+07   1.17752593E+07   1.17752593E+07   8.32640149E+06   1.95550966E+07   1.95550966E+07
   6.20000000E-02   2.19170649E+07   1.14783614E+07   1.14783614E+07   8.10120829E+06   1.90594922E+07   1.90594922E+07
   6.22000000E-02   2.13653642E+07   1.11887911E+07   1.11887911E+07   7.88218796E+06   1.85762084E+07   1.85762084E+07
   6.24000000E-02   2.08272232E+07   1.09063722E+07   1.09063722E+07   7.66916782E+06   1.81049460E+07   1.81049460E+07
   6.26000000E-02   2.03023192E+07   1.06309328E+07   1.06309328E+07   7.46198015E+06   1.76454133E+07   1.76454133E+07
   6.28000000E-02   1.97903367E+07   1.03623046E+07   1.03623046E+07   7.26046203E+06   1.71973252E+07   1.71973252E+07
   6.30000000E-02   1.92909674E+07   1.01003236E+07   1.01003236E+07   7.06445522E+06   1.67604033E+07   1.67604033E+07
   6.32000000E-02   1.88039102E+07   9.84482944E+06   9.84482944E+06   6.87380597E+06   1.63343758E+07   1.63343758E+07
   6.34000000E-02   1.83288707E+07   9.59566553E+06   9.59566553E+06   6.68836498E+06   1.59189773E+07   1.59189773E+07
   6.36000000E-02   1.78655614E+07   9.35267898E+06   9.35267898E+06   6.50798719E+06   1.55139488E+07   1.55139488E+07
   6.38000000E-02   1.74137011E+07   9.11572046E+06   9.11572046E+06   6.33253166E+06   1.51190373E+07   1.51190373E+07
   6.40000000E-02   1.69730154E+07   8.88464415E+06   8.88464415E+06   6.16186151E+06   1.47339958E+07   1.47339958E+07
   6.42000000E-02   1.65432361E+07   8.65930766E+06   8.65930766E+06   5.99584375E+06   1.43585832E+07   1.43585832E+07
   6.44000000E-02   1.61241010E+07   8.43957192E+06   8.43957192E+06   5.83434916E+06   1.39925640E+07   1.39925640E+07
   6.46000000E-02   1.57153541E+07   8.22530116E+06   8.22530116E+06   5.67725223E+06   1.36357086E+07   1.36357086E+07
   6.48000000E-02   1.53167455E+07   8.01636277E+06   8.01636277E+06   5.52443100E+06   1.32877924E+07   1.32877924E+07
   6.50000000E-02   1.49280306E+07   7.81262729E+06   7.81262729E+06   5.37576698E+06   1.29485966E+07   1.29485966E+07
   6.52000000E-02   1.45489709E+07   7.61396828E+06   7.61396828E+06   5.23114505E+06   1.26179072E+07   1.26179072E+07
   6.54000000E-02   1.41793332E+07   7.42026232E+06   7.42026232E+06   5.09045334E+06   1.22955156E+07   1.22955156E+07
   6.56000000E-02   1.38188899E+07   7.23138886E+06   7.23138886E+06   4.95358318E+06   1.19812181E+07   1.19812181E+07
   6.58000000E-02   1.34674184E+07   7.04723023E+06   7.04723023E+06   4.82042896E+06   1.16748158E+07   1.16748158E+07
   6.60000000E-02   1.31247016E+07   6.86767154E+06   6.86767154E+06   4.69088807E+06   1.13761145E+07   1.13761145E+07
   6.62000000E-02   1.27905272E+07   6.69260059E+06   6.69260059E+06   4.56486079E+06   1.10849250E+07   1.10849250E+07
   6.64000000E-02   1.24646881E+07   6.52190787E+06   6.52190787E+06   4.44225022E+06   1.08010621E+07   1.08010621E+07
   6.66000000E-02   1.21469818E+07   6.35548644E+06   6.35548644E+06   4.32296222E+06   1.05243454E+07   1.05243454E+07
   6.68000000E-02   1.18372108E+07   6.19323191E+06   6.19323191E+06   4.20690528E+06   1.02545987E+07   1.02545987E+07
   6.70000000E-02   1.15351819E+07   6.03504237E+06   6.03504237E+06   4.09399047E+06   9.99165018E+06   9.99165018E+06
   6.72000000E-02   1.12407068E+07   5.88081832E+06   5.88081832E+06   3.98413139E+06   9.73533191E+06   9.73533191E+06
   6.74000000E-02   1.09536013E+07   5.73046264E+06   5.73046264E+06   3.87724406E+06   9.48548015E+06   9.48548015E+06
   6.76000000E-02   1.06736857E+07   5.58388050E+06   5.58388050E+06   3.77324684E+06   9.24193508E+06   9.24193508E+06
   6.78000000E-02   1.04007845E+07   5.44097936E+06   5.44097936E+06   3.67206041E+06   9.00454070E+06   9.00454070E+06
   6.80000000E-02   1.01347264E+07   5.30166885E+06   5.30166885E+06   3.57360767E+06   8.77314480E+06   8.77314480E+06
   6.82000000E-02   9.87534401E+06   5.16586079E+06   5.16586079E+06   3.47781369E+06   8.54759883E+06   8.54759883E+06
   6.84000000E-02   9.62247399E+06   5.03346908E+06   5.03346908E+06   3.38460563E+06   8.32775782E+06   8.32775782E+06
   6.86000000E-02   9.37595684E+06   4.90440969E+06   4.90440969E+06   3.29391270E+06   8.11348031E+06   8.11348031E+06
   6.88000000E-02   9.13563684E+06   4.77860060E+06   4.77860060E+06   3.20566607E+06   7.90462827E+06   7.90462827E+06
   6.90000000E-02   8.90136196E+06   4.65596175E+06   4.65596175E+06   3.11979886E+06   7.70106699E+06   7.70106699E+06
   6.92000000E-02   8.67298377E+06   4.53641500E+06   4.53641500E+06   3.03624605E+06   7.50266505E+06   7.50266505E+06
   6.94000000E-02   8.45035740E+06   4.41988407E+06   4.41988407E+06   2.95494444E+06   7.30929418E+06   7.30929418E+06
   6.96000000E-02   8.23334138E+06   4.30629454E+06   4.30629454E+06   2.87583257E+06   7.12082926E+06   7.12082926E+06
   6.98000000E-02   8.02179765E+06   4.19557376E+06   4.19557376E+06   2.79885072E+06   6.93714818E+06   6.93714818E+06
   7.00000000E-02   7.81559141E+06   4.08765081E+06   4.08765081E+06   2.72394083E+06   6.75813182E+06   6.75813182E+06
   7.02000000E-02   7.61459111E+06   3.98245651E+06   3.98245651E+06   2.65104643E+06   6.58366393E+06   6.58366393E+06
   7.04000000E-02   7.41866831E+06   3.87992332E+06   3.87992332E+06   2.58011266E+06   6.41363111E+06   6.41363111E+06
   7.06000000E-02   7.22769767E+06   3.77998534E+06   3.77998534E+06   2.51108615E+06   6.24792272E+06   6.24792272E+06
   7.08000000E-02   7.04155683E+06   3.68257825E+06   3.68257825E+06   2.44391503E+06   6.08643080E+06   6.08643080E+06
   7.10000000E-02   6.86012637E+06   3.58763930E+06   3.58763930E+06   2.37854887E+06   5.92905004E+06   5.92905004E+06
   7.12000000E-02   6.68328975E+06   3.49510722E+06   3.49510722E+06   2.31493861E+06   5.77567769E+06   5.77567769E+06
   7.14000000E-02   6.51093321E+06   3.40492227E+06   3.40492227E+06   2.25303659E+06   5.62621352E+06   5.62621352E+06
   7.16000000E-02   6.34294572E+06   3.31702611E+06   3.31702611E+06   2.19279645E+06   5.48055975E+06   5.48055975E+06
   7.18000000E-02   6.17921895E+06   3.23136184E+06   3.23136184E+06   2.13417309E+06   5.33862097E+06   5.33862097E+06
   7.20000000E-02   6.01964715E+06   3.14787393E+06   3.14787393E+06   2.07712270E+06   5.20030414E+06   5.20030414E+06
   7.22000000E-02   5.86412714E+06   3.06650820E+06   3.06650820E+06   2.02160264E+06   5.06551846E+06   5.06551846E+06
   7.24000000E-02   5.71255822E+06   2.98721179E+06   2.98721179E+06   1.96757148E+06   4.93417539E+06   4.93417539E+06
   7.26000000E-02   5.56484212E+06   2.90993310E+06   2.90993310E+06   1.91498890E+06   4.80618855E+06   4.80618855E+06
   7.28000000E-02   5.42088296E+06   2.83462182E+06   2.83462182E+06   1.86381571E+06   4.68147368E+06   4.68147368E+06
   7.30000000E-02   5.28058718E+06   2.76122882E+06   2.76122882E+06   1.81401379E+06   4.55994857E+06   4.55994857E+06
   7.32000000E-02   5.14386346E+06   2.68970622E+06   2.68970622E+06   1.76554608E+06   4.44153307E+06   4.44153307E+06
   7.34000000E-02   5.01062273E+06   2.62000725E+06   2.62000725E+06   1.71837653E+06   4.32614897E+06   4.32614897E+06
   7.36000000E-02   4.88077806E+06   2.55208633E+06   2.55208633E+06   1.67247008E+06   4.21372001E+06   4.21372001E+06
   7.38000000E-02   4.75424464E+06   2.48589897E+06   2.48589897E+06   1.62779264E+06   4.10417177E+06   4.10417177E+06
   7.40000000E-02   4.63093972E+06   2.42140175E+06   2.42140175E+06   1.58431104E+06   3.99743171E+06   3.99743171E+06
   7.42000000E-02   4.51078256E+06   2.35855234E+06   2.35855234E+06   1.54199303E+06   3.89342905E+06   3.89342905E+06
   7.44000000E-02   4.39369440E+06   2.29730943E+06   2.29730943E+06   1.50080725E+06   3.79209477E+06   3.79209477E+06
   7.46000000E-02   4.27959839E+06   2.23763273E+06   2.23763273E+06   1.46072317E+06   3.69336154E+06   3.69336154E+06
   7.48000000E-02   4.16841954E+06   2.17948293E+06   2.17948293E+06   1.42171113E+06   3.59716371E+06   3.59716371E+06
   7.50000000E-02   4.06008473E+06   2.12282168E+06   2.12282168E+06   1.38374227E+06   3.50343724E+06   3.50343724E+06
   7.52000000E-02   3.95452260E+06   2.06761158E+06   2.06761158E+06   1.34678850E+06   3.41211969E+06   3.41211969E+06
   7.54000000E-02   3.85166353E+06   2.01381614E+06   2.01381614E+06   1.31082251E+06   3.32315016E+06   3.32315016E+06
   7.56000000E-02   3.75143963E+06   1.96139978E+06   1.96139978E+06   1.27581775E+06   3.23646925E+06   3.23646925E+06
   7.58000000E-02   3.65378466E+06   1.91032777E+06   1.91032777E+06   1.24174836E+06   3.15201904E+06   3.15201904E+06
   7.60000000E-02   3.55863399E+06   1.86056627E+06   1.86056627E+06   1.20858921E+06   3.06974305E+06   3.06974305E+06
   7.62000000E-02   3.46592460E+06   1.81208224E+06   1.81208224E+06   1.17631586E+06   2.98958619E+06   2.98958619E+06
   7.64000000E-02   3.37559501E+06   1.76484347E+06   1.76484347E+06   1.14490450E+06   2.91149475E+06   2.91149475E+06
   7.66000000E-02   3.28758525E+06   1.71881854E+06   1.71881854E+06   1.11433201E+06   2.83541636E+06   2.83541636E+06
   7.68000000E-02   3.20183683E+06   1.67397681E+06   1.67397681E+06   1.08457586E+06   2.76129994E+06   2.76129994E+06
   7.70000000E-02   3.11829268E+06   1.63028839E+06   1.63028839E+06   1.05561417E+06   2.68909568E+06   2.68909568E+06
   7.72000000E-02   3.03689718E+06   1.58772414E+06   1.58772414E+06   1.02742562E+06   2.61875502E+06   2.61875502E+06
   7.74000000E-02   2.95759603E+06   1.54625562E+06   1.54625562E+06   9.99989480E+05   2.55023061E+06   2.55023061E+06
   7.76000000E-02   2.88033632E+06   1.50585511E+06   1.50585511E+06   9.73285593E+05   2.48347627E+06   2.48347627E+06
   7.78000000E-02   2.80506639E+06   1.46649558E+06   1.46649558E+06   9.47294336E+05   2.41844697E+06   2.41844697E+06
   7.80000000E-02   2.73173592E+06   1.42815065E+06   1.42815065E+06   9.21996621E+05   2.35509883E+06   2.35509883E+06
   7.82000000E-02   2.66029579E+06   1.39079462E+06   1.39079462E+06   8.97373875E+05   2.29338904E+06   2.29338904E+06
   7.84000000E-02   2.59069811E+06   1.35440240E+06   1.35440240E+06   8.73408030E+05   2.23327587E+06   2.23327587E+06
   7.86000000E-02   2.52289618E+06   1.31894955E+06   1.31894955E+06   8.50081504E+05   2.17471862E+06   2.17471862E+06
   7.88000000E-02   2.45684446E+06   1.28441221E+06   1.28441221E+06   8.27377193E+05   2.11767764E+06   2.11767764E+06
   7.90000000E-02   2.39249852E+06   1.25076714E+06   1.25076714E+06   8.05278452E+05   2.06211423E+06   2.06211423E+06
   7.92000000E-02   2.32981506E+06   1.21799166E+06   1.21799166E+06   7.83769088E+05   2.00799070E+06   2.00799070E+06
   7.94000000E-02   2.26875185E+06   1.18606366E+06   1.18606366E+06   7.62833342E+05   1.95527028E+06   1.95527028E+06
   7.96000000E-02   2.20926769E+06   1.15496158E+06   1.15496158E+06   7.42455883E+05   1.90391712E+06   1.90391712E+06
   7.98000000E-02   2.15132242E+06   1.12466441E+06   1.12466441E+06   7.22621790E+05   1.85389629E+06   1.85389629E+06
   8.00000000E-02   2.09487689E+06   1.09515163E+06   1.09515163E+06   7.03316548E+05   1.80517372E+06   1.80517372E+06
   8.02000000E-02   2.03989291E+06   1.06640327E+06   1.06640327E+06   6.84526029E+05   1.75771620E+06   1.75771620E+06
   8.04000000E-02   1.98633325E+06   1.03839984E+06   1.03839984E+06   6.66236487E+05   1.71149136E+06   1.71149136E+06
   8.06000000E-02   1.93416160E+06   1.01112235E+06   1.01112235E+06   6.48434547E+05   1.66646763E+06   1.66646763E+06
   8.08000000E-02   1.88334257E+06   9.84552255E+05   9.84552255E+05   6.31107192E+05   1.62261425E+06   1.62261425E+06
   8.10000000E-02   1.83384165E+06   9.58671510E+05   9.58671510E+05   6.14241755E+05   1.57990123E+06   1.57990123E+06
   8.12000000E-02   1.78562518E+06   9.33462501E+05   9.33462501E+05   5.97825911E+05   1.53829933E+06   1.53829933E+06
   8.14000000E-02   1.73866037E+06   9.08908063E+05   9.08908063E+05   5.81847663E+05   1.49778004E+06   1.49778004E+06
   8.16000000E-02   1.69291521E+06   8.84991456E+05   8.84991456E+05   5.66295339E+05   1.45831560E+06   1.45831560E+06
   8.18000000E-02   1.64835853E+06   8.61696366E+05   8.61696366E+05   5.51157580E+05   1.41987892E+06   1.41987892E+06
   8.20000000E-02   1.60495993E+06   8.39006883E+05   8.39006883E+05   5.36423329E+05   1.38244361E+06   1.38244361E+06
   8.22000000E-02   1.56268977E+06   8.16907500E+05   8.16907500E+05   5.22081829E+05   1.34598393E+06   1.34598393E+06
   8.24000000E-02   1.52151915E+06   7.95383098E+05   7.95383098E+05   5.08122610E+05   1.31047480E+06   1.31047480E+06
   8.26000000E-02   1.48141989E+06   7.74418941E+05   7.74418941E+05   4.94535481E+05   1.27589178E+06   1.27589178E+06
   8.28000000E-02   1.44236455E+06   7.54000660E+05   7.54000660E+05   4.81310527E+05   1.24221104E+06   1.24221104E+06
   8.30000000E-02   1.40432634E+06   7.34114249E+05   7.34114249E+05   4.68438096E+05   1.20940936E+06   1.20940936E+06
   8.32000000E-02   1.36727917E+06   7.14746057E+05   7.14746057E+05   4.55908795E+05   1.17746410E+06   1.17746410E+06
   8.34000000E-02   1.33119761E+06   6.95882775E+05   6.95882775E+05   4.43713483E+05   1.14635321E+06   1.14635321E+06
   8.36000000E-02   1.29605684E+06   6.77511430E+05   6.77511430E+05   4.31843264E+05   1.11605517E+06   1.11605517E+06
   8.38000000E-02   1.26183270E+06   6.59619376E+05   6.59619376E+05   4.20289478E+05   1.08654902E+06   1.08654902E+06
   8.40000000E-02   1.22850162E+06   6.42194288E+05   6.42194288E+05   4.09043698E+05   1.05781435E+06   1.05781435E+06
   8.42000000E-02   1.19604063E+06   6.25224150E+05   6.25224150E+05   3.98097722E+05   1.02983125E+06   1.02983125E+06
   8.44000000E-02   1.16442735E+06   6.08697252E+05   6.08697252E+05   3.87443566E+05   1.00258030E+06   1.00258030E+06
   8.46000000E-02   1.13363994E+06   5.92602180E+05   5.92602180E+05   3.77073462E+05   9.76042616E+05   9.76042616E+05
   8.48000000E-02   1.10365715E+06   5.76927806E+05   5.76927806E+05   3.66979847E+05   9.50199754E+05   9.50199754E+05
   8.50000000E-02   1.07445824E+06   5.61663288E+05   5.61663288E+05   3.57155361E+05   9.25033759E+05   9.25033759E+05
   8.52000000E-02   1.04602299E+06   5.46798055E+05   5.46798055E+05   3.47592839E+05   9.00527129E+05   9.00527129E+05
   8.54000000E-02   1.01833172E+06   5.32321807E+05   5.32321807E+05   3.38285308E+05   8.76662808E+05   8.76662808E+05
   8.56000000E-02   9.91365220E+05   5.18224504E+05   5.18224504E+05   3.29225984E+05   8.53424173E+05   8.53424173E+05
   8.58000000E-02   9.65104788E+05   5.04496359E+05   5.04496359E+05   3.20408258E+05   8.30795025E+05   8.30795025E+05
   8.60000000E-02   9.39532187E+05   4.91127837E+05   4.91127837E+05   3.11825702E+05   8.08759581E+05   8.08759581E+05
   8.62000000E-02   9.14629644E+05   4.78109643E+05   4.78109643E+05   3.03472058E+05   7.87302456E+05   7.87302456E+05
   8.64000000E-02   8.90379839E+05   4.65432719E+05   4.65432719E+05   2.95341234E+05   7.66408662E+05   7.66408662E+05
   8.66000000E-02   8.66765891E+05   4.53088236E+05   4.53088236E+05   2.87427301E+05   7.46063590E+05   7.46063590E+05
   8.68000000E-02   8.43771350E+05   4.41067592E+05   4.41067592E+05   2.79724488E+05   7.26253007E+05   7.26253007E+05
   8.70000000E-02   8.21380183E+05   4.29362403E+05   4.29362403E+05   2.72227178E+05   7.06963043E+05   7.06963043E+05
   8.72000000E-02   7.99576766E+05   4.17964498E+05   4.17964498E+05   2.64929902E+05   6.88180182E+05   6.88180182E+05
   8.74000000E-02   7.78345872E+05   4.06865914E+05   4.06865914E+05   2.57827339E+05   6.69891254E+05   6.69891254E+05
   8.76000000E-02   7.57672664E+05   3.96058893E+05   3.96058893E+05   2.50914308E+05   6.52083427E+05   6.52083427E+05
   8.78000000E-02   7.37542683E+05   3.85535874E+05   3.85535874E+05   2.44185766E+05   6.34744197E+05   6.34744197E+05
   8.80000000E-02   7.17941836E+05   3.75289487E+05   3.75289487E+05   2.37636805E+05   6.17861380E+05   6.17861380E+05
   8.82000000E-02   6.98856393E+05   3.65312554E+05   3.65312554E+05   2.31262647E+05   6.01423105E+05   6.01423105E+05
   8.84000000E-02   6.80272975E+05   3.55598076E+05   3.55598076E+05   2.25058642E+05   5.85417804E+05   5.85417804E+05
   8.86000000E-02   6.62178542E+05   3.46139238E+05   3.46139238E+05   2.19020261E+05   5.69834207E+05   5.69834207E+05
   8.88000000E-02   6.44560390E+05   3.36929395E+05   3.36929395E+05   2.13143100E+05   5.54661334E+05   5.54661334E+05
   8.90000000E-02   6.27406138E+05   3.27962074E+05   3.27962074E+05   2.07422867E+05   5.39888486E+05   5.39888486E+05
   8.92000000E-02   6.10703724E+05   3.19230968E+05   3.19230968E+05   2.01855388E+05   5.25505237E+05   5.25505237E+05
   8.94000000E-02   5.94441394E+05   3.10729931E+05   3.10729931E+05   1.96436599E+05   5.11501432E+05   5.11501432E+05
   8.96000000E-02   5.78607694E+05   3.02452974E+05   3.02452974E+05   1.91162543E+05   4.97867176E+05   4.97867176E+05
   8.98000000E-02   5.63191465E+05   2.94394262E+05   2.94394262E+05   1.86029369E+05   4.84592828E+05   4.84592828E+05
   9.00000000E-02   5.48181833E+05   2.86548111E+05   2.86548111E+05   1.81033327E+05   4.71668995E+05   4.71668995E+05
   9.02000000E-02   5.33568206E+05   2.78908980E+05   2.78908980E+05   1.76170770E+05   4.59086527E+05   4.59086527E+05
   9.04000000E-02   5.19340259E+05   2.71471474E+05   2.71471474E+05   1.71438145E+05   4.46836508E+05   4.46836508E+05
   9.06000000E-02   5.05487937E+05   2.64230333E+05   2.64230333E+05   1.66831993E+05   4.34910253E+05   4.34910253E+05
   9.08000000E-02   4.92001440E+05   2.57180435E+05   2.57180435E+05   1.62348950E+05   4.23299301E+05   4.23299301E+05
   9.10000000E-02   4.78871221E+05   2.50316787E+05   2.50316787E+05   1.57985738E+05   4.11995409E+05   4.11995409E+05
   9.12000000E-02   4.66087980E+05   2.43634528E+05   2.43634528E+05   1.53739167E+05   4.00990545E+05   4.00990545E+05
   9.14000000E-02   4.53642654E+05   2.37128919E+05   2.37128919E+05   1.49606134E+05   3.90276887E+05   3.90276887E+05
   9.16000000E-02   4.41526414E+05   2.30795344E+05   2.30795344E+05   1.45583616E+05   3.79846813E+05   3.79846813E+05
   9.18000000E-02   4.29730661E+05   2.24629306E+05   2.24629306E+05   1.41668670E+05   3.69692898E+05   3.69692898E+05
   9.20000000E-02   4.18247013E+05   2.18626425E+05   2.18626425E+05   1.37858434E+05   3.59807910E+05   3.59807910E+05
   9.22000000E-02   4.07067308E+05   2.12782433E+05   2.12782433E+05   1.34150119E+05   3.50184804E+05   3.50184804E+05
   9.24000000E-02   3.96183592E+05   2.07093170E+05   2.07093170E+05   1.30541010E+05   3.40816716E+05   3.40816716E+05
   9.26000000E-02   3.85588118E+05   2.01554588E+05   2.01554588E+05   1.27028468E+05   3.31696961E+05   3.31696961E+05
   9.28000000E-02   3.75273337E+05   1.96162740E+05   1.96162740E+05   1.23609919E+05   3.22819024E+05   3.22819024E+05
   9.30000000E-02   3.65231898E+05   1.90913781E+05   1.90913781E+05   1.20282861E+05   3.14176564E+05   3.14176564E+05
   9.32000000E-02   3.55456638E+05   1.85803967E+05   1.85803967E+05   1.17044857E+05   3.05763399E+05   3.05763399E+05
   9.34000000E-02   3.45940578E+05   1.80829651E+05   1.80829651E+05   1.13893535E+05   2.97573510E+05   2.97573510E+05
   9.36000000E-02   3.36676922E+05   1.75987278E+05   1.75987278E+05   1.10826585E+05   2.89601033E+05   2.89601033E+05
   9.38000000E-02   3.27659048E+05   1.71273388E+05   1.71273388E+05   1.07841760E+05   2.81840258E+05   2.81840258E+05
   9.40000000E-02   3.18880506E+05   1.66684608E+05   1.66684608E+05   1.04936872E+05   2.74285620E+05   2.74285620E+05
   9.42000000E-02   3.10335014E+05   1.62217653E+05   1.62217653E+05   1.02109790E+05   2.66931702E+05   2.66931702E+05
   9.44000000E-02   3.02016452E+05   1.57869324E+05   1.57869324E+05   9.93584414E+04   2.59773224E+05   2.59773224E+05
   9.46000000E-02   2.93918857E+05   1.53636505E+05   1.53636505E+05   9.66808076E+04   2.52805047E+05   2.52805047E+05
   9.48000000E-02   2.86036424E+05   1.49516160E+05   1.49516160E+05   9.40749238E+04   2.46022162E+05   2.46022162E+05
   9.50000000E-02   2.78363495E+05   1.45505331E+05   1.45505331E+05   9.15388773E+04   2.39419692E+05   2.39419692E+05
   9.52000000E-02   2.70894562E+05   1.41601140E+05   1.41601140E+05   8.90708063E+04   2.32992886E+05   2.32992886E+05
   9.54000000E-02   2.63624258E+05   1.37800779E+05   1.37800779E+05   8.66688983E+04   2.26737119E+05   2.26737119E+05
   9.56000000E-02   2.56547355E+05   1.34101517E+05   1.34101517E+05   8.43313891E+04   2.20647884E+05   2.20647884E+05
   9.58000000E-02   2.49658764E+05   1.30500692E+05   1.30500692E+05   8.20565613E+04   2.14720791E+05   2.14720791E+05
   9.60000000E-02   2.42953524E+05   1.26995712E+05   1.26995712E+05   7.98427431E+04   2.08951566E+05   2.08951566E+05
   9.62000000E-02   2.36426806E+05   1.23584051E+05   1.23584051E+05   7.76883070E+04   2.03336045E+05   2.03336045E+05
   9.64000000E-02   2.30073906E+05   1.20263252E+05   1.20263252E+05   7.55916689E+04   1.97870174E+05   1.97870174E+05
   9.66000000E-02   2.23890241E+05   1.17030917E+05   1.17030917E+05   7.35512867E+04   1.92550003E+05   1.92550003E+05
   9.68000000E-02   2.17871350E+05   1.13884716E+05   1.13884716E+05   7.15656592E+04   1.87371687E+05   1.87371687E+05
   9.70000000E-02   2.12012886E+05   1.10822374E+05   1.10822374E+05   6.96333252E+04   1.82331480E+05   1.82331480E+05
   9.72000000E-02   2.06310616E+05   1.07841681E+05   1.07841681E+05   6.77528623E+04   1.77425734E+05   1.77425734E+05
   9.74000000E-02   2.00760417E+05   1.04940480E+05   1.04940480E+05   6.59228857E+04   1.72650896E+05   1.72650896E+05
   9.76000000E-02   1.95358274E+05   1.02116672E+05   1.02116672E+05   6.41420478E+04   1.68003506E+05   1.68003506E+05
   9.78000000E-02   1.90100278E+05   9.93682142E+04   9.93682142E+04   6.24090363E+04   1.63480194E+05   1.63480194E+05
   9.80000000E-02   1.84982618E+05   9.66931146E+04   9.66931146E+04   6.07225742E+04   1.59077681E+05   1.59077681E+05
   9.82000000E-02   1.80001587E+05   9.40894347E+04   9.40894347E+04   5.90814182E+04   1.54792769E+05   1.54792769E+05
   9.84000000E-02   1.75153573E+05   9.15552863E+04   9.15552863E+04   5.74843581E+04   1.50622347E+05   1.50622347E+05
   9.86000000E-02   1.70435057E+05   8.90888306E+04   8.90888306E+04   5.59302158E+04   1.46563385E+05   1.46563385E+05
   9.88000000E-02   1.65842614E+05   8.66882767E+04   8.66882767E+04   5.44178448E+04   1.42612931E+05   1.42612931E+05
   9.90000000E-02   1.61372909E+05   8.43518807E+04   8.43518807E+04   5.29461287E+04   1.38768111E+05   1.38768111E+05
   9.92000000E-02   1.57022691E+05   8.20779443E+04   8.20779443E+04   5.15139811E+04   1.35026127E+05   1.35026127E+05
   9.94000000E-02   1.52788797E+05   7.98648135E+04   7.98648135E+04   5.01203442E+04   1.31384254E+05   1.31384254E+05
   9.96000000E-02   1.48668147E+05   7.77108778E+04   7.77108778E+04   4.87641885E+04   1.27839837E+05   1.27839837E+05
   9.98000000E-02   1.44657739E+05   7.56145688E+04   7.56145688E+04   4.74445119E+04   1.24390293E+05   1.24390293E+05
   1.00000000E-01   1.40754653E+05   7.35743592E+04   7.35743592E+04   4.61603388E+04   1.21033105E+05   1.21033105E+05