# TBinMid=0.0665 ssec TBinWidth=0.01 ss EBinWidth=0.2MeV Fluence at Earth for this timebin in neutrinos per cm^2
# E(GeV)	NuE	NuMu	NuTau	aNuE	aNuMu	aNuTau
   1.38589050E-13   5.61698061E+17   6.11262795E+17   6.11262795E+17   2.89401607E+17   2.50225500E+17   2.50225500E+17
   2.00000000E-04   1.00438735E+09   1.09301538E+09   1.09301538E+09   5.17486768E+08   4.47434920E+08   4.47434920E+08
   4.00000000E-04   5.12302636E+08   5.57508674E+08   5.57508674E+08   2.63951786E+08   2.28220804E+08   2.28220804E+08
   6.00000000E-04   3.45477333E+08   3.75962558E+08   3.75962558E+08   1.77999004E+08   1.53903394E+08   1.53903394E+08
   8.00000000E-04   2.61205798E+08   2.84254829E+08   2.84254829E+08   1.34580094E+08   1.16362074E+08   1.16362074E+08
   1.00000000E-03   2.10266382E+08   2.28820473E+08   2.28820473E+08   1.08334768E+08   9.36695605E+07   9.36695605E+07
   1.20000000E-03   1.76108320E+08   1.91648274E+08   1.91648274E+08   9.07356360E+07   7.84528118E+07   7.84528118E+07
   1.40000000E-03   2.44694571E+08   2.67887829E+08   2.67887829E+08   1.17975667E+08   1.14228214E+08   1.14228214E+08
   1.60000000E-03   3.12932411E+08   3.45495015E+08   3.45495015E+08   1.35378223E+08   1.37525900E+08   1.37525900E+08
   1.80000000E-03   3.60931525E+08   3.99085905E+08   3.99085905E+08   1.53423227E+08   1.67124734E+08   1.67124734E+08
   2.00000000E-03   4.24090134E+08   4.63317638E+08   4.63317638E+08   2.13346241E+08   2.81686070E+08   2.81686070E+08
   2.20000000E-03   7.84580949E+08   8.82442599E+08   8.82442599E+08   2.55847290E+08   3.64034251E+08   3.64034251E+08
   2.40000000E-03   1.11657647E+09   1.26996257E+09   1.26996257E+09   2.86324554E+08   4.24041165E+08   4.24041165E+08
   2.60000000E-03   1.36811827E+09   1.56377886E+09   1.56377886E+09   3.08283671E+08   4.68137320E+08   4.68137320E+08
   2.80000000E-03   1.60636751E+09   1.83098762E+09   1.83098762E+09   3.93744905E+08   6.62308088E+08   6.62308088E+08
   3.00000000E-03   1.79256750E+09   2.03941454E+09   2.03941454E+09   4.62954027E+08   8.20722190E+08   8.20722190E+08
   3.20000000E-03   1.93774036E+09   2.20178426E+09   2.20178426E+09   5.17734144E+08   9.47073634E+08   9.47073634E+08
   3.40000000E-03   2.17523136E+09   2.47532896E+09   2.47532896E+09   5.61291349E+08   1.04842066E+09   1.04842066E+09
   3.60000000E-03   2.43819610E+09   2.78054023E+09   2.78054023E+09   5.96012316E+08   1.13002604E+09   1.13002604E+09
   3.80000000E-03   2.65381589E+09   3.03094085E+09   3.03094085E+09   6.23701878E+08   1.19587614E+09   1.19587614E+09
   4.00000000E-03   2.86777907E+09   3.27079338E+09   3.27079338E+09   6.99894513E+08   1.34462573E+09   1.34462573E+09
   4.20000000E-03   3.05026273E+09   3.47423316E+09   3.47423316E+09   7.71237364E+08   1.48257450E+09   1.48257450E+09
   4.40000000E-03   3.20198696E+09   3.64322531E+09   3.64322531E+09   8.31445649E+08   1.59901182E+09   1.59901182E+09
   4.60000000E-03   3.32816928E+09   3.78362010E+09   3.78362010E+09   8.82367174E+08   1.69750666E+09   1.69750666E+09
   4.80000000E-03   3.43301006E+09   3.90012663E+09   3.90012663E+09   9.25493361E+08   1.78093972E+09   1.78093972E+09
   5.00000000E-03   3.51991907E+09   3.99656710E+09   3.99656710E+09   9.62038123E+08   1.85165576E+09   1.85165576E+09
   5.20000000E-03   3.59168545E+09   4.07606752E+09   4.07606752E+09   9.92997099E+08   1.91157801E+09   1.91157801E+09
   5.40000000E-03   3.59107319E+09   4.07075713E+09   4.07075713E+09   1.01919266E+09   1.96229504E+09   1.96229504E+09
   5.60000000E-03   3.55507939E+09   4.02429450E+09   4.02429450E+09   1.04130846E+09   2.00512750E+09   2.00512750E+09
   5.80000000E-03   3.53502876E+09   3.99298662E+09   3.99298662E+09   1.08402225E+09   2.07592737E+09   2.07592737E+09
   6.00000000E-03   3.51425567E+09   3.96144463E+09   3.96144463E+09   1.12320313E+09   2.14014694E+09   2.14014694E+09
   6.20000000E-03   3.49174254E+09   3.92871467E+09   3.92871467E+09   1.15746609E+09   2.19598931E+09   2.19598931E+09
   6.40000000E-03   3.46784200E+09   3.89510640E+09   3.89510640E+09   1.18741923E+09   2.24450035E+09   2.24450035E+09
   6.60000000E-03   3.44284699E+09   3.86087420E+09   3.86087420E+09   1.21358379E+09   2.28657580E+09   2.28657580E+09
   6.80000000E-03   3.41700146E+09   3.82622733E+09   3.82622733E+09   1.23640841E+09   2.32298612E+09   2.32298612E+09
   7.00000000E-03   3.39050904E+09   3.79133812E+09   3.79133812E+09   1.25628082E+09   2.35439657E+09   2.35439657E+09
   7.20000000E-03   3.36353998E+09   3.75634851E+09   3.75634851E+09   1.27353730E+09   2.38138373E+09   2.38138373E+09
   7.40000000E-03   3.33623683E+09   3.72137534E+09   3.72137534E+09   1.28847060E+09   2.40444908E+09   2.40444908E+09
   7.60000000E-03   3.30871904E+09   3.68651469E+09   3.68651469E+09   1.30133632E+09   2.42403015E+09   2.42403015E+09
   7.80000000E-03   3.28108673E+09   3.65184541E+09   3.65184541E+09   1.31235840E+09   2.44050990E+09   2.44050990E+09
   8.00000000E-03   3.25342381E+09   3.61743195E+09   3.61743195E+09   1.32173356E+09   2.45422448E+09   2.45422448E+09
   8.20000000E-03   3.22580059E+09   3.58332680E+09   3.58332680E+09   1.32963511E+09   2.46546976E+09   2.46546976E+09
   8.40000000E-03   3.19192106E+09   3.54370982E+09   3.54370982E+09   1.32626750E+09   2.44560344E+09   2.44560344E+09
   8.60000000E-03   3.11382709E+09   3.45229544E+09   3.45229544E+09   1.31984848E+09   2.41833781E+09   2.41833781E+09
   8.80000000E-03   3.01274438E+09   3.33373315E+09   3.33373315E+09   1.31317247E+09   2.39164627E+09   2.39164627E+09
   9.00000000E-03   2.91682036E+09   3.22132149E+09   3.22132149E+09   1.30628072E+09   2.36551978E+09   2.36551978E+09
   9.20000000E-03   2.82568995E+09   3.11462144E+09   3.11462144E+09   1.29920933E+09   2.33994823E+09   2.33994823E+09
   9.40000000E-03   2.73902095E+09   3.01323373E+09   3.01323373E+09   1.29198995E+09   2.31492063E+09   2.31492063E+09
   9.60000000E-03   2.65651046E+09   2.91679451E+09   2.91679451E+09   1.28465034E+09   2.29042544E+09   2.29042544E+09
   9.80000000E-03   2.57788177E+09   2.82497155E+09   2.82497155E+09   1.27721486E+09   2.26645068E+09   2.26645068E+09
   1.00000000E-02   2.50288161E+09   2.73746097E+09   2.73746097E+09   1.26970494E+09   2.24298411E+09   2.24298411E+09
   1.02000000E-02   2.43127776E+09   2.65398426E+09   2.65398426E+09   1.26213939E+09   2.22001334E+09   2.22001334E+09
   1.04000000E-02   2.36285696E+09   2.57428575E+09   2.57428575E+09   1.25453475E+09   2.19752593E+09   2.19752593E+09
   1.06000000E-02   2.29742299E+09   2.49813038E+09   2.49813038E+09   1.24690558E+09   2.17550948E+09   2.17550948E+09
   1.08000000E-02   2.23479506E+09   2.42530165E+09   2.42530165E+09   1.23926467E+09   2.15395168E+09   2.15395168E+09
   1.10000000E-02   2.17480632E+09   2.35559987E+09   2.35559987E+09   1.23162327E+09   2.13284037E+09   2.13284037E+09
   1.12000000E-02   2.11730259E+09   2.28884059E+09   2.28884059E+09   1.22399125E+09   2.11216358E+09   2.11216358E+09
   1.14000000E-02   2.06214116E+09   2.22485317E+09   2.22485317E+09   1.21637728E+09   2.09190954E+09   2.09190954E+09
   1.16000000E-02   2.00918978E+09   2.16347956E+09   2.16347956E+09   1.20878897E+09   2.07206674E+09   2.07206674E+09
   1.18000000E-02   1.95832572E+09   2.10457317E+09   2.10457317E+09   1.20123298E+09   2.05262392E+09   2.05262392E+09
   1.20000000E-02   1.90943495E+09   2.04799784E+09   2.04799784E+09   1.19371512E+09   2.03357010E+09   2.03357010E+09
   1.22000000E-02   1.85800398E+09   1.98956092E+09   1.98956092E+09   1.17931795E+09   1.99435567E+09   1.99435567E+09
   1.24000000E-02   1.80444686E+09   1.92961770E+09   1.92961770E+09   1.15885145E+09   1.93736063E+09   1.93736063E+09
   1.26000000E-02   1.75296142E+09   1.87201604E+09   1.87201604E+09   1.13905743E+09   1.88256592E+09   1.88256592E+09
   1.28000000E-02   1.70343903E+09   1.81663258E+09   1.81663258E+09   1.11990367E+09   1.82985627E+09   1.82985627E+09
   1.30000000E-02   1.65577828E+09   1.76335218E+09   1.76335218E+09   1.10135996E+09   1.77912407E+09   1.77912407E+09
   1.32000000E-02   1.60988439E+09   1.71206724E+09   1.71206724E+09   1.08339795E+09   1.73026874E+09   1.73026874E+09
   1.34000000E-02   1.56566868E+09   1.66267713E+09   1.66267713E+09   1.06599100E+09   1.68319618E+09   1.68319618E+09
   1.36000000E-02   1.52304813E+09   1.61508763E+09   1.61508763E+09   1.04911407E+09   1.63781827E+09   1.63781827E+09
   1.38000000E-02   1.48134712E+09   1.56850310E+09   1.56850310E+09   1.03274360E+09   1.59405241E+09   1.59405241E+09
   1.40000000E-02   1.44098341E+09   1.52342146E+09   1.52342146E+09   1.01685739E+09   1.55182108E+09   1.55182108E+09
   1.42000000E-02   1.40202524E+09   1.47992682E+09   1.47992682E+09   1.00143453E+09   1.51105151E+09   1.51105151E+09
   1.44000000E-02   1.36440665E+09   1.43794432E+09   1.43794432E+09   9.86455263E+08   1.47167528E+09   1.47167528E+09
   1.46000000E-02   1.32806557E+09   1.39740355E+09   1.39740355E+09   9.71900950E+08   1.43362802E+09   1.43362802E+09
   1.48000000E-02   1.29294358E+09   1.35823823E+09   1.35823823E+09   9.57753972E+08   1.39684916E+09   1.39684916E+09
   1.50000000E-02   1.25898566E+09   1.32038592E+09   1.32038592E+09   9.43997666E+08   1.36128159E+09   1.36128159E+09
   1.52000000E-02   1.22613990E+09   1.28378779E+09   1.28378779E+09   9.30616259E+08   1.32687147E+09   1.32687147E+09
   1.54000000E-02   1.19435732E+09   1.24838831E+09   1.24838831E+09   9.17594813E+08   1.29356799E+09   1.29356799E+09
   1.56000000E-02   1.16359170E+09   1.21413505E+09   1.21413505E+09   9.04919166E+08   1.26132317E+09   1.26132317E+09
   1.58000000E-02   1.13379933E+09   1.18097848E+09   1.18097848E+09   8.92575889E+08   1.23009165E+09   1.23009165E+09
   1.60000000E-02   1.10493887E+09   1.14887179E+09   1.14887179E+09   8.80552231E+08   1.19983054E+09   1.19983054E+09
   1.62000000E-02   1.07697123E+09   1.11777066E+09   1.11777066E+09   8.68836084E+08   1.17049924E+09   1.17049924E+09
   1.64000000E-02   1.04985938E+09   1.08763314E+09   1.08763314E+09   8.57415941E+08   1.14205932E+09   1.14205932E+09
   1.66000000E-02   1.02356822E+09   1.05841950E+09   1.05841950E+09   8.46280857E+08   1.11447434E+09   1.11447434E+09
   1.68000000E-02   9.98064470E+08   1.03009205E+09   1.03009205E+09   8.35420417E+08   1.08770974E+09   1.08770974E+09
   1.70000000E-02   9.73316577E+08   1.00261508E+09   1.00261508E+09   8.24824705E+08   1.06173276E+09   1.06173276E+09
   1.72000000E-02   9.49294568E+08   9.75954641E+08   9.75954641E+08   8.14484275E+08   1.03651225E+09   1.03651225E+09
   1.74000000E-02   9.25969975E+08   9.50078535E+08   9.50078535E+08   8.04390121E+08   1.01201867E+09   1.01201867E+09
   1.76000000E-02   9.03315742E+08   9.24956144E+08   9.24956144E+08   7.94533653E+08   9.88223890E+08   9.88223890E+08
   1.78000000E-02   8.79619023E+08   8.99001913E+08   8.99001913E+08   7.82563743E+08   9.63948893E+08   9.63948893E+08
   1.80000000E-02   8.50543782E+08   8.68210521E+08   8.68210521E+08   7.62485034E+08   9.36223761E+08   9.36223761E+08
   1.82000000E-02   8.22318495E+08   8.38323203E+08   8.38323203E+08   7.42972022E+08   9.09293917E+08   9.09293917E+08
   1.84000000E-02   7.94910887E+08   8.09305563E+08   8.09305563E+08   7.24003568E+08   8.83129407E+08   8.83129407E+08
   1.86000000E-02   7.68290216E+08   7.81124843E+08   7.81124843E+08   7.05559533E+08   8.57701695E+08   8.57701695E+08
   1.88000000E-02   7.42427186E+08   7.53749827E+08   7.53749827E+08   6.87620714E+08   8.32983581E+08   8.32983581E+08
   1.90000000E-02   7.17293867E+08   7.27150754E+08   7.27150754E+08   6.70168795E+08   8.08949127E+08   8.08949127E+08
   1.92000000E-02   6.92863616E+08   7.01299241E+08   7.01299241E+08   6.53186297E+08   7.85573584E+08   7.85573584E+08
   1.94000000E-02   6.69111008E+08   6.76168198E+08   6.76168198E+08   6.36656529E+08   7.62833328E+08   7.62833328E+08
   1.96000000E-02   6.46011768E+08   6.51731765E+08   6.51731765E+08   6.20563552E+08   7.40705799E+08   7.40705799E+08
   1.98000000E-02   6.23542707E+08   6.27965240E+08   6.27965240E+08   6.04892128E+08   7.19169442E+08   7.19169442E+08
   2.00000000E-02   6.01681666E+08   6.04845019E+08   6.04845019E+08   5.89627693E+08   6.98203653E+08   6.98203653E+08
   2.02000000E-02   5.80407458E+08   5.82348535E+08   5.82348535E+08   5.74756315E+08   6.77788729E+08   6.77788729E+08
   2.04000000E-02   5.59699821E+08   5.60454207E+08   5.60454207E+08   5.60264660E+08   6.57905821E+08   6.57905821E+08
   2.06000000E-02   5.39539365E+08   5.39141383E+08   5.39141383E+08   5.46139968E+08   6.38536887E+08   6.38536887E+08
   2.08000000E-02   5.19907528E+08   5.18390297E+08   5.18390297E+08   5.32370013E+08   6.19664654E+08   6.19664654E+08
   2.10000000E-02   5.00786537E+08   4.98182021E+08   4.98182021E+08   5.18943086E+08   6.01272574E+08   6.01272574E+08
   2.12000000E-02   4.82159362E+08   4.78498420E+08   4.78498420E+08   5.05847962E+08   5.83344794E+08   5.83344794E+08
   2.14000000E-02   4.64009683E+08   4.59322117E+08   4.59322117E+08   4.93073879E+08   5.65866113E+08   5.65866113E+08
   2.16000000E-02   4.46321852E+08   4.40636451E+08   4.40636451E+08   4.80610512E+08   5.48821954E+08   5.48821954E+08
   2.18000000E-02   4.29080862E+08   4.22425442E+08   4.22425442E+08   4.68447955E+08   5.32198334E+08   5.32198334E+08
   2.20000000E-02   4.14180979E+08   4.06932266E+08   4.06932266E+08   4.56576699E+08   5.15981833E+08   5.15981833E+08
   2.22000000E-02   4.03584823E+08   3.96480909E+08   3.96480909E+08   4.44987612E+08   5.00159566E+08   5.00159566E+08
   2.24000000E-02   3.93238903E+08   3.86276495E+08   3.86276495E+08   4.33671924E+08   4.84719160E+08   4.84719160E+08
   2.26000000E-02   3.83135500E+08   3.76311406E+08   3.76311406E+08   4.22621203E+08   4.69648725E+08   4.69648725E+08
   2.28000000E-02   3.73267194E+08   3.66578319E+08   3.66578319E+08   4.11827348E+08   4.54936839E+08   4.54936839E+08
   2.30000000E-02   3.63626852E+08   3.57070190E+08   3.57070190E+08   4.01282567E+08   4.40572515E+08   4.40572515E+08
   2.32000000E-02   3.54207610E+08   3.47780246E+08   3.47780246E+08   3.90979366E+08   4.26545193E+08   4.26545193E+08
   2.34000000E-02   3.45002864E+08   3.38701970E+08   3.38701970E+08   3.80910531E+08   4.12844709E+08   4.12844709E+08
   2.36000000E-02   3.36006260E+08   3.29829087E+08   3.29829087E+08   3.71069123E+08   3.99461286E+08   3.99461286E+08
   2.38000000E-02   3.27211676E+08   3.21155557E+08   3.21155557E+08   3.61448456E+08   3.86385509E+08   3.86385509E+08
   2.40000000E-02   3.18613220E+08   3.12675563E+08   3.12675563E+08   3.52042096E+08   3.73608316E+08   3.73608316E+08
   2.42000000E-02   3.10205212E+08   3.04383500E+08   3.04383500E+08   3.42843838E+08   3.61120975E+08   3.61120975E+08
   2.44000000E-02   3.01982181E+08   2.96273968E+08   2.96273968E+08   3.33847709E+08   3.48915074E+08   3.48915074E+08
   2.46000000E-02   2.93938852E+08   2.88341758E+08   2.88341758E+08   3.25047945E+08   3.36982508E+08   3.36982508E+08
   2.48000000E-02   2.86070138E+08   2.80581852E+08   2.80581852E+08   3.16438991E+08   3.25315460E+08   3.25315460E+08
   2.50000000E-02   2.78371133E+08   2.72989407E+08   2.72989407E+08   3.08015490E+08   3.13906393E+08   3.13906393E+08
   2.52000000E-02   2.70837104E+08   2.65559751E+08   2.65559751E+08   2.99772272E+08   3.02748039E+08   3.02748039E+08
   2.54000000E-02   2.63463482E+08   2.58288376E+08   2.58288376E+08   2.91704346E+08   2.91833381E+08   2.91833381E+08
   2.56000000E-02   2.56245860E+08   2.51170929E+08   2.51170929E+08   2.83806897E+08   2.81155652E+08   2.81155652E+08
   2.58000000E-02   2.49179977E+08   2.44203208E+08   2.44203208E+08   2.76075275E+08   2.70708315E+08   2.70708315E+08
   2.60000000E-02   2.42261723E+08   2.37381155E+08   2.37381155E+08   2.68504987E+08   2.60485060E+08   2.60485060E+08
   2.62000000E-02   2.36131449E+08   2.31295270E+08   2.31295270E+08   2.62091269E+08   2.53210580E+08   2.53210580E+08
   2.64000000E-02   2.30424027E+08   2.25608457E+08   2.25608457E+08   2.56269434E+08   2.47347622E+08   2.47347622E+08
   2.66000000E-02   2.24831783E+08   2.20036632E+08   2.20036632E+08   2.50563881E+08   2.41602376E+08   2.41602376E+08
   2.68000000E-02   2.19351701E+08   2.14576783E+08   2.14576783E+08   2.44971580E+08   2.35971768E+08   2.35971768E+08
   2.70000000E-02   2.13980866E+08   2.09225995E+08   2.09225995E+08   2.39489598E+08   2.30452824E+08   2.30452824E+08
   2.72000000E-02   2.08716457E+08   2.03981450E+08   2.03981450E+08   2.34115101E+08   2.25042667E+08   2.25042667E+08
   2.74000000E-02   2.03555743E+08   1.98840421E+08   1.98840421E+08   2.28845344E+08   2.19738512E+08   2.19738512E+08
   2.76000000E-02   1.98496084E+08   1.93800268E+08   1.93800268E+08   2.23677670E+08   2.14537666E+08   2.14537666E+08
   2.78000000E-02   1.93534922E+08   1.88858437E+08   1.88858437E+08   2.18609507E+08   2.09437519E+08   2.09437519E+08
   2.80000000E-02   1.88669779E+08   1.84012452E+08   1.84012452E+08   2.13638365E+08   2.04435546E+08   2.04435546E+08
   2.82000000E-02   1.83898259E+08   1.79259918E+08   1.79259918E+08   2.08761832E+08   1.99529299E+08   1.99529299E+08
   2.84000000E-02   1.79218036E+08   1.74598513E+08   1.74598513E+08   2.03977571E+08   1.94716410E+08   1.94716410E+08
   2.86000000E-02   1.74626861E+08   1.70025989E+08   1.70025989E+08   1.99283316E+08   1.89994580E+08   1.89994580E+08
   2.88000000E-02   1.70122552E+08   1.65540166E+08   1.65540166E+08   1.94676875E+08   1.85361585E+08   1.85361585E+08
   2.90000000E-02   1.65702993E+08   1.61138932E+08   1.61138932E+08   1.90156117E+08   1.80815267E+08   1.80815267E+08
   2.92000000E-02   1.61366135E+08   1.56820237E+08   1.56820237E+08   1.85718982E+08   1.76353534E+08   1.76353534E+08
   2.94000000E-02   1.57109990E+08   1.52582097E+08   1.52582097E+08   1.81363468E+08   1.71974357E+08   1.71974357E+08
   2.96000000E-02   1.52932628E+08   1.48422585E+08   1.48422585E+08   1.77087634E+08   1.67675768E+08   1.67675768E+08
   2.98000000E-02   1.48832180E+08   1.44339831E+08   1.44339831E+08   1.72889597E+08   1.63455859E+08   1.63455859E+08
   3.00000000E-02   1.44806829E+08   1.40332023E+08   1.40332023E+08   1.68767531E+08   1.59312777E+08   1.59312777E+08
   3.02000000E-02   1.40854815E+08   1.36397400E+08   1.36397400E+08   1.64719662E+08   1.55244724E+08   1.55244724E+08
   3.04000000E-02   1.36974428E+08   1.32534256E+08   1.32534256E+08   1.60744269E+08   1.51249955E+08   1.51249955E+08
   3.06000000E-02   1.33164006E+08   1.28740931E+08   1.28740931E+08   1.56839680E+08   1.47326776E+08   1.47326776E+08
   3.08000000E-02   1.29421938E+08   1.25015815E+08   1.25015815E+08   1.53004271E+08   1.43473541E+08   1.43473541E+08
   3.10000000E-02   1.25746659E+08   1.21357344E+08   1.21357344E+08   1.49236468E+08   1.39688653E+08   1.39688653E+08
   3.12000000E-02   1.22136648E+08   1.17764000E+08   1.17764000E+08   1.45534737E+08   1.35970559E+08   1.35970559E+08
   3.14000000E-02   1.18590426E+08   1.14234307E+08   1.14234307E+08   1.41897590E+08   1.32317750E+08   1.32317750E+08
   3.16000000E-02   1.15106559E+08   1.10766829E+08   1.10766829E+08   1.38323583E+08   1.28728761E+08   1.28728761E+08
   3.18000000E-02   1.11683650E+08   1.07360175E+08   1.07360175E+08   1.34811308E+08   1.25202168E+08   1.25202168E+08
   3.20000000E-02   1.08320343E+08   1.04012988E+08   1.04012988E+08   1.31359399E+08   1.21736585E+08   1.21736585E+08
   3.22000000E-02   1.05015320E+08   1.00723951E+08   1.00723951E+08   1.27966528E+08   1.18330666E+08   1.18330666E+08
   3.24000000E-02   1.01767298E+08   9.74917846E+07   9.74917846E+07   1.24631402E+08   1.14983101E+08   1.14983101E+08
   3.26000000E-02   9.85750290E+07   9.43152421E+07   9.43152421E+07   1.21352765E+08   1.11692618E+08   1.11692618E+08
   3.28000000E-02   9.54373006E+07   9.11931121E+07   9.11931121E+07   1.18129394E+08   1.08457976E+08   1.08457976E+08
   3.30000000E-02   9.23529324E+07   8.81242159E+07   8.81242159E+07   1.14960099E+08   1.05277972E+08   1.05277972E+08
   3.32000000E-02   8.93207758E+07   8.51074065E+07   8.51074065E+07   1.11843723E+08   1.02151433E+08   1.02151433E+08
   3.34000000E-02   8.63397134E+07   8.21415678E+07   8.21415678E+07   1.08779140E+08   9.90772162E+07   9.90772162E+07
   3.36000000E-02   8.34086571E+07   7.92256135E+07   7.92256135E+07   1.05765253E+08   9.60542117E+07   9.60542117E+07
   3.38000000E-02   8.05265481E+07   7.63584860E+07   7.63584860E+07   1.02800993E+08   9.30813377E+07   9.30813377E+07
   3.40000000E-02   7.76923552E+07   7.35391557E+07   7.35391557E+07   9.98853227E+07   9.01575412E+07   9.01575412E+07
   3.42000000E-02   7.49050746E+07   7.07666202E+07   7.07666202E+07   9.70172283E+07   8.72817967E+07   8.72817967E+07
   3.44000000E-02   7.21637283E+07   6.80399028E+07   6.80399028E+07   9.41957240E+07   8.44531055E+07   8.44531055E+07
   3.46000000E-02   6.94673640E+07   6.53580527E+07   6.53580527E+07   9.14198494E+07   8.16704947E+07   8.16704947E+07
   3.48000000E-02   6.68150537E+07   6.27201431E+07   6.27201431E+07   8.86886686E+07   7.89330165E+07   7.89330165E+07
   3.50000000E-02   6.42058934E+07   6.01252716E+07   6.01252716E+07   8.60012697E+07   7.62397472E+07   7.62397472E+07
   3.52000000E-02   6.16390021E+07   5.75725582E+07   5.75725582E+07   8.33567640E+07   7.35897870E+07   7.35897870E+07
   3.54000000E-02   5.94933619E+07   5.55106071E+07   5.55106071E+07   8.07542853E+07   7.09822586E+07   7.09822586E+07
   3.56000000E-02   5.76511114E+07   5.38001088E+07   5.38001088E+07   7.81929892E+07   6.84163070E+07   6.84163070E+07
   3.58000000E-02   5.58378458E+07   5.21165141E+07   5.21165141E+07   7.56720524E+07   6.58910984E+07   6.58910984E+07
   3.60000000E-02   5.40529890E+07   5.04592881E+07   5.04592881E+07   7.31906722E+07   6.34058202E+07   6.34058202E+07
   3.62000000E-02   5.22959790E+07   4.88279094E+07   4.88279094E+07   7.07480657E+07   6.09596796E+07   6.09596796E+07
   3.64000000E-02   5.05662679E+07   4.72218694E+07   4.72218694E+07   6.83434694E+07   5.85519036E+07   5.85519036E+07
   3.66000000E-02   4.88633209E+07   4.56406718E+07   4.56406718E+07   6.59761383E+07   5.61817380E+07   5.61817380E+07
   3.68000000E-02   4.71866166E+07   4.40838327E+07   4.40838327E+07   6.36453459E+07   5.38484473E+07   5.38484473E+07
   3.70000000E-02   4.55356460E+07   4.25508797E+07   4.25508797E+07   6.13503831E+07   5.15513135E+07   5.15513135E+07
   3.72000000E-02   4.39099124E+07   4.10413519E+07   4.10413519E+07   5.90905580E+07   4.92896364E+07   4.92896364E+07
   3.74000000E-02   4.23089312E+07   3.95547994E+07   3.95547994E+07   5.68651952E+07   4.70627324E+07   4.70627324E+07
   3.76000000E-02   4.07322292E+07   3.80907832E+07   3.80907832E+07   5.46736358E+07   4.48699342E+07   4.48699342E+07
   3.78000000E-02   3.91793446E+07   3.66488745E+07   3.66488745E+07   5.25152361E+07   4.27105907E+07   4.27105907E+07
   3.80000000E-02   3.76498264E+07   3.52286549E+07   3.52286549E+07   5.03893680E+07   4.05840658E+07   4.05840658E+07
   3.82000000E-02   3.61432342E+07   3.38297157E+07   3.38297157E+07   4.82954181E+07   3.84897389E+07   3.84897389E+07
   3.84000000E-02   3.52908909E+07   3.30344820E+07   3.30344820E+07   4.71365053E+07   3.74353890E+07   3.74353890E+07
   3.86000000E-02   3.46961807E+07   3.24770531E+07   3.24770531E+07   4.63452878E+07   3.67880003E+07   3.67880003E+07
   3.88000000E-02   3.41097190E+07   3.19273569E+07   3.19273569E+07   4.55650395E+07   3.61496168E+07   3.61496168E+07
   3.90000000E-02   3.35313573E+07   3.13852539E+07   3.13852539E+07   4.47955629E+07   3.55200763E+07   3.55200763E+07
   3.92000000E-02   3.29609503E+07   3.08506082E+07   3.08506082E+07   4.40366647E+07   3.48992200E+07   3.48992200E+07
   3.94000000E-02   3.23983562E+07   3.03232867E+07   3.03232867E+07   4.32881564E+07   3.42868927E+07   3.42868927E+07
   3.96000000E-02   3.18434361E+07   2.98031592E+07   2.98031592E+07   4.25498535E+07   3.36829429E+07   3.36829429E+07
   3.98000000E-02   3.12960545E+07   2.92900986E+07   2.92900986E+07   4.18215755E+07   3.30872222E+07   3.30872222E+07
   4.00000000E-02   3.07560787E+07   2.87839805E+07   2.87839805E+07   4.11031462E+07   3.24995857E+07   3.24995857E+07
   4.02000000E-02   3.02233790E+07   2.82846834E+07   2.82846834E+07   4.03943931E+07   3.19198916E+07   3.19198916E+07
   4.04000000E-02   2.96978285E+07   2.77920883E+07   2.77920883E+07   3.96951475E+07   3.13480012E+07   3.13480012E+07
   4.06000000E-02   2.91793031E+07   2.73060788E+07   2.73060788E+07   3.90052444E+07   3.07837790E+07   3.07837790E+07
   4.08000000E-02   2.86676815E+07   2.68265413E+07   2.68265413E+07   3.83245225E+07   3.02270923E+07   3.02270923E+07
   4.10000000E-02   2.81628449E+07   2.63533643E+07   2.63533643E+07   3.76528238E+07   2.96778112E+07   2.96778112E+07
   4.12000000E-02   2.76646771E+07   2.58864389E+07   2.58864389E+07   3.69899939E+07   2.91358089E+07   2.91358089E+07
   4.14000000E-02   2.71730645E+07   2.54256587E+07   2.54256587E+07   3.63358816E+07   2.86009611E+07   2.86009611E+07
   4.16000000E-02   2.66878958E+07   2.49709191E+07   2.49709191E+07   3.56903391E+07   2.80731461E+07   2.80731461E+07
   4.18000000E-02   2.62090622E+07   2.45221183E+07   2.45221183E+07   3.50532214E+07   2.75522451E+07   2.75522451E+07
   4.20000000E-02   2.57364569E+07   2.40791562E+07   2.40791562E+07   3.44243870E+07   2.70381415E+07   2.70381415E+07
   4.22000000E-02   2.52699758E+07   2.36419351E+07   2.36419351E+07   3.38036971E+07   2.65307213E+07   2.65307213E+07
   4.24000000E-02   2.48095166E+07   2.32103591E+07   2.32103591E+07   3.31910158E+07   2.60298729E+07   2.60298729E+07
   4.26000000E-02   2.43549794E+07   2.27843346E+07   2.27843346E+07   3.25862103E+07   2.55354871E+07   2.55354871E+07
   4.28000000E-02   2.39062662E+07   2.23637698E+07   2.23637698E+07   3.19891502E+07   2.50474567E+07   2.50474567E+07
   4.30000000E-02   2.34632812E+07   2.19485747E+07   2.19485747E+07   3.13997082E+07   2.45656771E+07   2.45656771E+07
   4.32000000E-02   2.30259304E+07   2.15386613E+07   2.15386613E+07   3.08177594E+07   2.40900456E+07   2.40900456E+07
   4.34000000E-02   2.25941218E+07   2.11339433E+07   2.11339433E+07   3.02431813E+07   2.36204618E+07   2.36204618E+07
   4.36000000E-02   2.21677654E+07   2.07343363E+07   2.07343363E+07   2.96758543E+07   2.31568270E+07   2.31568270E+07
   4.38000000E-02   2.17467729E+07   2.03397576E+07   2.03397576E+07   2.91156610E+07   2.26990450E+07   2.26990450E+07
   4.40000000E-02   2.13310577E+07   1.99501261E+07   1.99501261E+07   2.85624863E+07   2.22470212E+07   2.22470212E+07
   4.42000000E-02   2.09205353E+07   1.95653623E+07   1.95653623E+07   2.80162176E+07   2.18006630E+07   2.18006630E+07
   4.44000000E-02   2.05151225E+07   1.91853883E+07   1.91853883E+07   2.74767446E+07   2.13598797E+07   2.13598797E+07
   4.46000000E-02   2.01147379E+07   1.88101280E+07   1.88101280E+07   2.69439589E+07   2.09245824E+07   2.09245824E+07
   4.48000000E-02   1.97193019E+07   1.84395065E+07   1.84395065E+07   2.64177546E+07   2.04946841E+07   2.04946841E+07
   4.50000000E-02   1.93287362E+07   1.80734506E+07   1.80734506E+07   2.58980278E+07   2.00700991E+07   2.00700991E+07
   4.52000000E-02   1.89429642E+07   1.77118885E+07   1.77118885E+07   2.53846765E+07   1.96507440E+07   1.96507440E+07
   4.54000000E-02   1.85619109E+07   1.73547496E+07   1.73547496E+07   2.48776010E+07   1.92365366E+07   1.92365366E+07
   4.56000000E-02   1.81855026E+07   1.70019651E+07   1.70019651E+07   2.43767032E+07   1.88273964E+07   1.88273964E+07
   4.58000000E-02   1.78136671E+07   1.66534671E+07   1.66534671E+07   2.38818871E+07   1.84232447E+07   1.84232447E+07
   4.60000000E-02   1.74463335E+07   1.63091894E+07   1.63091894E+07   2.33930587E+07   1.80240039E+07   1.80240039E+07
   4.62000000E-02   1.70834325E+07   1.59690668E+07   1.59690668E+07   2.29101256E+07   1.76295984E+07   1.76295984E+07
   4.64000000E-02   1.67248960E+07   1.56330356E+07   1.56330356E+07   2.24329973E+07   1.72399537E+07   1.72399537E+07
   4.66000000E-02   1.63706572E+07   1.53010330E+07   1.53010330E+07   2.19615849E+07   1.68549968E+07   1.68549968E+07
   4.68000000E-02   1.60206506E+07   1.49729977E+07   1.49729977E+07   2.14958015E+07   1.64746562E+07   1.64746562E+07
   4.70000000E-02   1.56748119E+07   1.46488695E+07   1.46488695E+07   2.10355614E+07   1.60988618E+07   1.60988618E+07
   4.72000000E-02   1.53330781E+07   1.43285893E+07   1.43285893E+07   2.05807810E+07   1.57275446E+07   1.57275446E+07
   4.74000000E-02   1.49953873E+07   1.40120990E+07   1.40120990E+07   2.01313779E+07   1.53606370E+07   1.53606370E+07
   4.76000000E-02   1.46616789E+07   1.36993418E+07   1.36993418E+07   1.96872715E+07   1.49980729E+07   1.49980729E+07
   4.78000000E-02   1.43318933E+07   1.33902618E+07   1.33902618E+07   1.92483826E+07   1.46397872E+07   1.46397872E+07
   4.80000000E-02   1.40059721E+07   1.30848044E+07   1.30848044E+07   1.88146335E+07   1.42857159E+07   1.42857159E+07
   4.82000000E-02   1.36838579E+07   1.27829157E+07   1.27829157E+07   1.83859479E+07   1.39357966E+07   1.39357966E+07
   4.84000000E-02   1.33654945E+07   1.24845429E+07   1.24845429E+07   1.79622510E+07   1.35899677E+07   1.35899677E+07
   4.86000000E-02   1.30508266E+07   1.21896342E+07   1.21896342E+07   1.75434693E+07   1.32481688E+07   1.32481688E+07
   4.88000000E-02   1.27397999E+07   1.18981389E+07   1.18981389E+07   1.71295307E+07   1.29103408E+07   1.29103408E+07
   4.90000000E-02   1.24323613E+07   1.16100070E+07   1.16100070E+07   1.67203645E+07   1.25764255E+07   1.25764255E+07
   4.92000000E-02   1.21284584E+07   1.13251896E+07   1.13251896E+07   1.63159011E+07   1.22463658E+07   1.22463658E+07
   4.94000000E-02   1.18280400E+07   1.10436384E+07   1.10436384E+07   1.59160722E+07   1.19201056E+07   1.19201056E+07
   4.96000000E-02   1.15310556E+07   1.07653062E+07   1.07653062E+07   1.55208109E+07   1.15975900E+07   1.15975900E+07
   4.98000000E-02   1.12374558E+07   1.04901468E+07   1.04901468E+07   1.51300514E+07   1.12787648E+07   1.12787648E+07
   5.00000000E-02   1.09471920E+07   1.02181145E+07   1.02181145E+07   1.47437290E+07   1.09635771E+07   1.09635771E+07
   5.02000000E-02   1.06602164E+07   9.94916450E+06   9.94916450E+06   1.43617804E+07   1.06519747E+07   1.06519747E+07
   5.04000000E-02   1.03764822E+07   9.68325299E+06   9.68325299E+06   1.39841431E+07   1.03439063E+07   1.03439063E+07
   5.06000000E-02   1.00959434E+07   9.42033676E+06   9.42033676E+06   1.36107559E+07   1.00393218E+07   1.00393218E+07
   5.08000000E-02   9.81855465E+06   9.16037342E+06   9.16037342E+06   1.32415588E+07   9.73817178E+06   9.73817178E+06
   5.10000000E-02   9.54427163E+06   8.90332130E+06   8.90332130E+06   1.28764926E+07   9.44040766E+06   9.44040766E+06
   5.12000000E-02   9.27305066E+06   8.64913951E+06   8.64913951E+06   1.25154992E+07   9.14598180E+06   9.14598180E+06
   5.14000000E-02   9.00484885E+06   8.39778783E+06   8.39778783E+06   1.21585217E+07   8.85484738E+06   8.85484738E+06
   5.16000000E-02   8.73962407E+06   8.14922676E+06   8.14922676E+06   1.18055041E+07   8.56695839E+06   8.56695839E+06
   5.18000000E-02   8.47733492E+06   7.90341750E+06   7.90341750E+06   1.14563912E+07   8.28226962E+06   8.28226962E+06
   5.20000000E-02   8.21794070E+06   7.66032189E+06   7.66032189E+06   1.11111290E+07   8.00073663E+06   8.00073663E+06
   5.22000000E-02   7.96140144E+06   7.41990246E+06   7.41990246E+06   1.07696643E+07   7.72231577E+06   7.72231577E+06
   5.24000000E-02   7.70767783E+06   7.18212236E+06   7.18212236E+06   1.04319448E+07   7.44696414E+06   7.44696414E+06
   5.26000000E-02   7.45673126E+06   6.94694539E+06   6.94694539E+06   1.00979192E+07   7.17463954E+06   7.17463954E+06
   5.28000000E-02   7.20852374E+06   6.71433595E+06   6.71433595E+06   9.76753703E+06   6.90530054E+06   6.90530054E+06
   5.30000000E-02   6.96301797E+06   6.48425905E+06   6.48425905E+06   9.44074857E+06   6.63890638E+06   6.63890638E+06
   5.32000000E-02   6.72017726E+06   6.25668030E+06   6.25668030E+06   9.11750508E+06   6.37541700E+06   6.37541700E+06
   5.34000000E-02   6.47996553E+06   6.03156590E+06   6.03156590E+06   8.79775859E+06   6.11479303E+06   6.11479303E+06
   5.36000000E-02   6.24234733E+06   5.80888259E+06   5.80888259E+06   8.48146195E+06   5.85699574E+06   5.85699574E+06
   5.38000000E-02   6.00728778E+06   5.58859769E+06   5.58859769E+06   8.16856878E+06   5.60198707E+06   5.60198707E+06
   5.40000000E-02   5.77475260E+06   5.37067905E+06   5.37067905E+06   7.85903350E+06   5.34972959E+06   5.34972959E+06
   5.42000000E-02   5.54470809E+06   5.15509508E+06   5.15509508E+06   7.55281126E+06   5.10018649E+06   5.10018649E+06
   5.44000000E-02   5.31712107E+06   4.94181468E+06   4.94181468E+06   7.24985799E+06   4.85332157E+06   4.85332157E+06
   5.46000000E-02   5.09195895E+06   4.73080730E+06   4.73080730E+06   6.95013031E+06   4.60909924E+06   4.60909924E+06
   5.48000000E-02   4.86918965E+06   4.52204287E+06   4.52204287E+06   6.65358558E+06   4.36748449E+06   4.36748449E+06
   5.50000000E-02   4.64878164E+06   4.31549182E+06   4.31549182E+06   6.36018185E+06   4.12844288E+06   4.12844288E+06
   5.52000000E-02   4.43070388E+06   4.11112506E+06   4.11112506E+06   6.06987786E+06   3.89194053E+06   3.89194053E+06
   5.54000000E-02   4.21492586E+06   3.90891398E+06   3.90891398E+06   5.78263302E+06   3.65794414E+06   3.65794414E+06
   5.56000000E-02   4.00141755E+06   3.70883044E+06   3.70883044E+06   5.49840741E+06   3.42642092E+06   3.42642092E+06
   5.58000000E-02   3.79014940E+06   3.51084673E+06   3.51084673E+06   5.21716174E+06   3.19733864E+06   3.19733864E+06
   5.60000000E-02   3.58109237E+06   3.31493563E+06   3.31493563E+06   4.93885736E+06   2.97066557E+06   2.97066557E+06
   5.62000000E-02   3.41065171E+06   3.15468242E+06   3.15468242E+06   4.71496968E+06   2.79130036E+06   2.79130036E+06
   5.64000000E-02   3.35837953E+06   3.10347755E+06   3.10347755E+06   4.65797805E+06   2.75733170E+06   2.75733170E+06
   5.66000000E-02   3.30661849E+06   3.05277572E+06   3.05277572E+06   4.60153125E+06   2.72368802E+06   2.72368802E+06
   5.68000000E-02   3.25792928E+06   3.00560822E+06   3.00560822E+06   4.54562251E+06   2.69036527E+06   2.69036527E+06
   5.70000000E-02   3.21824713E+06   2.96899939E+06   2.96899939E+06   4.49024518E+06   2.65735949E+06   2.65735949E+06
   5.72000000E-02   3.17894108E+06   2.93273753E+06   2.93273753E+06   4.43539273E+06   2.62466677E+06   2.62466677E+06
   5.74000000E-02   3.14000652E+06   2.89681838E+06   2.89681838E+06   4.38105871E+06   2.59228327E+06   2.59228327E+06
   5.76000000E-02   3.10143890E+06   2.86123776E+06   2.86123776E+06   4.32723677E+06   2.56020521E+06   2.56020521E+06
   5.78000000E-02   3.06323374E+06   2.82599153E+06   2.82599153E+06   4.27392066E+06   2.52842885E+06   2.52842885E+06
   5.80000000E-02   3.02538664E+06   2.79107562E+06   2.79107562E+06   4.22110425E+06   2.49695053E+06   2.49695053E+06
   5.82000000E-02   2.98789325E+06   2.75648604E+06   2.75648604E+06   4.16878146E+06   2.46576663E+06   2.46576663E+06
   5.84000000E-02   2.95074931E+06   2.72221883E+06   2.72221883E+06   4.11694634E+06   2.43487360E+06   2.43487360E+06
   5.86000000E-02   2.91395060E+06   2.68827013E+06   2.68827013E+06   4.06559301E+06   2.40426792E+06   2.40426792E+06
   5.88000000E-02   2.87749298E+06   2.65463609E+06   2.65463609E+06   4.01471568E+06   2.37394616E+06   2.37394616E+06
   5.90000000E-02   2.84137236E+06   2.62131295E+06   2.62131295E+06   3.96430866E+06   2.34390490E+06   2.34390490E+06
   5.92000000E-02   2.80558473E+06   2.58829701E+06   2.58829701E+06   3.91436634E+06   2.31414080E+06   2.31414080E+06
   5.94000000E-02   2.77012612E+06   2.55558462E+06   2.55558462E+06   3.86488318E+06   2.28465057E+06   2.28465057E+06
   5.96000000E-02   2.73499263E+06   2.52317216E+06   2.52317216E+06   3.81585374E+06   2.25543094E+06   2.25543094E+06
   5.98000000E-02   2.70018042E+06   2.49105609E+06   2.49105609E+06   3.76727266E+06   2.22647873E+06   2.22647873E+06
   6.00000000E-02   2.66568569E+06   2.45923292E+06   2.45923292E+06   3.71913465E+06   2.19779078E+06   2.19779078E+06
   6.02000000E-02   2.63150472E+06   2.42769922E+06   2.42769922E+06   3.67143451E+06   2.16936398E+06   2.16936398E+06
   6.04000000E-02   2.59763384E+06   2.39645158E+06   2.39645158E+06   3.62416710E+06   2.14119527E+06   2.14119527E+06
   6.06000000E-02   2.56406941E+06   2.36548666E+06   2.36548666E+06   3.57732737E+06   2.11328164E+06   2.11328164E+06
   6.08000000E-02   2.53080788E+06   2.33480118E+06   2.33480118E+06   3.53091034E+06   2.08562011E+06   2.08562011E+06
   6.10000000E-02   2.49784572E+06   2.30439189E+06   2.30439189E+06   3.48491111E+06   2.05820776E+06   2.05820776E+06
   6.12000000E-02   2.46517947E+06   2.27425559E+06   2.27425559E+06   3.43932483E+06   2.03104171E+06   2.03104171E+06
   6.14000000E-02   2.43280572E+06   2.24438913E+06   2.24438913E+06   3.39414674E+06   2.00411910E+06   2.00411910E+06
   6.16000000E-02   2.40072110E+06   2.21478941E+06   2.21478941E+06   3.34937214E+06   1.97743714E+06   1.97743714E+06
   6.18000000E-02   2.36892229E+06   2.18545336E+06   2.18545336E+06   3.30499641E+06   1.95099306E+06   1.95099306E+06
   6.20000000E-02   2.33740602E+06   2.15637798E+06   2.15637798E+06   3.26101498E+06   1.92478414E+06   1.92478414E+06
   6.22000000E-02   2.30616907E+06   2.12756028E+06   2.12756028E+06   3.21742336E+06   1.89880771E+06   1.89880771E+06
   6.24000000E-02   2.27520827E+06   2.09899734E+06   2.09899734E+06   3.17421711E+06   1.87306111E+06   1.87306111E+06
   6.26000000E-02   2.24452048E+06   2.07068627E+06   2.07068627E+06   3.13139186E+06   1.84754173E+06   1.84754173E+06
   6.28000000E-02   2.21410261E+06   2.04262422E+06   2.04262422E+06   3.08894331E+06   1.82224702E+06   1.82224702E+06
   6.30000000E-02   2.18395163E+06   2.01480838E+06   2.01480838E+06   3.04686720E+06   1.79717443E+06   1.79717443E+06
   6.32000000E-02   2.15406454E+06   1.98723599E+06   1.98723599E+06   3.00515936E+06   1.77232147E+06   1.77232147E+06
   6.34000000E-02   2.12443837E+06   1.95990432E+06   1.95990432E+06   2.96381566E+06   1.74768567E+06   1.74768567E+06
   6.36000000E-02   2.09507021E+06   1.93281068E+06   1.93281068E+06   2.92283202E+06   1.72326462E+06   1.72326462E+06
   6.38000000E-02   2.06595719E+06   1.90595242E+06   1.90595242E+06   2.88220444E+06   1.69905590E+06   1.69905590E+06
   6.40000000E-02   2.03709647E+06   1.87932691E+06   1.87932691E+06   2.84192895E+06   1.67505717E+06   1.67505717E+06
   6.42000000E-02   2.00848525E+06   1.85293159E+06   1.85293159E+06   2.80200165E+06   1.65126610E+06   1.65126610E+06
   6.44000000E-02   1.98012079E+06   1.82676390E+06   1.82676390E+06   2.76241871E+06   1.62768038E+06   1.62768038E+06
   6.46000000E-02   1.95200035E+06   1.80082134E+06   1.80082134E+06   2.72317632E+06   1.60429776E+06   1.60429776E+06
   6.48000000E-02   1.92412126E+06   1.77510144E+06   1.77510144E+06   2.68427075E+06   1.58111601E+06   1.58111601E+06
   6.50000000E-02   1.89648087E+06   1.74960176E+06   1.74960176E+06   2.64569829E+06   1.55813292E+06   1.55813292E+06
   6.52000000E-02   1.86907658E+06   1.72431989E+06   1.72431989E+06   2.60745532E+06   1.53534632E+06   1.53534632E+06
   6.54000000E-02   1.84190582E+06   1.69925346E+06   1.69925346E+06   2.56953824E+06   1.51275408E+06   1.51275408E+06
   6.56000000E-02   1.81496604E+06   1.67440012E+06   1.67440012E+06   2.53194352E+06   1.49035407E+06   1.49035407E+06
   6.58000000E-02   1.78825475E+06   1.64975757E+06   1.64975757E+06   2.49466766E+06   1.46814422E+06   1.46814422E+06
   6.60000000E-02   1.76176947E+06   1.62532354E+06   1.62532354E+06   2.45770721E+06   1.44612246E+06   1.44612246E+06
   6.62000000E-02   1.73550778E+06   1.60109577E+06   1.60109577E+06   2.42105877E+06   1.42428678E+06   1.42428678E+06
   6.64000000E-02   1.70946726E+06   1.57707204E+06   1.57707204E+06   2.38471900E+06   1.40263517E+06   1.40263517E+06
   6.66000000E-02   1.68364554E+06   1.55325018E+06   1.55325018E+06   2.34868459E+06   1.38116566E+06   1.38116566E+06
   6.68000000E-02   1.65804030E+06   1.52962802E+06   1.52962802E+06   2.31295227E+06   1.35987630E+06   1.35987630E+06
   6.70000000E-02   1.63264922E+06   1.50620344E+06   1.50620344E+06   2.27751882E+06   1.33876517E+06   1.33876517E+06
   6.72000000E-02   1.60747002E+06   1.48297433E+06   1.48297433E+06   2.24238106E+06   1.31783038E+06   1.31783038E+06
   6.74000000E-02   1.58250047E+06   1.45993862E+06   1.45993862E+06   2.20753587E+06   1.29707005E+06   1.29707005E+06
   6.76000000E-02   1.55773833E+06   1.43709427E+06   1.43709427E+06   2.17298014E+06   1.27648234E+06   1.27648234E+06
   6.78000000E-02   1.53318143E+06   1.41443927E+06   1.41443927E+06   2.13871082E+06   1.25606543E+06   1.25606543E+06
   6.80000000E-02   1.50882761E+06   1.39197161E+06   1.39197161E+06   2.10472491E+06   1.23581752E+06   1.23581752E+06
   6.82000000E-02   1.48467473E+06   1.36968933E+06   1.36968933E+06   2.07101943E+06   1.21573684E+06   1.21573684E+06
   6.84000000E-02   1.46072070E+06   1.34759050E+06   1.34759050E+06   2.03759145E+06   1.19582164E+06   1.19582164E+06
   6.86000000E-02   1.43696345E+06   1.32567321E+06   1.32567321E+06   2.00443807E+06   1.17607020E+06   1.17607020E+06
   6.88000000E-02   1.41340091E+06   1.30393555E+06   1.30393555E+06   1.97155643E+06   1.15648080E+06   1.15648080E+06
   6.90000000E-02   1.39003108E+06   1.28237567E+06   1.28237567E+06   1.93894372E+06   1.13705176E+06   1.13705176E+06
   6.92000000E-02   1.36685195E+06   1.26099173E+06   1.26099173E+06   1.90659715E+06   1.11778143E+06   1.11778143E+06
   6.94000000E-02   1.34386156E+06   1.23978191E+06   1.23978191E+06   1.87451397E+06   1.09866817E+06   1.09866817E+06
   6.96000000E-02   1.32105797E+06   1.21874442E+06   1.21874442E+06   1.84269147E+06   1.07971035E+06   1.07971035E+06
   6.98000000E-02   1.29843925E+06   1.19787749E+06   1.19787749E+06   1.81112697E+06   1.06090638E+06   1.06090638E+06
   7.00000000E-02   1.27600352E+06   1.17717936E+06   1.17717936E+06   1.77981784E+06   1.04225469E+06   1.04225469E+06
   7.02000000E-02   1.25374890E+06   1.15664833E+06   1.15664833E+06   1.74876145E+06   1.02375371E+06   1.02375371E+06
   7.04000000E-02   1.23167355E+06   1.13628267E+06   1.13628267E+06   1.71795524E+06   1.00540191E+06   1.00540191E+06
   7.06000000E-02   1.20977564E+06   1.11608072E+06   1.11608072E+06   1.68739666E+06   9.87197781E+05   9.87197781E+05
   7.08000000E-02   1.18805338E+06   1.09604082E+06   1.09604082E+06   1.65708321E+06   9.69139813E+05   9.69139813E+05
   7.10000000E-02   1.16650499E+06   1.07616131E+06   1.07616131E+06   1.62701239E+06   9.51226532E+05   9.51226532E+05
   7.12000000E-02   1.14512871E+06   1.05644059E+06   1.05644059E+06   1.59718177E+06   9.33456476E+05   9.33456476E+05
   7.14000000E-02   1.12392281E+06   1.03687706E+06   1.03687706E+06   1.56758892E+06   9.15828205E+05   9.15828205E+05
   7.16000000E-02   1.10288559E+06   1.01746913E+06   1.01746913E+06   1.53823146E+06   8.98340295E+05   8.98340295E+05
   7.18000000E-02   1.08201535E+06   9.98215261E+05   9.98215261E+05   1.50910704E+06   8.80991339E+05   8.80991339E+05
   7.20000000E-02   1.06131043E+06   9.79113902E+05   9.79113902E+05   1.48021332E+06   8.63779950E+05   8.63779950E+05
   7.22000000E-02   1.04076918E+06   9.60163536E+05   9.60163536E+05   1.45154801E+06   8.46704756E+05   8.46704756E+05
   7.24000000E-02   1.02038997E+06   9.41362663E+05   9.41362663E+05   1.42310884E+06   8.29764404E+05   8.29764404E+05
   7.26000000E-02   1.00017120E+06   9.22709801E+05   9.22709801E+05   1.39489356E+06   8.12957555E+05   8.12957555E+05
   7.28000000E-02   9.80111276E+05   9.04203487E+05   9.04203487E+05   1.36689996E+06   7.96282890E+05   7.96282890E+05
   7.30000000E-02   9.60208636E+05   8.85842274E+05   8.85842274E+05   1.33912586E+06   7.79739104E+05   7.79739104E+05
   7.32000000E-02   9.40461732E+05   8.67624735E+05   8.67624735E+05   1.31156909E+06   7.63324908E+05   7.63324908E+05
   7.34000000E-02   9.20869034E+05   8.49549460E+05   8.49549460E+05   1.28422752E+06   7.47039030E+05   7.47039030E+05
   7.36000000E-02   9.01429033E+05   8.31615055E+05   8.31615055E+05   1.25709905E+06   7.30880214E+05   7.30880214E+05
   7.38000000E-02   8.82140238E+05   8.13820145E+05   8.13820145E+05   1.23018159E+06   7.14847216E+05   7.14847216E+05
   7.40000000E-02   8.63001173E+05   7.96163370E+05   7.96163370E+05   1.20347309E+06   6.98938811E+05   6.98938811E+05
   7.42000000E-02   8.44010385E+05   7.78643387E+05   7.78643387E+05   1.17697151E+06   6.83153787E+05   6.83153787E+05
   7.44000000E-02   8.25166436E+05   7.61258870E+05   7.61258870E+05   1.15067485E+06   6.67490947E+05   6.67490947E+05
   7.46000000E-02   8.06467903E+05   7.44008508E+05   7.44008508E+05   1.12458113E+06   6.51949109E+05   6.51949109E+05
   7.48000000E-02   7.87913385E+05   7.26891007E+05   7.26891007E+05   1.09868838E+06   6.36527103E+05   6.36527103E+05
   7.50000000E-02   7.69501495E+05   7.09905088E+05   7.09905088E+05   1.07299467E+06   6.21223777E+05   6.21223777E+05
   7.52000000E-02   7.51230862E+05   6.93049485E+05   6.93049485E+05   1.04749810E+06   6.06037989E+05   6.06037989E+05
   7.54000000E-02   7.33100133E+05   6.76322952E+05   6.76322952E+05   1.02219677E+06   5.90968613E+05   5.90968613E+05
   7.56000000E-02   7.15107971E+05   6.59724253E+05   6.59724253E+05   9.97088807E+05   5.76014535E+05   5.76014535E+05
   7.58000000E-02   6.97253054E+05   6.43252170E+05   6.43252170E+05   9.72172379E+05   5.61174655E+05   5.61174655E+05
   7.60000000E-02   6.79534076E+05   6.26905498E+05   6.26905498E+05   9.47445660E+05   5.46447887E+05   5.46447887E+05
   7.62000000E-02   6.61949747E+05   6.10683046E+05   6.10683046E+05   9.22906847E+05   5.31833156E+05   5.31833156E+05
   7.64000000E-02   6.44498792E+05   5.94583638E+05   5.94583638E+05   8.98554163E+05   5.17329400E+05   5.17329400E+05
   7.66000000E-02   6.27179950E+05   5.78606112E+05   5.78606112E+05   8.74385847E+05   5.02935571E+05   5.02935571E+05
   7.68000000E-02   6.09991976E+05   5.62749319E+05   5.62749319E+05   8.50400163E+05   4.88650632E+05   4.88650632E+05
   7.70000000E-02   5.92933640E+05   5.47012123E+05   5.47012123E+05   8.26595393E+05   4.74473559E+05   4.74473559E+05
   7.72000000E-02   5.76003725E+05   5.31393402E+05   5.31393402E+05   8.02969839E+05   4.60403338E+05   4.60403338E+05
   7.74000000E-02   5.59201029E+05   5.15892047E+05   5.15892047E+05   7.79521824E+05   4.46438970E+05   4.46438970E+05
   7.76000000E-02   5.42524364E+05   5.00506963E+05   5.00506963E+05   7.56249689E+05   4.32579466E+05   4.32579466E+05
   7.78000000E-02   5.25972555E+05   4.85237064E+05   4.85237064E+05   7.33151796E+05   4.18823847E+05   4.18823847E+05
   7.80000000E-02   5.09544442E+05   4.70081282E+05   4.70081282E+05   7.10226524E+05   4.05171147E+05   4.05171147E+05
   7.82000000E-02   4.93238878E+05   4.55038556E+05   4.55038556E+05   6.87472273E+05   3.91620412E+05   3.91620412E+05
   7.84000000E-02   4.77054727E+05   4.40107841E+05   4.40107841E+05   6.64887460E+05   3.78170698E+05   3.78170698E+05
   7.86000000E-02   4.60990870E+05   4.25288103E+05   4.25288103E+05   6.42470520E+05   3.64821070E+05   3.64821070E+05
   7.88000000E-02   4.45046197E+05   4.10578320E+05   4.10578320E+05   6.20219906E+05   3.51570608E+05   3.51570608E+05
   7.90000000E-02   4.29219614E+05   3.95977479E+05   3.95977479E+05   5.98134091E+05   3.38418398E+05   3.38418398E+05
   7.92000000E-02   4.13510037E+05   3.81484583E+05   3.81484583E+05   5.76211561E+05   3.25363539E+05   3.25363539E+05
   7.94000000E-02   3.97916396E+05   3.67098644E+05   3.67098644E+05   5.54450824E+05   3.12405140E+05   3.12405140E+05
   7.96000000E-02   3.82437632E+05   3.52818684E+05   3.52818684E+05   5.32850401E+05   2.99542320E+05   2.99542320E+05
   7.98000000E-02   3.67072698E+05   3.38643739E+05   3.38643739E+05   5.11408833E+05   2.86774208E+05   2.86774208E+05
   8.00000000E-02   3.51820560E+05   3.24572854E+05   3.24572854E+05   4.90124674E+05   2.74099942E+05   2.74099942E+05
   8.02000000E-02   3.36680194E+05   3.10605085E+05   3.10605085E+05   4.68996499E+05   2.61518672E+05   2.61518672E+05
   8.04000000E-02   3.21650590E+05   2.96739499E+05   2.96739499E+05   4.48022894E+05   2.49029554E+05   2.49029554E+05
   8.06000000E-02   3.06730747E+05   2.82975173E+05   2.82975173E+05   4.27202464E+05   2.36631756E+05   2.36631756E+05
   8.08000000E-02   2.91919675E+05   2.69311195E+05   2.69311195E+05   4.06533829E+05   2.24324456E+05   2.24324456E+05
   8.10000000E-02   2.77216398E+05   2.55746662E+05   2.55746662E+05   3.86015625E+05   2.12106839E+05   2.12106839E+05
   8.12000000E-02   2.62619948E+05   2.42280683E+05   2.42280683E+05   3.65646501E+05   1.99978100E+05   1.99978100E+05
   8.14000000E-02   2.48129369E+05   2.28912376E+05   2.28912376E+05   3.45425124E+05   1.87937443E+05   1.87937443E+05
   8.16000000E-02   2.33743715E+05   2.15640867E+05   2.15640867E+05   3.25350173E+05   1.75984082E+05   1.75984082E+05
   8.18000000E-02   2.19462052E+05   2.02465295E+05   2.02465295E+05   3.05420344E+05   1.64117238E+05   1.64117238E+05
   8.20000000E-02   2.05283453E+05   1.89384805E+05   1.89384805E+05   2.85634345E+05   1.52336140E+05   1.52336140E+05
   8.22000000E-02   1.91207005E+05   1.76398555E+05   1.76398555E+05   2.65990901E+05   1.40640029E+05   1.40640029E+05
   8.24000000E-02   1.77231804E+05   1.63505710E+05   1.63505710E+05   2.46488749E+05   1.29028150E+05   1.29028150E+05
   8.26000000E-02   1.74421084E+05   1.60912669E+05   1.60912669E+05   2.42573000E+05   1.26835414E+05   1.26835414E+05
   8.28000000E-02   1.72897009E+05   1.59506623E+05   1.59506623E+05   2.40453450E+05   1.25727153E+05   1.25727153E+05
   8.30000000E-02   1.71382932E+05   1.58109802E+05   1.58109802E+05   2.38347805E+05   1.24626164E+05   1.24626164E+05
   8.32000000E-02   1.69878770E+05   1.56722128E+05   1.56722128E+05   2.36255948E+05   1.23532384E+05   1.23532384E+05
   8.34000000E-02   1.68384438E+05   1.55343522E+05   1.55343522E+05   2.34177763E+05   1.22445752E+05   1.22445752E+05
   8.36000000E-02   1.66899853E+05   1.53973909E+05   1.53973909E+05   2.32113132E+05   1.21366208E+05   1.21366208E+05
   8.38000000E-02   1.65424934E+05   1.52613212E+05   1.52613212E+05   2.30061943E+05   1.20293692E+05   1.20293692E+05
   8.40000000E-02   1.63959597E+05   1.51261356E+05   1.51261356E+05   2.28024082E+05   1.19228145E+05   1.19228145E+05
   8.42000000E-02   1.62503765E+05   1.49918268E+05   1.49918268E+05   2.25999437E+05   1.18169508E+05   1.18169508E+05
   8.44000000E-02   1.61057355E+05   1.48583874E+05   1.48583874E+05   2.23987898E+05   1.17117724E+05   1.17117724E+05
   8.46000000E-02   1.59620291E+05   1.47258101E+05   1.47258101E+05   2.21989355E+05   1.16072735E+05   1.16072735E+05
   8.48000000E-02   1.58192494E+05   1.45940877E+05   1.45940877E+05   2.20003699E+05   1.15034485E+05   1.15034485E+05
   8.50000000E-02   1.56773886E+05   1.44632131E+05   1.44632131E+05   2.18030824E+05   1.14002918E+05   1.14002918E+05
   8.52000000E-02   1.55364392E+05   1.43331793E+05   1.43331793E+05   2.16070623E+05   1.12977977E+05   1.12977977E+05
   8.54000000E-02   1.53963936E+05   1.42039794E+05   1.42039794E+05   2.14122992E+05   1.11959609E+05   1.11959609E+05
   8.56000000E-02   1.52572444E+05   1.40756063E+05   1.40756063E+05   2.12187826E+05   1.10947759E+05   1.10947759E+05
   8.58000000E-02   1.51189841E+05   1.39480534E+05   1.39480534E+05   2.10265022E+05   1.09942372E+05   1.09942372E+05
   8.60000000E-02   1.49816054E+05   1.38213138E+05   1.38213138E+05   2.08354479E+05   1.08943397E+05   1.08943397E+05
   8.62000000E-02   1.48451011E+05   1.36953808E+05   1.36953808E+05   2.06456097E+05   1.07950780E+05   1.07950780E+05
   8.64000000E-02   1.47094640E+05   1.35702479E+05   1.35702479E+05   2.04569775E+05   1.06964468E+05   1.06964468E+05
   8.66000000E-02   1.45746870E+05   1.34459085E+05   1.34459085E+05   2.02695414E+05   1.05984412E+05   1.05984412E+05
   8.68000000E-02   1.44407631E+05   1.33223562E+05   1.33223562E+05   2.00832918E+05   1.05010559E+05   1.05010559E+05
   8.70000000E-02   1.43076853E+05   1.31995844E+05   1.31995844E+05   1.98982189E+05   1.04042858E+05   1.04042858E+05
   8.72000000E-02   1.41754469E+05   1.30775870E+05   1.30775870E+05   1.97143132E+05   1.03081261E+05   1.03081261E+05
   8.74000000E-02   1.40440408E+05   1.29563575E+05   1.29563575E+05   1.95315652E+05   1.02125717E+05   1.02125717E+05
   8.76000000E-02   1.39134606E+05   1.28358898E+05   1.28358898E+05   1.93499655E+05   1.01176177E+05   1.01176177E+05
   8.78000000E-02   1.37836993E+05   1.27161777E+05   1.27161777E+05   1.91695049E+05   1.00232593E+05   1.00232593E+05
   8.80000000E-02   1.36547505E+05   1.25972152E+05   1.25972152E+05   1.89901742E+05   9.92949175E+04   9.92949175E+04
   8.82000000E-02   1.35266077E+05   1.24789961E+05   1.24789961E+05   1.88119643E+05   9.83631020E+04   9.83631020E+04
   8.84000000E-02   1.33992642E+05   1.23615146E+05   1.23615146E+05   1.86348662E+05   9.74370998E+04   9.74370998E+04
   8.86000000E-02   1.32727139E+05   1.22447648E+05   1.22447648E+05   1.84588710E+05   9.65168644E+04   9.65168644E+04
   8.88000000E-02   1.31469502E+05   1.21287407E+05   1.21287407E+05   1.82839698E+05   9.56023496E+04   9.56023496E+04
   8.90000000E-02   1.30219669E+05   1.20134366E+05   1.20134366E+05   1.81101540E+05   9.46935099E+04   9.46935099E+04
   8.92000000E-02   1.28977579E+05   1.18988467E+05   1.18988467E+05   1.79374149E+05   9.37903000E+04   9.37903000E+04
   8.94000000E-02   1.27743169E+05   1.17849654E+05   1.17849654E+05   1.77657440E+05   9.28926752E+04   9.28926752E+04
   8.96000000E-02   1.26516379E+05   1.16717871E+05   1.16717871E+05   1.75951327E+05   9.20005911E+04   9.20005911E+04
   8.98000000E-02   1.25297149E+05   1.15593062E+05   1.15593062E+05   1.74255728E+05   9.11140041E+04   9.11140041E+04
   9.00000000E-02   1.24085418E+05   1.14475172E+05   1.14475172E+05   1.72570558E+05   9.02328706E+04   9.02328706E+04
   9.02000000E-02   1.22881127E+05   1.13364146E+05   1.13364146E+05   1.70895736E+05   8.93571477E+04   8.93571477E+04
   9.04000000E-02   1.21684219E+05   1.12259931E+05   1.12259931E+05   1.69231181E+05   8.84867929E+04   8.84867929E+04
   9.06000000E-02   1.20494635E+05   1.11162472E+05   1.11162472E+05   1.67576811E+05   8.76217639E+04   8.76217639E+04
   9.08000000E-02   1.19312318E+05   1.10071718E+05   1.10071718E+05   1.65932547E+05   8.67620191E+04   8.67620191E+04
   9.10000000E-02   1.18137211E+05   1.08987615E+05   1.08987615E+05   1.64298310E+05   8.59075172E+04   8.59075172E+04
   9.12000000E-02   1.16969257E+05   1.07910112E+05   1.07910112E+05   1.62674022E+05   8.50582172E+04   8.50582172E+04
   9.14000000E-02   1.15808415E+05   1.06839173E+05   1.06839173E+05   1.61059605E+05   8.42140786E+04   8.42140786E+04
   9.16000000E-02   1.14654626E+05   1.05774744E+05   1.05774744E+05   1.59454983E+05   8.33750614E+04   8.33750614E+04
   9.18000000E-02   1.13507826E+05   1.04716762E+05   1.04716762E+05   1.57860080E+05   8.25411259E+04   8.25411259E+04
   9.20000000E-02   1.12367959E+05   1.03665177E+05   1.03665177E+05   1.56274820E+05   8.17122326E+04   8.17122326E+04
   9.22000000E-02   1.11234973E+05   1.02619939E+05   1.02619939E+05   1.54699128E+05   8.08883426E+04   8.08883426E+04
   9.24000000E-02   1.10108814E+05   1.01581000E+05   1.01581000E+05   1.53132932E+05   8.00694174E+04   8.00694174E+04
   9.26000000E-02   1.08989430E+05   1.00548311E+05   1.00548311E+05   1.51576158E+05   7.92554188E+04   7.92554188E+04
   9.28000000E-02   1.07876769E+05   9.95218246E+04   9.95218246E+04   1.50028734E+05   7.84463089E+04   7.84463089E+04
   9.30000000E-02   1.06770779E+05   9.85014925E+04   9.85014925E+04   1.48490587E+05   7.76420503E+04   7.76420503E+04
   9.32000000E-02   1.05671409E+05   9.74872679E+04   9.74872679E+04   1.46961648E+05   7.68426058E+04   7.68426058E+04
   9.34000000E-02   1.04578609E+05   9.64791042E+04   9.64791042E+04   1.45441845E+05   7.60479386E+04   7.60479386E+04
   9.36000000E-02   1.03492329E+05   9.54769552E+04   9.54769552E+04   1.43931110E+05   7.52580125E+04   7.52580125E+04
   9.38000000E-02   1.02412519E+05   9.44807752E+04   9.44807752E+04   1.42429373E+05   7.44727913E+04   7.44727913E+04
   9.40000000E-02   1.01339130E+05   9.34905189E+04   9.34905189E+04   1.40936565E+05   7.36922394E+04   7.36922394E+04
   9.42000000E-02   1.00272113E+05   9.25061413E+04   9.25061413E+04   1.39452620E+05   7.29163213E+04   7.29163213E+04
   9.44000000E-02   9.92114199E+04   9.15275981E+04   9.15275981E+04   1.37977470E+05   7.21450019E+04   7.21450019E+04
   9.46000000E-02   9.81570035E+04   9.05548451E+04   9.05548451E+04   1.36511050E+05   7.13782467E+04   7.13782467E+04
   9.48000000E-02   9.71088163E+04   8.95878389E+04   8.95878389E+04   1.35053292E+05   7.06160213E+04   7.06160213E+04
   9.50000000E-02   9.60668113E+04   8.86265362E+04   8.86265362E+04   1.33604132E+05   6.98582915E+04   6.98582915E+04
   9.52000000E-02   9.50309423E+04   8.76708941E+04   8.76708941E+04   1.32163505E+05   6.91050236E+04   6.91050236E+04
   9.54000000E-02   9.40011632E+04   8.67208703E+04   8.67208703E+04   1.30731349E+05   6.83561843E+04   6.83561843E+04
   9.56000000E-02   9.29774286E+04   8.57764229E+04   8.57764229E+04   1.29307598E+05   6.76117404E+04   6.76117404E+04
   9.58000000E-02   9.19596933E+04   8.48375102E+04   8.48375102E+04   1.27892191E+05   6.68716591E+04   6.68716591E+04
   9.60000000E-02   9.09479126E+04   8.39040909E+04   8.39040909E+04   1.26485065E+05   6.61359079E+04   6.61359079E+04
   9.62000000E-02   8.99420424E+04   8.29761243E+04   8.29761243E+04   1.25086160E+05   6.54044548E+04   6.54044548E+04
   9.64000000E-02   8.89420388E+04   8.20535699E+04   8.20535699E+04   1.23695413E+05   6.46772676E+04   6.46772676E+04
   9.66000000E-02   8.79478582E+04   8.11363876E+04   8.11363876E+04   1.22312764E+05   6.39543150E+04   6.39543150E+04
   9.68000000E-02   8.69594578E+04   8.02245377E+04   8.02245377E+04   1.20938154E+05   6.32355656E+04   6.32355656E+04
   9.70000000E-02   8.59767948E+04   7.93179809E+04   7.93179809E+04   1.19571524E+05   6.25209883E+04   6.25209883E+04
   9.72000000E-02   8.49998269E+04   7.84166783E+04   7.84166783E+04   1.18212814E+05   6.18105525E+04   6.18105525E+04
   9.74000000E-02   8.40285124E+04   7.75205911E+04   7.75205911E+04   1.16861966E+05   6.11042277E+04   6.11042277E+04
   9.76000000E-02   8.30628098E+04   7.66296811E+04   7.66296811E+04   1.15518923E+05   6.04019838E+04   6.04019838E+04
   9.78000000E-02   8.21026780E+04   7.57439105E+04   7.57439105E+04   1.14183628E+05   5.97037908E+04   5.97037908E+04
   9.80000000E-02   8.11480762E+04   7.48632416E+04   7.48632416E+04   1.12856023E+05   5.90096192E+04   5.90096192E+04
   9.82000000E-02   8.01989641E+04   7.39876373E+04   7.39876373E+04   1.11536053E+05   5.83194397E+04   5.83194397E+04
   9.84000000E-02   7.92553017E+04   7.31170606E+04   7.31170606E+04   1.10223662E+05   5.76332231E+04   5.76332231E+04
   9.86000000E-02   7.83170495E+04   7.22514750E+04   7.22514750E+04   1.08918796E+05   5.69509406E+04   5.69509406E+04
   9.88000000E-02   7.73841681E+04   7.13908443E+04   7.13908443E+04   1.07621399E+05   5.62725638E+04   5.62725638E+04
   9.90000000E-02   7.64566187E+04   7.05351327E+04   7.05351327E+04   1.06331417E+05   5.55980643E+04   5.55980643E+04
   9.92000000E-02   7.55343627E+04   6.96843045E+04   6.96843045E+04   1.05048797E+05   5.49274141E+04   5.49274141E+04
   9.94000000E-02   7.46173620E+04   6.88383245E+04   6.88383245E+04   1.03773486E+05   5.42605854E+04   5.42605854E+04
   9.96000000E-02   7.37055786E+04   6.79971578E+04   6.79971578E+04   1.02505430E+05   5.35975507E+04   5.35975507E+04
   9.98000000E-02   7.27989751E+04   6.71607698E+04   6.71607698E+04   1.01244579E+05   5.29382827E+04   5.29382827E+04
   1.00000000E-01   7.18975143E+04   6.63291262E+04   6.63291262E+04   9.99908797E+04   5.22827545E+04   5.22827545E+04