# TBinMid=0.0465 ssec TBinWidth=0.01 ss EBinWidth=0.2MeV Fluence at Earth for this timebin in neutrinos per cm^2
# E(GeV)	NuE	NuMu	NuTau	aNuE	aNuMu	aNuTau
   1.38589050E-13   5.87627273E+17   6.49299306E+17   6.49299306E+17   2.47828117E+17   1.78468339E+17   1.78468339E+17
   2.00000000E-04   1.05075207E+09   1.16102949E+09   1.16102949E+09   4.43148096E+08   3.19124018E+08   3.19124018E+08
   4.00000000E-04   5.35951647E+08   5.92200275E+08   5.92200275E+08   2.26034246E+08   1.62773929E+08   1.62773929E+08
   6.00000000E-04   3.61425322E+08   3.99357249E+08   3.99357249E+08   1.52428863E+08   1.09768521E+08   1.09768521E+08
   8.00000000E-04   2.73263630E+08   3.01942903E+08   3.01942903E+08   1.15247222E+08   8.29929246E+07   8.29929246E+07
   1.00000000E-03   2.19972738E+08   2.43059083E+08   2.43059083E+08   9.27721227E+07   6.68079426E+07   6.68079426E+07
   1.20000000E-03   1.84237865E+08   2.03573802E+08   2.03573802E+08   7.77011641E+07   5.59549007E+07   5.59549007E+07
   1.40000000E-03   2.48048344E+08   2.75434046E+08   2.75434046E+08   9.76150638E+07   7.63246055E+07   7.63246055E+07
   1.60000000E-03   3.13890543E+08   3.51039423E+08   3.51039423E+08   1.10216753E+08   8.94699086E+07   8.94699086E+07
   1.80000000E-03   3.59537614E+08   4.02542259E+08   4.02542259E+08   1.24078500E+08   1.06730610E+08   1.06730610E+08
   2.00000000E-03   4.16774827E+08   4.61319741E+08   4.61319741E+08   1.73853463E+08   1.76140575E+08   1.76140575E+08
   2.20000000E-03   8.11736833E+08   9.22325387E+08   9.22325387E+08   2.09186055E+08   2.25985894E+08   2.25985894E+08
   2.40000000E-03   1.17759756E+09   1.35069168E+09   1.35069168E+09   2.34548317E+08   2.62267158E+08   2.62267158E+08
   2.60000000E-03   1.45512362E+09   1.67580483E+09   1.67580483E+09   2.52844966E+08   2.88892239E+08   2.88892239E+08
   2.80000000E-03   1.70904666E+09   1.96311836E+09   1.96311836E+09   3.26192199E+08   3.95578985E+08   3.95578985E+08
   3.00000000E-03   1.90729664E+09   2.18704447E+09   2.18704447E+09   3.85669499E+08   4.82441147E+08   4.82441147E+08
   3.20000000E-03   2.06186957E+09   2.36150468E+09   2.36150468E+09   4.32795899E+08   5.51591783E+08   5.51591783E+08
   3.40000000E-03   2.42533317E+09   2.78486748E+09   2.78486748E+09   4.70312374E+08   6.06939114E+08   6.06939114E+08
   3.60000000E-03   2.86097797E+09   3.29499964E+09   3.29499964E+09   5.00259791E+08   6.51395998E+08   6.51395998E+08
   3.80000000E-03   3.22154185E+09   3.71737039E+09   3.71737039E+09   5.24181814E+08   6.87167895E+08   6.87167895E+08
   4.00000000E-03   3.55260648E+09   4.09749804E+09   4.09749804E+09   5.88142386E+08   7.63167363E+08   7.63167363E+08
   4.20000000E-03   3.83358006E+09   4.41909552E+09   4.41909552E+09   6.47970011E+08   8.33269167E+08   8.33269167E+08
   4.40000000E-03   4.06901789E+09   4.68850749E+09   4.68850749E+09   6.98457694E+08   8.92270530E+08   8.92270530E+08
   4.60000000E-03   4.26656016E+09   4.91449301E+09   4.91449301E+09   7.41155547E+08   9.42021499E+08   9.42021499E+08
   4.80000000E-03   4.43236549E+09   5.10411232E+09   5.10411232E+09   7.77314701E+08   9.84014548E+08   9.84014548E+08
   5.00000000E-03   4.57143990E+09   5.26310406E+09   5.26310406E+09   8.07953480E+08   1.01946381E+09   1.01946381E+09
   5.20000000E-03   4.68788370E+09   5.39616841E+09   5.39616841E+09   8.33907091E+08   1.04936459E+09   1.04936459E+09
   5.40000000E-03   4.72234232E+09   5.43294645E+09   5.43294645E+09   8.55865388E+08   1.07453852E+09   1.07453852E+09
   5.60000000E-03   4.71453872E+09   5.42033779E+09   5.42033779E+09   8.74401856E+08   1.09566827E+09   1.09566827E+09
   5.80000000E-03   4.71267934E+09   5.41246677E+09   5.41246677E+09   9.05189347E+08   1.12328925E+09   1.12328925E+09
   6.00000000E-03   4.70653445E+09   5.40004395E+09   5.40004395E+09   9.33127507E+08   1.14771238E+09   1.14771238E+09
   6.20000000E-03   4.69599578E+09   5.38309135E+09   5.38309135E+09   9.57419046E+08   1.16859650E+09   1.16859650E+09
   6.40000000E-03   4.68176996E+09   5.36236163E+09   5.36236163E+09   9.78519295E+08   1.18639418E+09   1.18639418E+09
   6.60000000E-03   4.66445158E+09   5.33848687E+09   5.33848687E+09   9.96818234E+08   1.20149233E+09   1.20149233E+09
   6.80000000E-03   4.64454273E+09   5.31199965E+09   5.31199965E+09   1.01265128E+09   1.21422308E+09   1.21422308E+09
   7.00000000E-03   4.62246873E+09   5.28335018E+09   5.28335018E+09   1.02630806E+09   1.22487268E+09   1.22487268E+09
   7.20000000E-03   4.59859097E+09   5.25292000E+09   5.25292000E+09   1.03803959E+09   1.23368872E+09   1.23368872E+09
   7.40000000E-03   4.57321726E+09   5.22103333E+09   5.22103333E+09   1.04806418E+09   1.24088608E+09   1.24088608E+09
   7.60000000E-03   4.54661044E+09   5.18796624E+09   5.18796624E+09   1.05657230E+09   1.24665189E+09   1.24665189E+09
   7.80000000E-03   4.51899541E+09   5.15395425E+09   5.15395425E+09   1.06373067E+09   1.25114955E+09   1.25114955E+09
   8.00000000E-03   4.49056493E+09   5.11919861E+09   5.11919861E+09   1.06968562E+09   1.25452219E+09   1.25452219E+09
   8.20000000E-03   4.46148449E+09   5.08387150E+09   5.08387150E+09   1.07456594E+09   1.25689550E+09   1.25689550E+09
   8.40000000E-03   4.42473234E+09   5.04151125E+09   5.04151125E+09   1.06804471E+09   1.24273703E+09   1.24273703E+09
   8.60000000E-03   4.35567435E+09   4.96143470E+09   4.96143470E+09   1.05869267E+09   1.22483571E+09   1.22483571E+09
   8.80000000E-03   4.27008413E+09   4.86178590E+09   4.86178590E+09   1.04941777E+09   1.20750094E+09   1.20750094E+09
   9.00000000E-03   4.18800341E+09   4.76627783E+09   4.76627783E+09   1.04023018E+09   1.19070582E+09   1.19070582E+09
   9.20000000E-03   4.10921598E+09   4.67465284E+09   4.67465284E+09   1.03113816E+09   1.17442508E+09   1.17442508E+09
   9.40000000E-03   4.03352322E+09   4.58667440E+09   4.58667440E+09   1.02214840E+09   1.15863498E+09   1.15863498E+09
   9.60000000E-03   3.96074235E+09   4.50212501E+09   4.50212501E+09   1.01326627E+09   1.14331319E+09   1.14331319E+09
   9.80000000E-03   3.89070488E+09   4.42080430E+09   4.42080430E+09   1.00449594E+09   1.12843868E+09   1.12843868E+09
   1.00000000E-02   3.82325518E+09   4.34252735E+09   4.34252735E+09   9.95840650E+08   1.11399169E+09   1.11399169E+09
   1.02000000E-02   3.75824935E+09   4.26712324E+09   4.26712324E+09   9.87302776E+08   1.09995356E+09   1.09995356E+09
   1.04000000E-02   3.69555405E+09   4.19443371E+09   4.19443371E+09   9.78884004E+08   1.08630672E+09   1.08630672E+09
   1.06000000E-02   3.63504559E+09   4.12431206E+09   4.12431206E+09   9.70585416E+08   1.07303456E+09   1.07303456E+09
   1.08000000E-02   3.57660905E+09   4.05662204E+09   4.05662204E+09   9.62407583E+08   1.06012143E+09   1.06012143E+09
   1.10000000E-02   3.52013751E+09   3.99123699E+09   3.99123699E+09   9.54350640E+08   1.04755251E+09   1.04755251E+09
   1.12000000E-02   3.46553136E+09   3.92803896E+09   3.92803896E+09   9.46414359E+08   1.03531380E+09   1.03531380E+09
   1.14000000E-02   3.41269770E+09   3.86691801E+09   3.86691801E+09   9.38598201E+08   1.02339206E+09   1.02339206E+09
   1.16000000E-02   3.36154974E+09   3.80777149E+09   3.80777149E+09   9.30901364E+08   1.01177472E+09   1.01177472E+09
   1.18000000E-02   3.31200635E+09   3.75050349E+09   3.75050349E+09   9.23322831E+08   1.00044991E+09   1.00044991E+09
   1.20000000E-02   3.26399157E+09   3.69502425E+09   3.69502425E+09   9.15861400E+08   9.89406327E+08   9.89406327E+08
   1.22000000E-02   3.21345460E+09   3.63757831E+09   3.63757831E+09   9.02701849E+08   9.69635279E+08   9.69635279E+08
   1.24000000E-02   3.16077581E+09   3.57849938E+09   3.57849938E+09   8.84496022E+08   9.42138652E+08   9.42138652E+08
   1.26000000E-02   3.10978273E+09   3.52130239E+09   3.52130239E+09   8.66925572E+08   9.15701648E+08   9.15701648E+08
   1.28000000E-02   3.06039592E+09   3.46589894E+09   3.46589894E+09   8.49958936E+08   8.90268808E+08   8.90268808E+08
   1.30000000E-02   3.01254087E+09   3.41220606E+09   3.41220606E+09   8.33566573E+08   8.65788351E+08   8.65788351E+08
   1.32000000E-02   2.96614758E+09   3.36014582E+09   3.36014582E+09   8.17720811E+08   8.42211879E+08   8.42211879E+08
   1.34000000E-02   2.92115026E+09   3.30964495E+09   3.30964495E+09   8.02395698E+08   8.19494111E+08   8.19494111E+08
   1.36000000E-02   2.87748699E+09   3.26063450E+09   3.26063450E+09   7.87566871E+08   7.97592640E+08   7.97592640E+08
   1.38000000E-02   2.79468440E+09   3.16522682E+09   3.16522682E+09   7.73211444E+08   7.76467712E+08   7.76467712E+08
   1.40000000E-02   2.70579752E+09   3.06253936E+09   3.06253936E+09   7.59307892E+08   7.56082026E+08   7.56082026E+08
   1.42000000E-02   2.62009925E+09   2.96354823E+09   2.96354823E+09   7.45835953E+08   7.36400553E+08   7.36400553E+08
   1.44000000E-02   2.53743783E+09   2.86807725E+09   2.86807725E+09   7.32776542E+08   7.17390365E+08   7.17390365E+08
   1.46000000E-02   2.45767061E+09   2.77596078E+09   2.77596078E+09   7.20111664E+08   6.99020485E+08   6.99020485E+08
   1.48000000E-02   2.38066336E+09   2.68704300E+09   2.68704300E+09   7.07824337E+08   6.81261746E+08   6.81261746E+08
   1.50000000E-02   2.30628967E+09   2.60117718E+09   2.60117718E+09   6.95898526E+08   6.64086668E+08   6.64086668E+08
   1.52000000E-02   2.23443042E+09   2.51822504E+09   2.51822504E+09   6.84319075E+08   6.47469331E+08   6.47469331E+08
   1.54000000E-02   2.16497328E+09   2.43805620E+09   2.43805620E+09   6.73071650E+08   6.31385277E+08   6.31385277E+08
   1.56000000E-02   2.09781220E+09   2.36054758E+09   2.36054758E+09   6.62142685E+08   6.15811404E+08   6.15811404E+08
   1.58000000E-02   2.03284703E+09   2.28558295E+09   2.28558295E+09   6.51519330E+08   6.00725880E+08   6.00725880E+08
   1.60000000E-02   1.96998312E+09   2.21305246E+09   2.21305246E+09   6.41189405E+08   5.86108053E+08   5.86108053E+08
   1.62000000E-02   1.90913093E+09   2.14285221E+09   2.14285221E+09   6.31141361E+08   5.71938380E+08   5.71938380E+08
   1.64000000E-02   1.85020573E+09   2.07488388E+09   2.07488388E+09   6.21364233E+08   5.58198351E+08   5.58198351E+08
   1.66000000E-02   1.79312725E+09   2.00905435E+09   2.00905435E+09   6.11847611E+08   5.44870422E+08   5.44870422E+08
   1.68000000E-02   1.73781944E+09   1.94527537E+09   1.94527537E+09   6.02581602E+08   5.31937959E+08   5.31937959E+08
   1.70000000E-02   1.68421018E+09   1.88346327E+09   1.88346327E+09   5.93556798E+08   5.19385177E+08   5.19385177E+08
   1.72000000E-02   1.63223103E+09   1.82353866E+09   1.82353866E+09   5.84764249E+08   5.07197088E+08   5.07197088E+08
   1.74000000E-02   1.58181702E+09   1.76542616E+09   1.76542616E+09   5.76195434E+08   4.95359452E+08   4.95359452E+08
   1.76000000E-02   1.53290643E+09   1.70905419E+09   1.70905419E+09   5.67842240E+08   4.83858736E+08   4.83858736E+08
   1.78000000E-02   1.48442457E+09   1.65341736E+09   1.65341736E+09   5.58294261E+08   4.72169398E+08   4.72169398E+08
   1.80000000E-02   1.43368519E+09   1.59602423E+09   1.59602423E+09   5.43912633E+08   4.58952013E+08   4.58952013E+08
   1.82000000E-02   1.38443521E+09   1.54031894E+09   1.54031894E+09   5.29936462E+08   4.46112233E+08   4.46112233E+08
   1.84000000E-02   1.33661799E+09   1.48623723E+09   1.48623723E+09   5.16350594E+08   4.33635859E+08   4.33635859E+08
   1.86000000E-02   1.29017955E+09   1.43371791E+09   1.43371791E+09   5.03140589E+08   4.21509368E+08   4.21509368E+08
   1.88000000E-02   1.24506847E+09   1.38270265E+09   1.38270265E+09   4.90292681E+08   4.09719865E+08   4.09719865E+08
   1.90000000E-02   1.20123574E+09   1.33313586E+09   1.33313586E+09   4.77793737E+08   3.98255055E+08   3.98255055E+08
   1.92000000E-02   1.15863459E+09   1.28496452E+09   1.28496452E+09   4.65631226E+08   3.87103207E+08   3.87103207E+08
   1.94000000E-02   1.11722039E+09   1.23813802E+09   1.23813802E+09   4.53793184E+08   3.76253120E+08   3.76253120E+08
   1.96000000E-02   1.07695056E+09   1.19260807E+09   1.19260807E+09   4.42268181E+08   3.65694099E+08   3.65694099E+08
   1.98000000E-02   1.03778440E+09   1.14832851E+09   1.14832851E+09   4.31045294E+08   3.55415924E+08   3.55415924E+08
   2.00000000E-02   9.99683024E+08   1.10525526E+09   1.10525526E+09   4.20114083E+08   3.45408826E+08   3.45408826E+08
   2.02000000E-02   9.62609259E+08   1.06334616E+09   1.06334616E+09   4.09464558E+08   3.35663462E+08   3.35663462E+08
   2.04000000E-02   9.26527553E+08   1.02256092E+09   1.02256092E+09   3.99087162E+08   3.26170893E+08   3.26170893E+08
   2.06000000E-02   8.91403888E+08   9.82860939E+08   9.82860939E+08   3.88972745E+08   3.16922565E+08   3.16922565E+08
   2.08000000E-02   8.57205701E+08   9.44209317E+08   9.44209317E+08   3.79112546E+08   3.07910285E+08   3.07910285E+08
   2.10000000E-02   8.23901811E+08   9.06570695E+08   9.06570695E+08   3.69498168E+08   2.99126205E+08   2.99126205E+08
   2.12000000E-02   7.91462346E+08   8.69911205E+08   8.69911205E+08   3.60121566E+08   2.90562805E+08   2.90562805E+08
   2.14000000E-02   7.59858678E+08   8.34198392E+08   8.34198392E+08   3.50975024E+08   2.82212876E+08   2.82212876E+08
   2.16000000E-02   7.29063361E+08   7.99401139E+08   7.99401139E+08   3.42051140E+08   2.74069504E+08   2.74069504E+08
   2.18000000E-02   6.99050072E+08   7.65489605E+08   7.65489605E+08   3.33342815E+08   2.66126055E+08   2.66126055E+08
   2.20000000E-02   6.73212219E+08   7.36480424E+08   7.36480424E+08   3.24843231E+08   2.58376163E+08   2.58376163E+08
   2.22000000E-02   6.55128653E+08   7.16609617E+08   7.16609617E+08   3.16545842E+08   2.50813715E+08   2.50813715E+08
   2.24000000E-02   6.37474836E+08   6.97211294E+08   6.97211294E+08   3.08444361E+08   2.43432841E+08   2.43432841E+08
   2.26000000E-02   6.20237478E+08   6.78270839E+08   6.78270839E+08   3.00532745E+08   2.36227899E+08   2.36227899E+08
   2.28000000E-02   6.03403802E+08   6.59774201E+08   6.59774201E+08   2.92805186E+08   2.29193469E+08   2.29193469E+08
   2.30000000E-02   5.86961524E+08   6.41707873E+08   6.41707873E+08   2.85256099E+08   2.22324340E+08   2.22324340E+08
   2.32000000E-02   5.70898828E+08   6.24058861E+08   6.24058861E+08   2.77880111E+08   2.15615498E+08   2.15615498E+08
   2.34000000E-02   5.55204345E+08   6.06814662E+08   6.06814662E+08   2.70672053E+08   2.09062121E+08   2.09062121E+08
   2.36000000E-02   5.39867135E+08   5.89963245E+08   5.89963245E+08   2.63626950E+08   2.02659569E+08   2.02659569E+08
   2.38000000E-02   5.24876662E+08   5.73493025E+08   5.73493025E+08   2.56740010E+08   1.96403373E+08   1.96403373E+08
   2.40000000E-02   5.10222781E+08   5.57392846E+08   5.57392846E+08   2.50006620E+08   1.90289232E+08   1.90289232E+08
   2.42000000E-02   4.95895720E+08   5.41651962E+08   5.41651962E+08   2.43422335E+08   1.84313002E+08   1.84313002E+08
   2.44000000E-02   4.81886060E+08   5.26260015E+08   5.26260015E+08   2.36982871E+08   1.78470690E+08   1.78470690E+08
   2.46000000E-02   4.68184724E+08   5.11207024E+08   5.11207024E+08   2.30684098E+08   1.72758447E+08   1.72758447E+08
   2.48000000E-02   4.54782958E+08   4.96483362E+08   4.96483362E+08   2.24522034E+08   1.67172564E+08   1.67172564E+08
   2.50000000E-02   4.41672320E+08   4.82079748E+08   4.82079748E+08   2.18492840E+08   1.61709461E+08   1.61709461E+08
   2.52000000E-02   4.28844667E+08   4.67987225E+08   4.67987225E+08   2.12592808E+08   1.56365688E+08   1.56365688E+08
   2.54000000E-02   4.16292139E+08   4.54197151E+08   4.54197151E+08   2.06818365E+08   1.51137915E+08   1.51137915E+08
   2.56000000E-02   4.04007149E+08   4.40701185E+08   4.40701185E+08   2.01166056E+08   1.46022926E+08   1.46022926E+08
   2.58000000E-02   3.91982374E+08   4.27491273E+08   4.27491273E+08   1.95632550E+08   1.41017619E+08   1.41017619E+08
   2.60000000E-02   3.80210739E+08   4.14559635E+08   4.14559635E+08   1.90214627E+08   1.36118997E+08   1.36118997E+08
   2.62000000E-02   3.69248168E+08   4.02417930E+08   4.02417930E+08   1.85727930E+08   1.32522619E+08   1.32522619E+08
   2.64000000E-02   3.58775261E+08   3.90770326E+08   3.90770326E+08   1.81714358E+08   1.29559389E+08   1.29559389E+08
   2.66000000E-02   3.48517335E+08   3.79362285E+08   3.79362285E+08   1.77780665E+08   1.26655394E+08   1.26655394E+08
   2.68000000E-02   3.38468722E+08   3.68187486E+08   3.68187486E+08   1.73924772E+08   1.23809091E+08   1.23809091E+08
   2.70000000E-02   3.28623942E+08   3.57239815E+08   3.57239815E+08   1.70144668E+08   1.21018986E+08   1.21018986E+08
   2.72000000E-02   3.18977692E+08   3.46513361E+08   3.46513361E+08   1.66438409E+08   1.18283633E+08   1.18283633E+08
   2.74000000E-02   3.09524843E+08   3.36002403E+08   3.36002403E+08   1.62804111E+08   1.15601634E+08   1.15601634E+08
   2.76000000E-02   3.00260432E+08   3.25701406E+08   3.25701406E+08   1.59239953E+08   1.12971635E+08   1.12971635E+08
   2.78000000E-02   2.91179654E+08   3.15605013E+08   3.15605013E+08   1.55744170E+08   1.10392325E+08   1.10392325E+08
   2.80000000E-02   2.82277858E+08   3.05708036E+08   3.05708036E+08   1.52315054E+08   1.07862436E+08   1.07862436E+08
   2.82000000E-02   2.73550540E+08   2.96005452E+08   2.96005452E+08   1.48950949E+08   1.05380738E+08   1.05380738E+08
   2.84000000E-02   2.64993336E+08   2.86492397E+08   2.86492397E+08   1.45650253E+08   1.02946041E+08   1.02946041E+08
   2.86000000E-02   2.56602020E+08   2.77164157E+08   2.77164157E+08   1.42411412E+08   1.00557190E+08   1.00557190E+08
   2.88000000E-02   2.48372496E+08   2.68016166E+08   2.68016166E+08   1.39232920E+08   9.82130674E+07   9.82130674E+07
   2.90000000E-02   2.40300796E+08   2.59043997E+08   2.59043997E+08   1.36113317E+08   9.59125886E+07   9.59125886E+07
   2.92000000E-02   2.32383071E+08   2.50243361E+08   2.50243361E+08   1.33051188E+08   9.36547025E+07   9.36547025E+07
   2.94000000E-02   2.24615590E+08   2.41610097E+08   2.41610097E+08   1.30045160E+08   9.14383897E+07   9.14383897E+07
   2.96000000E-02   2.16994735E+08   2.33140171E+08   2.33140171E+08   1.27093902E+08   8.92626613E+07   8.92626613E+07
   2.98000000E-02   2.09516997E+08   2.24829670E+08   2.24829670E+08   1.24196121E+08   8.71265579E+07   8.71265579E+07
   3.00000000E-02   2.02178972E+08   2.16674797E+08   2.16674797E+08   1.21350563E+08   8.50291485E+07   8.50291485E+07
   3.02000000E-02   1.94977353E+08   2.08671869E+08   2.08671869E+08   1.18556012E+08   8.29695295E+07   8.29695295E+07
   3.04000000E-02   1.87908937E+08   2.00817312E+08   2.00817312E+08   1.15811287E+08   8.09468239E+07   8.09468239E+07
   3.06000000E-02   1.80970609E+08   1.93107653E+08   1.93107653E+08   1.13115240E+08   7.89601799E+07   7.89601799E+07
   3.08000000E-02   1.74159348E+08   1.85539525E+08   1.85539525E+08   1.10466757E+08   7.70087705E+07   7.70087705E+07
   3.10000000E-02   1.67472218E+08   1.78109656E+08   1.78109656E+08   1.07864756E+08   7.50917925E+07   7.50917925E+07
   3.12000000E-02   1.60906371E+08   1.70814867E+08   1.70814867E+08   1.05308186E+08   7.32084653E+07   7.32084653E+07
   3.14000000E-02   1.54459036E+08   1.63652071E+08   1.63652071E+08   1.02796027E+08   7.13580309E+07   7.13580309E+07
   3.16000000E-02   1.48127523E+08   1.56618271E+08   1.56618271E+08   1.00327284E+08   6.95397523E+07   6.95397523E+07
   3.18000000E-02   1.41909219E+08   1.49710550E+08   1.49710550E+08   9.79009932E+07   6.77529134E+07   6.77529134E+07
   3.20000000E-02   1.35801581E+08   1.42926077E+08   1.42926077E+08   9.55162168E+07   6.59968178E+07   6.59968178E+07
   3.22000000E-02   1.29802141E+08   1.36262099E+08   1.36262099E+08   9.31720424E+07   6.42707886E+07   6.42707886E+07
   3.24000000E-02   1.23908497E+08   1.29715937E+08   1.29715937E+08   9.08675831E+07   6.25741674E+07   6.25741674E+07
   3.26000000E-02   1.18118313E+08   1.23284989E+08   1.23284989E+08   8.86019762E+07   6.09063140E+07   6.09063140E+07
   3.28000000E-02   1.12429319E+08   1.16966723E+08   1.16966723E+08   8.63743823E+07   5.92666054E+07   5.92666054E+07
   3.30000000E-02   1.06839304E+08   1.10758676E+08   1.10758676E+08   8.41839848E+07   5.76544356E+07   5.76544356E+07
   3.32000000E-02   1.01346119E+08   1.04658452E+08   1.04658452E+08   8.20299891E+07   5.60692148E+07   5.60692148E+07
   3.34000000E-02   9.59476739E+07   9.86637207E+07   9.86637207E+07   7.99116216E+07   5.45103690E+07   5.45103690E+07
   3.36000000E-02   9.06419320E+07   9.27722124E+07   9.27722124E+07   7.78281294E+07   5.29773397E+07   5.29773397E+07
   3.38000000E-02   8.54269125E+07   8.69817191E+07   8.69817191E+07   7.57787795E+07   5.14695828E+07   5.14695828E+07
   3.40000000E-02   8.03006869E+07   8.12900911E+07   8.12900911E+07   7.37628582E+07   4.99865687E+07   4.99865687E+07
   3.42000000E-02   7.52613772E+07   7.56952355E+07   7.56952355E+07   7.17796703E+07   4.85277816E+07   4.85277816E+07
   3.44000000E-02   7.03071549E+07   7.01951140E+07   7.01951140E+07   6.98285387E+07   4.70927193E+07   4.70927193E+07
   3.46000000E-02   6.54362392E+07   6.47877419E+07   6.47877419E+07   6.79088038E+07   4.56808922E+07   4.56808922E+07
   3.48000000E-02   6.06468953E+07   5.94711858E+07   5.94711858E+07   6.60198230E+07   4.42918238E+07   4.42918238E+07
   3.50000000E-02   5.59374334E+07   5.42435622E+07   5.42435622E+07   6.41609701E+07   4.29250493E+07   4.29250493E+07
   3.52000000E-02   5.13062069E+07   4.91030359E+07   4.91030359E+07   6.23316347E+07   4.15801161E+07   4.15801161E+07
   3.54000000E-02   4.85876387E+07   4.62203699E+07   4.62203699E+07   6.05312220E+07   4.02565829E+07   4.02565829E+07
   3.56000000E-02   4.72325113E+07   4.49457888E+07   4.49457888E+07   5.87591521E+07   3.89540195E+07   3.89540195E+07
   3.58000000E-02   4.58985537E+07   4.36911029E+07   4.36911029E+07   5.70148594E+07   3.76720064E+07   3.76720064E+07
   3.60000000E-02   4.45853463E+07   4.24559179E+07   4.24559179E+07   5.52977928E+07   3.64101348E+07   3.64101348E+07
   3.62000000E-02   4.32924797E+07   4.12398494E+07   4.12398494E+07   5.36074145E+07   3.51680059E+07   3.51680059E+07
   3.64000000E-02   4.20195549E+07   4.00425224E+07   4.00425224E+07   5.19431999E+07   3.39452305E+07   3.39452305E+07
   3.66000000E-02   4.07661824E+07   3.88635709E+07   3.88635709E+07   5.03046376E+07   3.27414294E+07   3.27414294E+07
   3.68000000E-02   3.95319823E+07   3.77026381E+07   3.77026381E+07   4.86912283E+07   3.15562323E+07   3.15562323E+07
   3.70000000E-02   3.83165838E+07   3.65593757E+07   3.65593757E+07   4.71024850E+07   3.03892780E+07   3.03892780E+07
   3.72000000E-02   3.71196252E+07   3.54334437E+07   3.54334437E+07   4.55379324E+07   2.92402141E+07   2.92402141E+07
   3.74000000E-02   3.59407534E+07   3.43245104E+07   3.43245104E+07   4.39971066E+07   2.81086966E+07   2.81086966E+07
   3.76000000E-02   3.47796236E+07   3.32322519E+07   3.32322519E+07   4.24795547E+07   2.69943897E+07   2.69943897E+07
   3.78000000E-02   3.36358993E+07   3.21563521E+07   3.21563521E+07   4.09848347E+07   2.58969655E+07   2.58969655E+07
   3.80000000E-02   3.25092520E+07   3.10965022E+07   3.10965022E+07   3.95125151E+07   2.48161042E+07   2.48161042E+07
   3.82000000E-02   3.13993608E+07   3.00524009E+07   3.00524009E+07   3.80621742E+07   2.37514932E+07   2.37514932E+07
   3.84000000E-02   3.07219021E+07   2.94075255E+07   2.94075255E+07   3.72197315E+07   2.31757680E+07   2.31757680E+07
   3.86000000E-02   3.02183875E+07   2.89234019E+07   2.89234019E+07   3.66208789E+07   2.27950571E+07   2.27950571E+07
   3.88000000E-02   2.97218341E+07   2.84459750E+07   2.84459750E+07   3.60302875E+07   2.24196110E+07   2.24196110E+07
   3.90000000E-02   2.92321167E+07   2.79751243E+07   2.79751243E+07   3.54478087E+07   2.20493351E+07   2.20493351E+07
   3.92000000E-02   2.87491130E+07   2.75107319E+07   2.75107319E+07   3.48732976E+07   2.16841367E+07   2.16841367E+07
   3.94000000E-02   2.82727032E+07   2.70526829E+07   2.70526829E+07   3.43066122E+07   2.13239254E+07   2.13239254E+07
   3.96000000E-02   2.78027705E+07   2.66008646E+07   2.66008646E+07   3.37476139E+07   2.09686128E+07   2.09686128E+07
   3.98000000E-02   2.73392005E+07   2.61551670E+07   2.61551670E+07   3.31961672E+07   2.06181123E+07   2.06181123E+07
   4.00000000E-02   2.68818815E+07   2.57154827E+07   2.57154827E+07   3.26521395E+07   2.02723394E+07   2.02723394E+07
   4.02000000E-02   2.64307041E+07   2.52817064E+07   2.52817064E+07   3.21154011E+07   1.99312114E+07   1.99312114E+07
   4.04000000E-02   2.59855614E+07   2.48537352E+07   2.48537352E+07   3.15858254E+07   1.95946474E+07   1.95946474E+07
   4.06000000E-02   2.55463487E+07   2.44314685E+07   2.44314685E+07   3.10632881E+07   1.92625683E+07   1.92625683E+07
   4.08000000E-02   2.51129639E+07   2.40148078E+07   2.40148078E+07   3.05476681E+07   1.89348967E+07   1.89348967E+07
   4.10000000E-02   2.46853067E+07   2.36036568E+07   2.36036568E+07   3.00388467E+07   1.86115570E+07   1.86115570E+07
   4.12000000E-02   2.42632792E+07   2.31979214E+07   2.31979214E+07   2.95367077E+07   1.82924750E+07   1.82924750E+07
   4.14000000E-02   2.38467857E+07   2.27975092E+07   2.27975092E+07   2.90411374E+07   1.79775782E+07   1.79775782E+07
   4.16000000E-02   2.34357323E+07   2.24023301E+07   2.24023301E+07   2.85520247E+07   1.76667957E+07   1.76667957E+07
   4.18000000E-02   2.30300273E+07   2.20122958E+07   2.20122958E+07   2.80692607E+07   1.73600582E+07   1.73600582E+07
   4.20000000E-02   2.26295807E+07   2.16273197E+07   2.16273197E+07   2.75927389E+07   1.70572975E+07   1.70572975E+07
   4.22000000E-02   2.22343047E+07   2.12473173E+07   2.12473173E+07   2.71223550E+07   1.67584472E+07   1.67584472E+07
   4.24000000E-02   2.18441131E+07   2.08722057E+07   2.08722057E+07   2.66580067E+07   1.64634422E+07   1.64634422E+07
   4.26000000E-02   2.14589216E+07   2.05019038E+07   2.05019038E+07   2.61995943E+07   1.61722187E+07   1.61722187E+07
   4.28000000E-02   2.10786477E+07   2.01363322E+07   2.01363322E+07   2.57470197E+07   1.58847142E+07   1.58847142E+07
   4.30000000E-02   2.07032105E+07   1.97754130E+07   1.97754130E+07   2.53001871E+07   1.56008677E+07   1.56008677E+07
   4.32000000E-02   2.03325308E+07   1.94190702E+07   1.94190702E+07   2.48590026E+07   1.53206191E+07   1.53206191E+07
   4.34000000E-02   1.99665312E+07   1.90672290E+07   1.90672290E+07   2.44233742E+07   1.50439099E+07   1.50439099E+07
   4.36000000E-02   1.96051355E+07   1.87198165E+07   1.87198165E+07   2.39932119E+07   1.47706826E+07   1.47706826E+07
   4.38000000E-02   1.92482695E+07   1.83767609E+07   1.83767609E+07   2.35684272E+07   1.45008809E+07   1.45008809E+07
   4.40000000E-02   1.88958601E+07   1.80379921E+07   1.80379921E+07   2.31489339E+07   1.42344497E+07   1.42344497E+07
   4.42000000E-02   1.85478359E+07   1.77034415E+07   1.77034415E+07   2.27346470E+07   1.39713348E+07   1.39713348E+07
   4.44000000E-02   1.82041270E+07   1.73730415E+07   1.73730415E+07   2.23254837E+07   1.37114835E+07   1.37114835E+07
   4.46000000E-02   1.78646647E+07   1.70467263E+07   1.70467263E+07   2.19213625E+07   1.34548436E+07   1.34548436E+07
   4.48000000E-02   1.75293817E+07   1.67244311E+07   1.67244311E+07   2.15222036E+07   1.32013645E+07   1.32013645E+07
   4.50000000E-02   1.71982122E+07   1.64060925E+07   1.64060925E+07   2.11279290E+07   1.29509962E+07   1.29509962E+07
   4.52000000E-02   1.68710916E+07   1.60916484E+07   1.60916484E+07   2.07384619E+07   1.27036899E+07   1.27036899E+07
   4.54000000E-02   1.65479565E+07   1.57810377E+07   1.57810377E+07   2.03537272E+07   1.24593977E+07   1.24593977E+07
   4.56000000E-02   1.62287447E+07   1.54742008E+07   1.54742008E+07   1.99736514E+07   1.22180726E+07   1.22180726E+07
   4.58000000E-02   1.59133955E+07   1.51710791E+07   1.51710791E+07   1.95981620E+07   1.19796686E+07   1.19796686E+07
   4.60000000E-02   1.56018491E+07   1.48716152E+07   1.48716152E+07   1.92271884E+07   1.17441404E+07   1.17441404E+07
   4.62000000E-02   1.52940470E+07   1.45757526E+07   1.45757526E+07   1.88606611E+07   1.15114438E+07   1.15114438E+07
   4.64000000E-02   1.49899317E+07   1.42834362E+07   1.42834362E+07   1.84985120E+07   1.12815355E+07   1.12815355E+07
   4.66000000E-02   1.46894470E+07   1.39946118E+07   1.39946118E+07   1.81406742E+07   1.10543727E+07   1.10543727E+07
   4.68000000E-02   1.43925375E+07   1.37092262E+07   1.37092262E+07   1.77870823E+07   1.08299136E+07   1.08299136E+07
   4.70000000E-02   1.40991491E+07   1.34272273E+07   1.34272273E+07   1.74376719E+07   1.06081174E+07   1.06081174E+07
   4.72000000E-02   1.38092286E+07   1.31485639E+07   1.31485639E+07   1.70923800E+07   1.03889438E+07   1.03889438E+07
   4.74000000E-02   1.35227239E+07   1.28731859E+07   1.28731859E+07   1.67511447E+07   1.01723533E+07   1.01723533E+07
   4.76000000E-02   1.32395837E+07   1.26010440E+07   1.26010440E+07   1.64139053E+07   9.95830729E+06   9.95830729E+06
   4.78000000E-02   1.29597579E+07   1.23320898E+07   1.23320898E+07   1.60806022E+07   9.74676768E+06   9.74676768E+06
   4.80000000E-02   1.26831972E+07   1.20662760E+07   1.20662760E+07   1.57511769E+07   9.53769722E+06   9.53769722E+06
   4.82000000E-02   1.24098531E+07   1.18035561E+07   1.18035561E+07   1.54255721E+07   9.33105934E+06   9.33105934E+06
   4.84000000E-02   1.21396782E+07   1.15438843E+07   1.15438843E+07   1.51037314E+07   9.12681811E+06   9.12681811E+06
   4.86000000E-02   1.18726260E+07   1.12872158E+07   1.12872158E+07   1.47855996E+07   8.92493831E+06   8.92493831E+06
   4.88000000E-02   1.16086506E+07   1.10335066E+07   1.10335066E+07   1.44711223E+07   8.72538533E+06   8.72538533E+06
   4.90000000E-02   1.13477071E+07   1.07827135E+07   1.07827135E+07   1.41602463E+07   8.52812519E+06   8.52812519E+06
   4.92000000E-02   1.10897515E+07   1.05347941E+07   1.05347941E+07   1.38529193E+07   8.33312456E+06   8.33312456E+06
   4.94000000E-02   1.08347405E+07   1.02897068E+07   1.02897068E+07   1.35490899E+07   8.14035069E+06   8.14035069E+06
   4.96000000E-02   1.05826316E+07   1.00474105E+07   1.00474105E+07   1.32487077E+07   7.94977143E+06   7.94977143E+06
   4.98000000E-02   1.03333830E+07   9.80786529E+06   9.80786529E+06   1.29517232E+07   7.76135521E+06   7.76135521E+06
   5.00000000E-02   1.00869536E+07   9.57103159E+06   9.57103159E+06   1.26580877E+07   7.57507103E+06   7.57507103E+06
   5.02000000E-02   9.84330341E+06   9.33687071E+06   9.33687071E+06   1.23677534E+07   7.39088843E+06   7.39088843E+06
   5.04000000E-02   9.60239269E+06   9.10534459E+06   9.10534459E+06   1.20806736E+07   7.20877750E+06   7.20877750E+06
   5.06000000E-02   9.36418266E+06   8.87641588E+06   8.87641588E+06   1.17968019E+07   7.02870888E+06   7.02870888E+06
   5.08000000E-02   9.12863515E+06   8.65004786E+06   8.65004786E+06   1.15160933E+07   6.85065369E+06   6.85065369E+06
   5.10000000E-02   8.89571268E+06   8.42620448E+06   8.42620448E+06   1.12385032E+07   6.67458360E+06   6.67458360E+06
   5.12000000E-02   8.66537843E+06   8.20485030E+06   8.20485030E+06   1.09639879E+07   6.50047075E+06   6.50047075E+06
   5.14000000E-02   8.43759622E+06   7.98595053E+06   7.98595053E+06   1.06925045E+07   6.32828777E+06   6.32828777E+06
   5.16000000E-02   8.21233049E+06   7.76947095E+06   7.76947095E+06   1.04240109E+07   6.15800778E+06   6.15800778E+06
   5.18000000E-02   7.98954631E+06   7.55537796E+06   7.55537796E+06   1.01584654E+07   5.98960435E+06   5.98960435E+06
   5.20000000E-02   7.76920935E+06   7.34363854E+06   7.34363854E+06   9.89582753E+06   5.82305152E+06   5.82305152E+06
   5.22000000E-02   7.55128587E+06   7.13422023E+06   7.13422023E+06   9.63605712E+06   5.65832378E+06   5.65832378E+06
   5.24000000E-02   7.33574270E+06   6.92709112E+06   6.92709112E+06   9.37911484E+06   5.49539603E+06   5.49539603E+06
   5.26000000E-02   7.12254727E+06   6.72221987E+06   6.72221987E+06   9.12496203E+06   5.33424364E+06   5.33424364E+06
   5.28000000E-02   6.91166753E+06   6.51957564E+06   6.51957564E+06   8.87356067E+06   5.17484238E+06   5.17484238E+06
   5.30000000E-02   6.70307199E+06   6.31912816E+06   6.31912816E+06   8.62487338E+06   5.01716841E+06   5.01716841E+06
   5.32000000E-02   6.49672969E+06   6.12084763E+06   6.12084763E+06   8.37886344E+06   4.86119834E+06   4.86119834E+06
   5.34000000E-02   6.29261019E+06   5.92470477E+06   5.92470477E+06   8.13549471E+06   4.70690913E+06   4.70690913E+06
   5.36000000E-02   6.09068356E+06   5.73067079E+06   5.73067079E+06   7.89473168E+06   4.55427816E+06   4.55427816E+06
   5.38000000E-02   5.89092039E+06   5.53871739E+06   5.53871739E+06   7.65653945E+06   4.40328316E+06   4.40328316E+06
   5.40000000E-02   5.69329173E+06   5.34881673E+06   5.34881673E+06   7.42088366E+06   4.25390227E+06   4.25390227E+06
   5.42000000E-02   5.49776913E+06   5.16094144E+06   5.16094144E+06   7.18773055E+06   4.10611395E+06   4.10611395E+06
   5.44000000E-02   5.30432462E+06   4.97506461E+06   4.97506461E+06   6.95704692E+06   3.95989705E+06   3.95989705E+06
   5.46000000E-02   5.11293067E+06   4.79115975E+06   4.79115975E+06   6.72880011E+06   3.81523075E+06   3.81523075E+06
   5.48000000E-02   4.92356021E+06   4.60920084E+06   4.60920084E+06   6.50295799E+06   3.67209458E+06   3.67209458E+06
   5.50000000E-02   4.73618663E+06   4.42916226E+06   4.42916226E+06   6.27948897E+06   3.53046840E+06   3.53046840E+06
   5.52000000E-02   4.55078374E+06   4.25101883E+06   4.25101883E+06   6.05836198E+06   3.39033242E+06   3.39033242E+06
   5.54000000E-02   4.36732577E+06   4.07474575E+06   4.07474575E+06   5.83954643E+06   3.25166715E+06   3.25166715E+06
   5.56000000E-02   4.18578739E+06   3.90031865E+06   3.90031865E+06   5.62301225E+06   3.11445342E+06   3.11445342E+06
   5.58000000E-02   4.00614366E+06   3.72771356E+06   3.72771356E+06   5.40872985E+06   2.97867238E+06   2.97867238E+06
   5.60000000E-02   3.82837006E+06   3.55690686E+06   3.55690686E+06   5.19667011E+06   2.84430547E+06   2.84430547E+06
   5.62000000E-02   3.67858907E+06   3.41199696E+06   3.41199696E+06   5.02340475E+06   2.73553161E+06   2.73553161E+06
   5.64000000E-02   3.61623145E+06   3.34781079E+06   3.34781079E+06   4.97212938E+06   2.70732791E+06   2.70732791E+06
   5.66000000E-02   3.55448846E+06   3.28426197E+06   3.28426197E+06   4.92133442E+06   2.67938878E+06   2.67938878E+06
   5.68000000E-02   3.49893389E+06   3.22794699E+06   3.22794699E+06   4.87101396E+06   2.65171099E+06   2.65171099E+06
   5.70000000E-02   3.46313395E+06   3.19491970E+06   3.19491970E+06   4.82116218E+06   2.62429133E+06   2.62429133E+06
   5.72000000E-02   3.42766647E+06   3.16219912E+06   3.16219912E+06   4.77177336E+06   2.59712665E+06   2.59712665E+06
   5.74000000E-02   3.39252740E+06   3.12978151E+06   3.12978151E+06   4.72284187E+06   2.57021384E+06   2.57021384E+06
   5.76000000E-02   3.35771275E+06   3.09766320E+06   3.09766320E+06   4.67436215E+06   2.54354984E+06   2.54354984E+06
   5.78000000E-02   3.32321860E+06   3.06584057E+06   3.06584057E+06   4.62632875E+06   2.51713164E+06   2.51713164E+06
   5.80000000E-02   3.28904109E+06   3.03431005E+06   3.03431005E+06   4.57873628E+06   2.49095628E+06   2.49095628E+06
   5.82000000E-02   3.25517641E+06   3.00306813E+06   3.00306813E+06   4.53157945E+06   2.46502083E+06   2.46502083E+06
   5.84000000E-02   3.22162081E+06   2.97211137E+06   2.97211137E+06   4.48485304E+06   2.43932244E+06   2.43932244E+06
   5.86000000E-02   3.18837061E+06   2.94143634E+06   2.94143634E+06   4.43855191E+06   2.41385825E+06   2.41385825E+06
   5.88000000E-02   3.15542217E+06   2.91103970E+06   2.91103970E+06   4.39267099E+06   2.38862548E+06   2.38862548E+06
   5.90000000E-02   3.12277191E+06   2.88091815E+06   2.88091815E+06   4.34720531E+06   2.36362139E+06   2.36362139E+06
   5.92000000E-02   3.09041630E+06   2.85106843E+06   2.85106843E+06   4.30214994E+06   2.33884327E+06   2.33884327E+06
   5.94000000E-02   3.05835187E+06   2.82148734E+06   2.82148734E+06   4.25750006E+06   2.31428845E+06   2.31428845E+06
   5.96000000E-02   3.02657520E+06   2.79217172E+06   2.79217172E+06   4.21325090E+06   2.28995431E+06   2.28995431E+06
   5.98000000E-02   2.99508291E+06   2.76311846E+06   2.76311846E+06   4.16939776E+06   2.26583825E+06   2.26583825E+06
   6.00000000E-02   2.96387169E+06   2.73432450E+06   2.73432450E+06   4.12593601E+06   2.24193774E+06   2.24193774E+06
   6.02000000E-02   2.93293826E+06   2.70578681E+06   2.70578681E+06   4.08286111E+06   2.21825025E+06   2.21825025E+06
   6.04000000E-02   2.90227939E+06   2.67750242E+06   2.67750242E+06   4.04016854E+06   2.19477332E+06   2.19477332E+06
   6.06000000E-02   2.87189190E+06   2.64946840E+06   2.64946840E+06   3.99785390E+06   2.17150450E+06   2.17150450E+06
   6.08000000E-02   2.84177268E+06   2.62168185E+06   2.62168185E+06   3.95591282E+06   2.14844140E+06   2.14844140E+06
   6.10000000E-02   2.81191862E+06   2.59413995E+06   2.59413995E+06   3.91434101E+06   2.12558164E+06   2.12558164E+06
   6.12000000E-02   2.78232669E+06   2.56683986E+06   2.56683986E+06   3.87313422E+06   2.10292289E+06   2.10292289E+06
   6.14000000E-02   2.75299389E+06   2.53977884E+06   2.53977884E+06   3.83228828E+06   2.08046285E+06   2.08046285E+06
   6.16000000E-02   2.72391727E+06   2.51295416E+06   2.51295416E+06   3.79179909E+06   2.05819926E+06   2.05819926E+06
   6.18000000E-02   2.69509392E+06   2.48636313E+06   2.48636313E+06   3.75166257E+06   2.03612988E+06   2.03612988E+06
   6.20000000E-02   2.66652096E+06   2.46000310E+06   2.46000310E+06   3.71187475E+06   2.01425250E+06   2.01425250E+06
   6.22000000E-02   2.63819557E+06   2.43387146E+06   2.43387146E+06   3.67243168E+06   1.99256496E+06   1.99256496E+06
   6.24000000E-02   2.61011495E+06   2.40796564E+06   2.40796564E+06   3.63332947E+06   1.97106512E+06   1.97106512E+06
   6.26000000E-02   2.58227636E+06   2.38228311E+06   2.38228311E+06   3.59456430E+06   1.94975087E+06   1.94975087E+06
   6.28000000E-02   2.55467709E+06   2.35682136E+06   2.35682136E+06   3.55613238E+06   1.92862012E+06   1.92862012E+06
   6.30000000E-02   2.52731446E+06   2.33157792E+06   2.33157792E+06   3.51803001E+06   1.90767084E+06   1.90767084E+06
   6.32000000E-02   2.50018585E+06   2.30655037E+06   2.30655037E+06   3.48025351E+06   1.88690098E+06   1.88690098E+06
   6.34000000E-02   2.47328865E+06   2.28173632E+06   2.28173632E+06   3.44279927E+06   1.86630857E+06   1.86630857E+06
   6.36000000E-02   2.44662029E+06   2.25713338E+06   2.25713338E+06   3.40566371E+06   1.84589164E+06   1.84589164E+06
   6.38000000E-02   2.42017827E+06   2.23273925E+06   2.23273925E+06   3.36884332E+06   1.82564825E+06   1.82564825E+06
   6.40000000E-02   2.39396008E+06   2.20855162E+06   2.20855162E+06   3.33233463E+06   1.80557649E+06   1.80557649E+06
   6.42000000E-02   2.36796326E+06   2.18456821E+06   2.18456821E+06   3.29613422E+06   1.78567447E+06   1.78567447E+06
   6.44000000E-02   2.34218541E+06   2.16078681E+06   2.16078681E+06   3.26023872E+06   1.76594033E+06   1.76594033E+06
   6.46000000E-02   2.31662412E+06   2.13720520E+06   2.13720520E+06   3.22464480E+06   1.74637225E+06   1.74637225E+06
   6.48000000E-02   2.29127704E+06   2.11382121E+06   2.11382121E+06   3.18934917E+06   1.72696841E+06   1.72696841E+06
   6.50000000E-02   2.26614184E+06   2.09063270E+06   2.09063270E+06   3.15434861E+06   1.70772704E+06   1.70772704E+06
   6.52000000E-02   2.24121624E+06   2.06763755E+06   2.06763755E+06   3.11963992E+06   1.68864636E+06   1.68864636E+06
   6.54000000E-02   2.21649798E+06   2.04483367E+06   2.04483367E+06   3.08521995E+06   1.66972465E+06   1.66972465E+06
   6.56000000E-02   2.19198481E+06   2.02221901E+06   2.02221901E+06   3.05108560E+06   1.65096020E+06   1.65096020E+06
   6.58000000E-02   2.16767455E+06   1.99979154E+06   1.99979154E+06   3.01723379E+06   1.63235132E+06   1.63235132E+06
   6.60000000E-02   2.14356503E+06   1.97754926E+06   1.97754926E+06   2.98366152E+06   1.61389634E+06   1.61389634E+06
   6.62000000E-02   2.11965409E+06   1.95549018E+06   1.95549018E+06   2.95036579E+06   1.59559362E+06   1.59559362E+06
   6.64000000E-02   2.09593963E+06   1.93361237E+06   1.93361237E+06   2.91734366E+06   1.57744154E+06   1.57744154E+06
   6.66000000E-02   2.07241956E+06   1.91191389E+06   1.91191389E+06   2.88459224E+06   1.55943850E+06   1.55943850E+06
   6.68000000E-02   2.04909183E+06   1.89039285E+06   1.89039285E+06   2.85210865E+06   1.54158292E+06   1.54158292E+06
   6.70000000E-02   2.02595440E+06   1.86904738E+06   1.86904738E+06   2.81989008E+06   1.52387325E+06   1.52387325E+06
   6.72000000E-02   2.00300528E+06   1.84787564E+06   1.84787564E+06   2.78793372E+06   1.50630794E+06   1.50630794E+06
   6.74000000E-02   1.98024249E+06   1.82687578E+06   1.82687578E+06   2.75623684E+06   1.48888549E+06   1.48888549E+06
   6.76000000E-02   1.95766407E+06   1.80604603E+06   1.80604603E+06   2.72479671E+06   1.47160439E+06   1.47160439E+06
   6.78000000E-02   1.93526811E+06   1.78538460E+06   1.78538460E+06   2.69361066E+06   1.45446317E+06   1.45446317E+06
   6.80000000E-02   1.91305271E+06   1.76488974E+06   1.76488974E+06   2.66267604E+06   1.43746038E+06   1.43746038E+06
   6.82000000E-02   1.89101598E+06   1.74455973E+06   1.74455973E+06   2.63199023E+06   1.42059457E+06   1.42059457E+06
   6.84000000E-02   1.86915608E+06   1.72439285E+06   1.72439285E+06   2.60155068E+06   1.40386432E+06   1.40386432E+06
   6.86000000E-02   1.84747119E+06   1.70438742E+06   1.70438742E+06   2.57135482E+06   1.38726824E+06   1.38726824E+06
   6.88000000E-02   1.82595951E+06   1.68454177E+06   1.68454177E+06   2.54140015E+06   1.37080495E+06   1.37080495E+06
   6.90000000E-02   1.80461924E+06   1.66485428E+06   1.66485428E+06   2.51168420E+06   1.35447307E+06   1.35447307E+06
   6.92000000E-02   1.78344864E+06   1.64532331E+06   1.64532331E+06   2.48220452E+06   1.33827126E+06   1.33827126E+06
   6.94000000E-02   1.76244598E+06   1.62594727E+06   1.62594727E+06   2.45295870E+06   1.32219819E+06   1.32219819E+06
   6.96000000E-02   1.74160954E+06   1.60672458E+06   1.60672458E+06   2.42394434E+06   1.30625255E+06   1.30625255E+06
   6.98000000E-02   1.72093764E+06   1.58765368E+06   1.58765368E+06   2.39515911E+06   1.29043305E+06   1.29043305E+06
   7.00000000E-02   1.70042859E+06   1.56873303E+06   1.56873303E+06   2.36660067E+06   1.27473839E+06   1.27473839E+06
   7.02000000E-02   1.68008077E+06   1.54996111E+06   1.54996111E+06   2.33826674E+06   1.25916733E+06   1.25916733E+06
   7.04000000E-02   1.65989255E+06   1.53133643E+06   1.53133643E+06   2.31015505E+06   1.24371860E+06   1.24371860E+06
   7.06000000E-02   1.63986231E+06   1.51285750E+06   1.51285750E+06   2.28226337E+06   1.22839099E+06   1.22839099E+06
   7.08000000E-02   1.61998847E+06   1.49452286E+06   1.49452286E+06   2.25458948E+06   1.21318327E+06   1.21318327E+06
   7.10000000E-02   1.60026947E+06   1.47633107E+06   1.47633107E+06   2.22713121E+06   1.19809425E+06   1.19809425E+06
   7.12000000E-02   1.58070377E+06   1.45828069E+06   1.45828069E+06   2.19988641E+06   1.18312274E+06   1.18312274E+06
   7.14000000E-02   1.56128983E+06   1.44037033E+06   1.44037033E+06   2.17285295E+06   1.16826756E+06   1.16826756E+06
   7.16000000E-02   1.54202615E+06   1.42259860E+06   1.42259860E+06   2.14602873E+06   1.15352757E+06   1.15352757E+06
   7.18000000E-02   1.52291125E+06   1.40496411E+06   1.40496411E+06   2.11941168E+06   1.13890162E+06   1.13890162E+06
   7.20000000E-02   1.50394364E+06   1.38746552E+06   1.38746552E+06   2.09299976E+06   1.12438858E+06   1.12438858E+06
   7.22000000E-02   1.48512189E+06   1.37010148E+06   1.37010148E+06   2.06679094E+06   1.10998734E+06   1.10998734E+06
   7.24000000E-02   1.46644455E+06   1.35287067E+06   1.35287067E+06   2.04078323E+06   1.09569681E+06   1.09569681E+06
   7.26000000E-02   1.44791022E+06   1.33577179E+06   1.33577179E+06   2.01497465E+06   1.08151588E+06   1.08151588E+06
   7.28000000E-02   1.42951749E+06   1.31880355E+06   1.31880355E+06   1.98936326E+06   1.06744350E+06   1.06744350E+06
   7.30000000E-02   1.41126498E+06   1.30196467E+06   1.30196467E+06   1.96394713E+06   1.05347860E+06   1.05347860E+06
   7.32000000E-02   1.39315132E+06   1.28525388E+06   1.28525388E+06   1.93872436E+06   1.03962013E+06   1.03962013E+06
   7.34000000E-02   1.37517518E+06   1.26866996E+06   1.26866996E+06   1.91369308E+06   1.02586707E+06   1.02586707E+06
   7.36000000E-02   1.35733521E+06   1.25221167E+06   1.25221167E+06   1.88885143E+06   1.01221838E+06   1.01221838E+06
   7.38000000E-02   1.33963010E+06   1.23587779E+06   1.23587779E+06   1.86419758E+06   9.98673063E+05   9.98673063E+05
   7.40000000E-02   1.32205855E+06   1.21966714E+06   1.21966714E+06   1.83972973E+06   9.85230120E+05   9.85230120E+05
   7.42000000E-02   1.30461928E+06   1.20357851E+06   1.20357851E+06   1.81544607E+06   9.71888566E+05   9.71888566E+05
   7.44000000E-02   1.28731103E+06   1.18761075E+06   1.18761075E+06   1.79134485E+06   9.58647428E+05   9.58647428E+05
   7.46000000E-02   1.27013253E+06   1.17176270E+06   1.17176270E+06   1.76742432E+06   9.45505745E+05   9.45505745E+05
   7.48000000E-02   1.25308254E+06   1.15603321E+06   1.15603321E+06   1.74368275E+06   9.32462566E+05   9.32462566E+05
   7.50000000E-02   1.23615986E+06   1.14042115E+06   1.14042115E+06   1.72011845E+06   9.19516954E+05   9.19516954E+05
   7.52000000E-02   1.21936325E+06   1.12492542E+06   1.12492542E+06   1.69672973E+06   9.06667981E+05   9.06667981E+05
   7.54000000E-02   1.20269154E+06   1.10954491E+06   1.10954491E+06   1.67351492E+06   8.93914732E+05   8.93914732E+05
   7.56000000E-02   1.18614355E+06   1.09427853E+06   1.09427853E+06   1.65047239E+06   8.81256299E+05   8.81256299E+05
   7.58000000E-02   1.16971809E+06   1.07912520E+06   1.07912520E+06   1.62760051E+06   8.68691790E+05   8.68691790E+05
   7.60000000E-02   1.15341403E+06   1.06408386E+06   1.06408386E+06   1.60489767E+06   8.56220320E+05   8.56220320E+05
   7.62000000E-02   1.13723023E+06   1.04915347E+06   1.04915347E+06   1.58236228E+06   8.43841016E+05   8.43841016E+05
   7.64000000E-02   1.12116555E+06   1.03433297E+06   1.03433297E+06   1.55999279E+06   8.31553013E+05   8.31553013E+05
   7.66000000E-02   1.10521889E+06   1.01962135E+06   1.01962135E+06   1.53778763E+06   8.19355459E+05   8.19355459E+05
   7.68000000E-02   1.08938914E+06   1.00501759E+06   1.00501759E+06   1.51574529E+06   8.07247511E+05   8.07247511E+05
   7.70000000E-02   1.07367522E+06   9.90520691E+05   9.90520691E+05   1.49386424E+06   7.95228334E+05   7.95228334E+05
   7.72000000E-02   1.05807606E+06   9.76129658E+05   9.76129658E+05   1.47214299E+06   7.83297105E+05   7.83297105E+05
   7.74000000E-02   1.04259059E+06   9.61843513E+05   9.61843513E+05   1.45058007E+06   7.71453010E+05   7.71453010E+05
   7.76000000E-02   1.02721776E+06   9.47661288E+05   9.47661288E+05   1.42917400E+06   7.59695244E+05   7.59695244E+05
   7.78000000E-02   1.01195654E+06   9.33582026E+05   9.33582026E+05   1.40792335E+06   7.48023011E+05   7.48023011E+05
   7.80000000E-02   9.96805906E+05   9.19604781E+05   9.19604781E+05   1.38682669E+06   7.36435525E+05   7.36435525E+05
   7.82000000E-02   9.81764837E+05   9.05728619E+05   9.05728619E+05   1.36588260E+06   7.24932008E+05   7.24932008E+05
   7.84000000E-02   9.66832334E+05   8.91952614E+05   8.91952614E+05   1.34508970E+06   7.13511693E+05   7.13511693E+05
   7.86000000E-02   9.52007406E+05   8.78275854E+05   8.78275854E+05   1.32444660E+06   7.02173819E+05   7.02173819E+05
   7.88000000E-02   9.37289075E+05   8.64697433E+05   8.64697433E+05   1.30395194E+06   6.90917635E+05   6.90917635E+05
   7.90000000E-02   9.22676372E+05   8.51216461E+05   8.51216461E+05   1.28360437E+06   6.79742399E+05   6.79742399E+05
   7.92000000E-02   9.08168341E+05   8.37832053E+05   8.37832053E+05   1.26340255E+06   6.68647376E+05   6.68647376E+05
   7.94000000E-02   8.93764034E+05   8.24543336E+05   8.24543336E+05   1.24334518E+06   6.57631842E+05   6.57631842E+05
   7.96000000E-02   8.79462516E+05   8.11349448E+05   8.11349448E+05   1.22343094E+06   6.46695078E+05   6.46695078E+05
   7.98000000E-02   8.65262862E+05   7.98249535E+05   7.98249535E+05   1.20365855E+06   6.35836375E+05   6.35836375E+05
   8.00000000E-02   8.51164158E+05   7.85242753E+05   7.85242753E+05   1.18402674E+06   6.25055032E+05   6.25055032E+05
   8.02000000E-02   8.37165499E+05   7.72328267E+05   7.72328267E+05   1.16453424E+06   6.14350354E+05   6.14350354E+05
   8.04000000E-02   8.23265991E+05   7.59505253E+05   7.59505253E+05   1.14517982E+06   6.03721656E+05   6.03721656E+05
   8.06000000E-02   8.09464749E+05   7.46772896E+05   7.46772896E+05   1.12596223E+06   5.93168260E+05   5.93168260E+05
   8.08000000E-02   7.95760899E+05   7.34130387E+05   7.34130387E+05   1.10688026E+06   5.82689495E+05   5.82689495E+05
   8.10000000E-02   7.82153576E+05   7.21576929E+05   7.21576929E+05   1.08793271E+06   5.72284697E+05   5.72284697E+05
   8.12000000E-02   7.68641925E+05   7.09111734E+05   7.09111734E+05   1.06911838E+06   5.61953211E+05   5.61953211E+05
   8.14000000E-02   7.55225101E+05   6.96734020E+05   6.96734020E+05   1.05043611E+06   5.51694389E+05   5.51694389E+05
   8.16000000E-02   7.41902265E+05   6.84443017E+05   6.84443017E+05   1.03188471E+06   5.41507588E+05   5.41507588E+05
   8.18000000E-02   7.28672593E+05   6.72237961E+05   6.72237961E+05   1.01346305E+06   5.31392175E+05   5.31392175E+05
   8.20000000E-02   7.15535264E+05   6.60118098E+05   6.60118098E+05   9.95169977E+05   5.21347521E+05   5.21347521E+05
   8.22000000E-02   7.02489471E+05   6.48082680E+05   6.48082680E+05   9.77004371E+05   5.11373007E+05   5.11373007E+05
   8.24000000E-02   6.89534412E+05   6.36130970E+05   6.36130970E+05   9.58965115E+05   5.01468018E+05   5.01468018E+05
   8.26000000E-02   6.82770762E+05   6.29891150E+05   6.29891150E+05   9.49556242E+05   4.96496669E+05   4.96496669E+05
   8.28000000E-02   6.76805046E+05   6.24387465E+05   6.24387465E+05   9.41259512E+05   4.92158539E+05   4.92158539E+05
   8.30000000E-02   6.70878469E+05   6.18919889E+05   6.18919889E+05   9.33017214E+05   4.87848869E+05   4.87848869E+05
   8.32000000E-02   6.64990700E+05   6.13488113E+05   6.13488113E+05   9.24828886E+05   4.83567419E+05   4.83567419E+05
   8.34000000E-02   6.59141408E+05   6.08091836E+05   6.08091836E+05   9.16694071E+05   4.79313950E+05   4.79313950E+05
   8.36000000E-02   6.53330270E+05   6.02730757E+05   6.02730757E+05   9.08612318E+05   4.75088225E+05   4.75088225E+05
   8.38000000E-02   6.47556964E+05   5.97404580E+05   5.97404580E+05   9.00583178E+05   4.70890010E+05   4.70890010E+05
   8.40000000E-02   6.41821170E+05   5.92113012E+05   5.92113012E+05   8.92606210E+05   4.66719074E+05   4.66719074E+05
   8.42000000E-02   6.36122576E+05   5.86855760E+05   5.86855760E+05   8.84680974E+05   4.62575188E+05   4.62575188E+05
   8.44000000E-02   6.30460869E+05   5.81632539E+05   5.81632539E+05   8.76807039E+05   4.58458125E+05   4.58458125E+05
   8.46000000E-02   6.24835740E+05   5.76443064E+05   5.76443064E+05   8.68983975E+05   4.54367661E+05   4.54367661E+05
   8.48000000E-02   6.19246885E+05   5.71287053E+05   5.71287053E+05   8.61211359E+05   4.50303575E+05   4.50303575E+05
   8.50000000E-02   6.13694002E+05   5.66164228E+05   5.66164228E+05   8.53488769E+05   4.46265647E+05   4.46265647E+05
   8.52000000E-02   6.08176792E+05   5.61074314E+05   5.61074314E+05   8.45815792E+05   4.42253660E+05   4.42253660E+05
   8.54000000E-02   6.02694959E+05   5.56017037E+05   5.56017037E+05   8.38192016E+05   4.38267398E+05   4.38267398E+05
   8.56000000E-02   5.97248212E+05   5.50992128E+05   5.50992128E+05   8.30617033E+05   4.34306650E+05   4.34306650E+05
   8.58000000E-02   5.91836261E+05   5.45999320E+05   5.45999320E+05   8.23090443E+05   4.30371204E+05   4.30371204E+05
   8.60000000E-02   5.86458819E+05   5.41038349E+05   5.41038349E+05   8.15611845E+05   4.26460852E+05   4.26460852E+05
   8.62000000E-02   5.81115603E+05   5.36108953E+05   5.36108953E+05   8.08180847E+05   4.22575389E+05   4.22575389E+05
   8.64000000E-02   5.75806332E+05   5.31210873E+05   5.31210873E+05   8.00797057E+05   4.18714610E+05   4.18714610E+05
   8.66000000E-02   5.70530728E+05   5.26343853E+05   5.26343853E+05   7.93460090E+05   4.14878313E+05   4.14878313E+05
   8.68000000E-02   5.65288517E+05   5.21507639E+05   5.21507639E+05   7.86169564E+05   4.11066299E+05   4.11066299E+05
   8.70000000E-02   5.60079427E+05   5.16701982E+05   5.16701982E+05   7.78925100E+05   4.07278369E+05   4.07278369E+05
   8.72000000E-02   5.54903189E+05   5.11926631E+05   5.11926631E+05   7.71726323E+05   4.03514328E+05   4.03514328E+05
   8.74000000E-02   5.49759536E+05   5.07181342E+05   5.07181342E+05   7.64572864E+05   3.99773982E+05   3.99773982E+05
   8.76000000E-02   5.44648204E+05   5.02465871E+05   5.02465871E+05   7.57464355E+05   3.96057139E+05   3.96057139E+05
   8.78000000E-02   5.39568932E+05   4.97779978E+05   4.97779978E+05   7.50400433E+05   3.92363610E+05   3.92363610E+05
   8.80000000E-02   5.34521462E+05   4.93123423E+05   4.93123423E+05   7.43380739E+05   3.88693207E+05   3.88693207E+05
   8.82000000E-02   5.29505538E+05   4.88495971E+05   4.88495971E+05   7.36404918E+05   3.85045743E+05   3.85045743E+05
   8.84000000E-02   5.24520907E+05   4.83897388E+05   4.83897388E+05   7.29472616E+05   3.81421034E+05   3.81421034E+05
   8.86000000E-02   5.19567317E+05   4.79327443E+05   4.79327443E+05   7.22583485E+05   3.77818899E+05   3.77818899E+05
   8.88000000E-02   5.14644522E+05   4.74785907E+05   4.74785907E+05   7.15737181E+05   3.74239156E+05   3.74239156E+05
   8.90000000E-02   5.09752275E+05   4.70272554E+05   4.70272554E+05   7.08933361E+05   3.70681627E+05   3.70681627E+05
   8.92000000E-02   5.04890333E+05   4.65787158E+05   4.65787158E+05   7.02171688E+05   3.67146135E+05   3.67146135E+05
   8.94000000E-02   5.00058456E+05   4.61329499E+05   4.61329499E+05   6.95451826E+05   3.63632505E+05   3.63632505E+05
   8.96000000E-02   4.95256404E+05   4.56899355E+05   4.56899355E+05   6.88773443E+05   3.60140564E+05   3.60140564E+05
   8.98000000E-02   4.90483942E+05   4.52496510E+05   4.52496510E+05   6.82136213E+05   3.56670140E+05   3.56670140E+05
   9.00000000E-02   4.85740836E+05   4.48120747E+05   4.48120747E+05   6.75539809E+05   3.53221063E+05   3.53221063E+05
   9.02000000E-02   4.81026855E+05   4.43771853E+05   4.43771853E+05   6.68983910E+05   3.49793165E+05   3.49793165E+05
   9.04000000E-02   4.76341770E+05   4.39449617E+05   4.39449617E+05   6.62468197E+05   3.46386279E+05   3.46386279E+05
   9.06000000E-02   4.71685354E+05   4.35153830E+05   4.35153830E+05   6.55992355E+05   3.43000240E+05   3.43000240E+05
   9.08000000E-02   4.67057382E+05   4.30884284E+05   4.30884284E+05   6.49556072E+05   3.39634886E+05   3.39634886E+05
   9.10000000E-02   4.62457632E+05   4.26640775E+05   4.26640775E+05   6.43159039E+05   3.36290054E+05   3.36290054E+05
   9.12000000E-02   4.57885884E+05   4.22423098E+05   4.22423098E+05   6.36800948E+05   3.32965585E+05   3.32965585E+05
   9.14000000E-02   4.53341931E+05   4.18231067E+05   4.18231067E+05   6.30481497E+05   3.29661319E+05   3.29661319E+05
   9.16000000E-02   4.48825556E+05   4.14064481E+05   4.14064481E+05   6.24200386E+05   3.26377100E+05   3.26377100E+05
   9.18000000E-02   4.44336534E+05   4.09923129E+05   4.09923129E+05   6.17957317E+05   3.23112772E+05   3.23112772E+05
   9.20000000E-02   4.39874655E+05   4.05806818E+05   4.05806818E+05   6.11751995E+05   3.19868181E+05   3.19868181E+05
   9.22000000E-02   4.35439708E+05   4.01715353E+05   4.01715353E+05   6.05584130E+05   3.16643175E+05   3.16643175E+05
   9.24000000E-02   4.31031487E+05   3.97648544E+05   3.97648544E+05   5.99453433E+05   3.13437603E+05   3.13437603E+05
   9.26000000E-02   4.26649784E+05   3.93606199E+05   3.93606199E+05   5.93359617E+05   3.10251315E+05   3.10251315E+05
   9.28000000E-02   4.22294397E+05   3.89588133E+05   3.89588133E+05   5.87302399E+05   3.07084164E+05   3.07084164E+05
   9.30000000E-02   4.17965124E+05   3.85594157E+05   3.85594157E+05   5.81281498E+05   3.03936002E+05   3.03936002E+05
   9.32000000E-02   4.13661765E+05   3.81624089E+05   3.81624089E+05   5.75296638E+05   3.00806684E+05   3.00806684E+05
   9.34000000E-02   4.09384122E+05   3.77677745E+05   3.77677745E+05   5.69347542E+05   2.97696066E+05   2.97696066E+05
   9.36000000E-02   4.05132000E+05   3.73754945E+05   3.73754945E+05   5.63433939E+05   2.94604007E+05   2.94604007E+05
   9.38000000E-02   4.00905204E+05   3.69855510E+05   3.69855510E+05   5.57555557E+05   2.91530364E+05   2.91530364E+05
   9.40000000E-02   3.96703542E+05   3.65979263E+05   3.65979263E+05   5.51712131E+05   2.88474998E+05   2.88474998E+05
   9.42000000E-02   3.92526823E+05   3.62126027E+05   3.62126027E+05   5.45903395E+05   2.85437771E+05   2.85437771E+05
   9.44000000E-02   3.88374860E+05   3.58295629E+05   3.58295629E+05   5.40129086E+05   2.82418545E+05   2.82418545E+05
   9.46000000E-02   3.84247465E+05   3.54487896E+05   3.54487896E+05   5.34388946E+05   2.79417184E+05   2.79417184E+05
   9.48000000E-02   3.80144453E+05   3.50702658E+05   3.50702658E+05   5.28682716E+05   2.76433555E+05   2.76433555E+05
   9.50000000E-02   3.76065640E+05   3.46939745E+05   3.46939745E+05   5.23010142E+05   2.73467523E+05   2.73467523E+05
   9.52000000E-02   3.72010846E+05   3.43198991E+05   3.43198991E+05   5.17370971E+05   2.70518957E+05   2.70518957E+05
   9.54000000E-02   3.67979891E+05   3.39480229E+05   3.39480229E+05   5.11764953E+05   2.67587725E+05   2.67587725E+05
   9.56000000E-02   3.63972595E+05   3.35783294E+05   3.35783294E+05   5.06191841E+05   2.64673699E+05   2.64673699E+05
   9.58000000E-02   3.59988783E+05   3.32108024E+05   3.32108024E+05   5.00651388E+05   2.61776749E+05   2.61776749E+05
   9.60000000E-02   3.56028280E+05   3.28454258E+05   3.28454258E+05   4.95143351E+05   2.58896750E+05   2.58896750E+05
   9.62000000E-02   3.52090913E+05   3.24821836E+05   3.24821836E+05   4.89667490E+05   2.56033573E+05   2.56033573E+05
   9.64000000E-02   3.48176509E+05   3.21210599E+05   3.21210599E+05   4.84223566E+05   2.53187096E+05   2.53187096E+05
   9.66000000E-02   3.44284900E+05   3.17620390E+05   3.17620390E+05   4.78811343E+05   2.50357194E+05   2.50357194E+05
   9.68000000E-02   3.40415915E+05   3.14051055E+05   3.14051055E+05   4.73430585E+05   2.47543745E+05   2.47543745E+05
   9.70000000E-02   3.36569389E+05   3.10502438E+05   3.10502438E+05   4.68081062E+05   2.44746627E+05   2.44746627E+05
   9.72000000E-02   3.32745157E+05   3.06974388E+05   3.06974388E+05   4.62762542E+05   2.41965721E+05   2.41965721E+05
   9.74000000E-02   3.28943053E+05   3.03466754E+05   3.03466754E+05   4.57474798E+05   2.39200906E+05   2.39200906E+05
   9.76000000E-02   3.25162917E+05   2.99979385E+05   2.99979385E+05   4.52217605E+05   2.36452065E+05   2.36452065E+05
   9.78000000E-02   3.21404586E+05   2.96512133E+05   2.96512133E+05   4.46990738E+05   2.33719081E+05   2.33719081E+05
   9.80000000E-02   3.17667902E+05   2.93064852E+05   2.93064852E+05   4.41793977E+05   2.31001839E+05   2.31001839E+05
   9.82000000E-02   3.13952707E+05   2.89637395E+05   2.89637395E+05   4.36627100E+05   2.28300222E+05   2.28300222E+05
   9.84000000E-02   3.10258845E+05   2.86229618E+05   2.86229618E+05   4.31489892E+05   2.25614118E+05   2.25614118E+05
   9.86000000E-02   3.06586159E+05   2.82841378E+05   2.82841378E+05   4.26382135E+05   2.22943413E+05   2.22943413E+05
   9.88000000E-02   3.02934497E+05   2.79472534E+05   2.79472534E+05   4.21303617E+05   2.20287997E+05   2.20287997E+05
   9.90000000E-02   2.99303707E+05   2.76122944E+05   2.76122944E+05   4.16254125E+05   2.17647757E+05   2.17647757E+05
   9.92000000E-02   2.95693636E+05   2.72792470E+05   2.72792470E+05   4.11233450E+05   2.15022585E+05   2.15022585E+05
   9.94000000E-02   2.92104137E+05   2.69480974E+05   2.69480974E+05   4.06241384E+05   2.12412372E+05   2.12412372E+05
   9.96000000E-02   2.88535061E+05   2.66188319E+05   2.66188319E+05   4.01277721E+05   2.09817010E+05   2.09817010E+05
   9.98000000E-02   2.84986260E+05   2.62914369E+05   2.62914369E+05   3.96342256E+05   2.07236392E+05   2.07236392E+05
   1.00000000E-01   2.81457590E+05   2.59658991E+05   2.59658991E+05   3.91434788E+05   2.04670413E+05   2.04670413E+05