# TBinMid=1.5515 ssec TBinWidth=0.1 ss EBinWidth=0.2MeV Fluence at Earth for this timebin in neutrinos per cm^2
# E(GeV)	NuE	NuMu	NuTau	aNuE	aNuMu	aNuTau
   1.38589050E-13   1.29718114E+18   1.31179622E+18   1.31179622E+18   1.20803967E+18   1.01187551E+18   1.01187551E+18
   2.00000000E-04   2.31952436E+09   2.34565797E+09   2.34565797E+09   2.16012810E+09   1.80936171E+09   1.80936171E+09
   4.00000000E-04   1.18310773E+09   1.19643757E+09   1.19643757E+09   1.10180531E+09   9.22891723E+08   9.22891723E+08
   6.00000000E-04   7.97842670E+08   8.06831802E+08   8.06831802E+08   7.43015422E+08   6.22362932E+08   6.22362932E+08
   8.00000000E-04   6.03226643E+08   6.10023076E+08   6.10023076E+08   5.61773286E+08   4.70551295E+08   4.70551295E+08
   1.00000000E-03   4.85587550E+08   4.91058567E+08   4.91058567E+08   4.52218278E+08   3.78786072E+08   3.78786072E+08
   1.20000000E-03   4.06703187E+08   4.11285429E+08   4.11285429E+08   3.78754798E+08   3.17251755E+08   3.17251755E+08
   1.40000000E-03   5.43333137E+08   5.60429736E+08   5.60429736E+08   4.46429271E+08   3.70765104E+08   3.70765104E+08
   1.60000000E-03   6.90064740E+08   7.25009146E+08   7.25009146E+08   4.95293361E+08   4.09359415E+08   4.09359415E+08
   1.80000000E-03   7.88864416E+08   8.35039486E+08   8.35039486E+08   5.32467870E+08   4.39187130E+08   4.39187130E+08
   2.00000000E-03   1.05118900E+09   1.08942876E+09   1.08942876E+09   8.35968064E+08   6.98496890E+08   6.98496890E+08
   2.20000000E-03   1.42554980E+09   1.49228517E+09   1.49228517E+09   1.05334997E+09   8.84364009E+08   8.84364009E+08
   2.40000000E-03   1.76815637E+09   1.86857672E+09   1.86857672E+09   1.21108534E+09   1.01934992E+09   1.01934992E+09
   2.60000000E-03   2.02394347E+09   2.14996507E+09   2.14996507E+09   1.32640322E+09   1.11814116E+09   1.11814116E+09
   2.80000000E-03   2.39752838E+09   2.52915691E+09   2.52915691E+09   1.66993431E+09   1.47287204E+09   1.47287204E+09
   3.00000000E-03   2.72061095E+09   2.85362604E+09   2.85362604E+09   1.98613007E+09   1.80321104E+09   1.80321104E+09
   3.20000000E-03   2.97407849E+09   3.10769174E+09   3.10769174E+09   2.23692443E+09   2.06631986E+09   2.06631986E+09
   3.40000000E-03   3.22941903E+09   3.37329089E+09   3.37329089E+09   2.43681381E+09   2.27702460E+09   2.27702460E+09
   3.60000000E-03   3.49661783E+09   3.66026241E+09   3.66026241E+09   2.59659419E+09   2.44637653E+09   2.44637653E+09
   3.80000000E-03   3.71280843E+09   3.89272182E+09   3.89272182E+09   2.72443319E+09   2.58274396E+09   2.58274396E+09
   4.00000000E-03   3.96479758E+09   4.15218246E+09   4.15218246E+09   2.93810798E+09   2.84750686E+09   2.84750686E+09
   4.20000000E-03   4.20703217E+09   4.39773313E+09   4.39773313E+09   3.16530640E+09   3.13845457E+09   3.13845457E+09
   4.40000000E-03   4.40810152E+09   4.60127352E+09   4.60127352E+09   3.35554572E+09   3.38400805E+09   3.38400805E+09
   4.60000000E-03   4.57500355E+09   4.76995801E+09   4.76995801E+09   3.51503370E+09   3.59169986E+09   3.59169986E+09
   4.80000000E-03   4.71337049E+09   4.90954355E+09   4.90954355E+09   3.64877368E+09   3.76760984E+09   3.76760984E+09
   5.00000000E-03   4.82777331E+09   5.02470132E+09   5.02470132E+09   3.76083209E+09   3.91668660E+09   3.91668660E+09
   5.20000000E-03   4.92194993E+09   5.11925039E+09   5.11925039E+09   3.85453922E+09   4.04298899E+09   4.04298899E+09
   5.40000000E-03   4.99614232E+09   5.19297897E+09   5.19297897E+09   3.93264160E+09   4.14986955E+09   4.14986955E+09
   5.60000000E-03   5.05157522E+09   5.24692292E+09   5.24692292E+09   3.99741896E+09   4.24011538E+09   4.24011538E+09
   5.80000000E-03   5.10439650E+09   5.29746261E+09   5.29746261E+09   4.06464572E+09   4.34817549E+09   4.34817549E+09
   6.00000000E-03   5.15128312E+09   5.34168441E+09   5.34168441E+09   4.12830423E+09   4.45841517E+09   4.45841517E+09
   6.20000000E-03   5.18825725E+09   5.37604598E+09   5.37604598E+09   4.18153582E+09   4.55344450E+09   4.55344450E+09
   6.40000000E-03   5.21667193E+09   5.40190282E+09   5.40190282E+09   4.22570683E+09   4.63518769E+09   4.63518769E+09
   6.60000000E-03   5.23767825E+09   5.42040753E+09   5.42040753E+09   4.26198318E+09   4.70529108E+09   4.70529108E+09
   6.80000000E-03   5.25225947E+09   5.43254413E+09   5.43254413E+09   4.29136387E+09   4.76516920E+09   4.76516920E+09
   7.00000000E-03   5.26125861E+09   5.43915584E+09   5.43915584E+09   4.31470817E+09   4.81604219E+09   4.81604219E+09
   7.20000000E-03   5.26540101E+09   5.44096775E+09   5.44096775E+09   4.33275783E+09   4.85896637E+09   4.85896637E+09
   7.40000000E-03   5.26531278E+09   5.43860539E+09   5.43860539E+09   4.34615533E+09   4.89485939E+09   4.89485939E+09
   7.60000000E-03   5.26153603E+09   5.43261003E+09   5.43261003E+09   4.35545889E+09   4.92452102E+09   4.92452102E+09
   7.80000000E-03   5.25454144E+09   5.42345134E+09   5.42345134E+09   4.36115499E+09   4.94865042E+09   4.94865042E+09
   8.00000000E-03   5.24473881E+09   5.41153794E+09   5.41153794E+09   4.36366875E+09   4.96786057E+09   4.96786057E+09
   8.20000000E-03   5.23248575E+09   5.39722621E+09   5.39722621E+09   4.36337265E+09   4.98269031E+09   4.98269031E+09
   8.40000000E-03   5.21001810E+09   5.37337620E+09   5.37337620E+09   4.34902789E+09   4.98046334E+09   4.98046334E+09
   8.60000000E-03   5.16738470E+09   5.32946793E+09   5.32946793E+09   4.31374514E+09   4.95342377E+09   4.95342377E+09
   8.80000000E-03   5.10065676E+09   5.25701830E+09   5.25701830E+09   4.27858647E+09   4.92561844E+09   4.92561844E+09
   9.00000000E-03   5.03578013E+09   5.18671906E+09   5.18671906E+09   4.24360863E+09   4.89718607E+09   4.89718607E+09
   9.20000000E-03   4.97268199E+09   5.11847597E+09   5.11847597E+09   4.20885926E+09   4.86824768E+09   4.86824768E+09
   9.40000000E-03   4.91129271E+09   5.05219988E+09   5.05219988E+09   4.17437818E+09   4.83890891E+09   4.83890891E+09
   9.60000000E-03   4.85154572E+09   4.98780651E+09   4.98780651E+09   4.14019853E+09   4.80926207E+09   4.80926207E+09
   9.80000000E-03   4.79337747E+09   4.92521609E+09   4.92521609E+09   4.10634772E+09   4.77938785E+09   4.77938785E+09
   1.00000000E-02   4.73672730E+09   4.86435311E+09   4.86435311E+09   4.07284824E+09   4.74935682E+09   4.74935682E+09
   1.02000000E-02   4.68153729E+09   4.80514611E+09   4.80514611E+09   4.03971837E+09   4.71923069E+09   4.71923069E+09
   1.04000000E-02   4.62775221E+09   4.74752740E+09   4.74752740E+09   4.00697274E+09   4.68906344E+09   4.68906344E+09
   1.06000000E-02   4.57531938E+09   4.69143280E+09   4.69143280E+09   3.97462287E+09   4.65890224E+09   4.65890224E+09
   1.08000000E-02   4.52418851E+09   4.63680152E+09   4.63680152E+09   3.94267759E+09   4.62878830E+09   4.62878830E+09
   1.10000000E-02   4.47431166E+09   4.58357586E+09   4.58357586E+09   3.91114343E+09   4.59875760E+09   4.59875760E+09
   1.12000000E-02   4.42564307E+09   4.53170110E+09   4.53170110E+09   3.88002494E+09   4.56884149E+09   4.56884149E+09
   1.14000000E-02   4.37813907E+09   4.48112525E+09   4.48112525E+09   3.84932493E+09   4.53906725E+09   4.53906725E+09
   1.16000000E-02   4.33175801E+09   4.43179896E+09   4.43179896E+09   3.81904480E+09   4.50945858E+09   4.50945858E+09
   1.18000000E-02   4.28646008E+09   4.38367530E+09   4.38367530E+09   3.78918466E+09   4.48003602E+09   4.48003602E+09
   1.20000000E-02   4.24220731E+09   4.33670966E+09   4.33670966E+09   3.75974356E+09   4.45081726E+09   4.45081726E+09
   1.22000000E-02   4.19896340E+09   4.29085960E+09   4.29085960E+09   3.73071962E+09   4.42181757E+09   4.42181757E+09
   1.24000000E-02   4.13689738E+09   4.22782161E+09   4.22782161E+09   3.67353068E+09   4.35574501E+09   4.35574501E+09
   1.26000000E-02   4.07422709E+09   4.16439468E+09   4.16439468E+09   3.61452113E+09   4.28698464E+09   4.28698464E+09
   1.28000000E-02   4.01346882E+09   4.10289276E+09   4.10289276E+09   3.55736648E+09   4.22036717E+09   4.22036717E+09
   1.30000000E-02   3.95453574E+09   4.04322876E+09   4.04322876E+09   3.50198078E+09   4.15579387E+09   4.15579387E+09
   1.32000000E-02   3.89734622E+09   3.98532078E+09   3.98532078E+09   3.44828331E+09   4.09317200E+09   4.09317200E+09
   1.34000000E-02   3.84182345E+09   3.92909172E+09   3.92909172E+09   3.39619818E+09   4.03241433E+09   4.03241433E+09
   1.36000000E-02   3.78789506E+09   3.87446896E+09   3.87446896E+09   3.34565400E+09   3.97343876E+09   3.97343876E+09
   1.38000000E-02   3.73364557E+09   3.81919817E+09   3.81919817E+09   3.29658350E+09   3.91616796E+09   3.91616796E+09
   1.40000000E-02   3.66626440E+09   3.74813226E+09   3.74813226E+09   3.24892328E+09   3.86052900E+09   3.86052900E+09
   1.42000000E-02   3.60097769E+09   3.67929905E+09   3.67929905E+09   3.20261352E+09   3.80645305E+09   3.80645305E+09
   1.44000000E-02   3.53769275E+09   3.61259913E+09   3.61259913E+09   3.15759773E+09   3.75387510E+09   3.75387510E+09
   1.46000000E-02   3.47632220E+09   3.54793882E+09   3.54793882E+09   3.11382253E+09   3.70273371E+09   3.70273371E+09
   1.48000000E-02   3.41678358E+09   3.48522973E+09   3.48522973E+09   3.07123743E+09   3.65297074E+09   3.65297074E+09
   1.50000000E-02   3.35899901E+09   3.42438842E+09   3.42438842E+09   3.02979464E+09   3.60453115E+09   3.60453115E+09
   1.52000000E-02   3.30289492E+09   3.36533606E+09   3.36533606E+09   2.98944889E+09   3.55736280E+09   3.55736280E+09
   1.54000000E-02   3.24840171E+09   3.30799808E+09   3.30799808E+09   2.95015728E+09   3.51141625E+09   3.51141625E+09
   1.56000000E-02   3.19545350E+09   3.25230396E+09   3.25230396E+09   2.91187910E+09   3.46664460E+09   3.46664460E+09
   1.58000000E-02   3.14398791E+09   3.19818691E+09   3.19818691E+09   2.87457572E+09   3.42300331E+09   3.42300331E+09
   1.60000000E-02   3.09394580E+09   3.14558362E+09   3.14558362E+09   2.83821044E+09   3.38045006E+09   3.38045006E+09
   1.62000000E-02   3.04527110E+09   3.09443409E+09   3.09443409E+09   2.80274838E+09   3.33894464E+09   3.33894464E+09
   1.64000000E-02   2.99791059E+09   3.04468138E+09   3.04468138E+09   2.76815638E+09   3.29844877E+09   3.29844877E+09
   1.66000000E-02   2.95181372E+09   2.99627142E+09   2.99627142E+09   2.73440284E+09   3.25892604E+09   3.25892604E+09
   1.68000000E-02   2.90693247E+09   2.94915286E+09   2.94915286E+09   2.70145773E+09   3.22034175E+09   3.22034175E+09
   1.70000000E-02   2.86322117E+09   2.90327686E+09   2.90327686E+09   2.66929239E+09   3.18266284E+09   3.18266284E+09
   1.72000000E-02   2.82063637E+09   2.85859699E+09   2.85859699E+09   2.63787951E+09   3.14585779E+09   3.14585779E+09
   1.74000000E-02   2.77913671E+09   2.81506905E+09   2.81506905E+09   2.60719304E+09   3.10989651E+09   3.10989651E+09
   1.76000000E-02   2.73868281E+09   2.77265095E+09   2.77265095E+09   2.57720814E+09   3.07475030E+09   3.07475030E+09
   1.78000000E-02   2.69923712E+09   2.73130258E+09   2.73130258E+09   2.54790104E+09   3.04039173E+09   3.04039173E+09
   1.80000000E-02   2.65671697E+09   2.68725226E+09   2.68725226E+09   2.51341395E+09   2.99932696E+09   2.99932696E+09
   1.82000000E-02   2.60583400E+09   2.63561627E+09   2.63561627E+09   2.46614684E+09   2.94178403E+09   2.94178403E+09
   1.84000000E-02   2.55629165E+09   2.58534176E+09   2.58534176E+09   2.42011967E+09   2.88575778E+09   2.88575778E+09
   1.86000000E-02   2.50804165E+09   2.53637972E+09   2.53637972E+09   2.37528790E+09   2.83119361E+09   2.83119361E+09
   1.88000000E-02   2.46103795E+09   2.48868336E+09   2.48868336E+09   2.33160903E+09   2.77803941E+09   2.77803941E+09
   1.90000000E-02   2.41523659E+09   2.44220803E+09   2.44220803E+09   2.28904248E+09   2.72624544E+09   2.72624544E+09
   1.92000000E-02   2.37059560E+09   2.39691106E+09   2.39691106E+09   2.24754949E+09   2.67576420E+09   2.67576420E+09
   1.94000000E-02   2.32707484E+09   2.35275171E+09   2.35275171E+09   2.20709304E+09   2.62655030E+09   2.62655030E+09
   1.96000000E-02   2.28463599E+09   2.30969102E+09   2.30969102E+09   2.16763771E+09   2.57856033E+09   2.57856033E+09
   1.98000000E-02   2.24324234E+09   2.26769171E+09   2.26769171E+09   2.12914965E+09   2.53175280E+09   2.53175280E+09
   2.00000000E-02   2.20285882E+09   2.22671815E+09   2.22671815E+09   2.09159644E+09   2.48608799E+09   2.48608799E+09
   2.02000000E-02   2.16345183E+09   2.18673621E+09   2.18673621E+09   2.05494707E+09   2.44152790E+09   2.44152790E+09
   2.04000000E-02   2.12498918E+09   2.14771320E+09   2.14771320E+09   2.01917183E+09   2.39803611E+09   2.39803611E+09
   2.06000000E-02   2.08744007E+09   2.10961780E+09   2.10961780E+09   1.98424225E+09   2.35557777E+09   2.35557777E+09
   2.08000000E-02   2.05077495E+09   2.07242002E+09   2.07242002E+09   1.95013104E+09   2.31411942E+09   2.31411942E+09
   2.10000000E-02   2.01496549E+09   2.03609108E+09   2.03609108E+09   1.91681206E+09   2.27362904E+09   2.27362904E+09
   2.12000000E-02   1.97998453E+09   2.00060337E+09   2.00060337E+09   1.88426019E+09   2.23407587E+09   2.23407587E+09
   2.14000000E-02   1.94580599E+09   1.96593042E+09   1.96593042E+09   1.85245136E+09   2.19543042E+09   2.19543042E+09
   2.16000000E-02   1.91240484E+09   1.93204679E+09   1.93204679E+09   1.82136244E+09   2.15766436E+09   2.15766436E+09
   2.18000000E-02   1.87975704E+09   1.89892808E+09   1.89892808E+09   1.79097123E+09   2.12075050E+09   2.12075050E+09
   2.20000000E-02   1.84783952E+09   1.86655083E+09   1.86655083E+09   1.76125640E+09   2.08466272E+09   2.08466272E+09
   2.22000000E-02   1.81629768E+09   1.83449918E+09   1.83449918E+09   1.73219745E+09   2.04937591E+09   2.04937591E+09
   2.24000000E-02   1.78401105E+09   1.80145087E+09   1.80145087E+09   1.70377466E+09   2.01486595E+09   2.01486595E+09
   2.26000000E-02   1.75243745E+09   1.76913435E+09   1.76913435E+09   1.67596909E+09   1.98110961E+09   1.98110961E+09
   2.28000000E-02   1.72155564E+09   1.73752779E+09   1.73752779E+09   1.64876249E+09   1.94808457E+09   1.94808457E+09
   2.30000000E-02   1.69134518E+09   1.70661019E+09   1.70661019E+09   1.62213731E+09   1.91576935E+09   1.91576935E+09
   2.32000000E-02   1.66178641E+09   1.67636135E+09   1.67636135E+09   1.59607667E+09   1.88414326E+09   1.88414326E+09
   2.34000000E-02   1.63286038E+09   1.64676180E+09   1.64676180E+09   1.57056428E+09   1.85318639E+09   1.85318639E+09
   2.36000000E-02   1.60454887E+09   1.61779282E+09   1.61779282E+09   1.54558448E+09   1.82287955E+09   1.82287955E+09
   2.38000000E-02   1.57683429E+09   1.58943634E+09   1.58943634E+09   1.52112216E+09   1.79320425E+09   1.79320425E+09
   2.40000000E-02   1.54969973E+09   1.56167497E+09   1.56167497E+09   1.49716277E+09   1.76414269E+09   1.76414269E+09
   2.42000000E-02   1.52312884E+09   1.53449193E+09   1.53449193E+09   1.47369226E+09   1.73567768E+09   1.73567768E+09
   2.44000000E-02   1.49710590E+09   1.50787106E+09   1.50787106E+09   1.45069711E+09   1.70779266E+09   1.70779266E+09
   2.46000000E-02   1.47161571E+09   1.48179676E+09   1.48179676E+09   1.42816424E+09   1.68047164E+09   1.68047164E+09
   2.48000000E-02   1.44664363E+09   1.45625397E+09   1.45625397E+09   1.40608106E+09   1.65369921E+09   1.65369921E+09
   2.50000000E-02   1.42217551E+09   1.43122817E+09   1.43122817E+09   1.38443540E+09   1.62746047E+09   1.62746047E+09
   2.52000000E-02   1.39819771E+09   1.40670535E+09   1.40670535E+09   1.36321551E+09   1.60174106E+09   1.60174106E+09
   2.54000000E-02   1.37469705E+09   1.38267195E+09   1.38267195E+09   1.34241004E+09   1.57652709E+09   1.57652709E+09
   2.56000000E-02   1.35166079E+09   1.35911491E+09   1.35911491E+09   1.32200803E+09   1.55180515E+09   1.55180515E+09
   2.58000000E-02   1.32907664E+09   1.33602158E+09   1.33602158E+09   1.30199889E+09   1.52756230E+09   1.52756230E+09
   2.60000000E-02   1.30693270E+09   1.31337976E+09   1.31337976E+09   1.28237238E+09   1.50378600E+09   1.50378600E+09
   2.62000000E-02   1.28521748E+09   1.29117764E+09   1.29117764E+09   1.26311860E+09   1.48046414E+09   1.48046414E+09
   2.64000000E-02   1.26300191E+09   1.26855695E+09   1.26855695E+09   1.24291537E+09   1.45613147E+09   1.45613147E+09
   2.66000000E-02   1.23940367E+09   1.24470258E+09   1.24470258E+09   1.22050616E+09   1.42937461E+09   1.42937461E+09
   2.68000000E-02   1.21626250E+09   1.22131069E+09   1.22131069E+09   1.19852854E+09   1.40313463E+09   1.40313463E+09
   2.70000000E-02   1.19356668E+09   1.19836942E+09   1.19836942E+09   1.17697150E+09   1.37739833E+09   1.37739833E+09
   2.72000000E-02   1.17130488E+09   1.17586731E+09   1.17586731E+09   1.15582435E+09   1.35215290E+09   1.35215290E+09
   2.74000000E-02   1.14946615E+09   1.15379327E+09   1.15379327E+09   1.13507678E+09   1.32738596E+09   1.32738596E+09
   2.76000000E-02   1.12803987E+09   1.13213655E+09   1.13213655E+09   1.11471878E+09   1.30308552E+09   1.30308552E+09
   2.78000000E-02   1.10701577E+09   1.11088674E+09   1.11088674E+09   1.09474068E+09   1.27923997E+09   1.27923997E+09
   2.80000000E-02   1.08638389E+09   1.09003378E+09   1.09003378E+09   1.07513309E+09   1.25583806E+09   1.25583806E+09
   2.82000000E-02   1.06613458E+09   1.06956789E+09   1.06956789E+09   1.05588693E+09   1.23286891E+09   1.23286891E+09
   2.84000000E-02   1.04625850E+09   1.04947963E+09   1.04947963E+09   1.03699339E+09   1.21032194E+09   1.21032194E+09
   2.86000000E-02   1.02674660E+09   1.02975981E+09   1.02975981E+09   1.01844394E+09   1.18818694E+09   1.18818694E+09
   2.88000000E-02   1.00759009E+09   1.01039957E+09   1.01039957E+09   1.00023031E+09   1.16645397E+09   1.16645397E+09
   2.90000000E-02   9.88780465E+08   9.91390266E+08   9.91390266E+08   9.82344465E+08   1.14511343E+09   1.14511343E+09
   2.92000000E-02   9.70309464E+08   9.72723557E+08   9.72723557E+08   9.64778635E+08   1.12415598E+09   1.12415598E+09
   2.94000000E-02   9.52169080E+08   9.54391333E+08   9.54391333E+08   9.47525269E+08   1.10357257E+09   1.10357257E+09
   2.96000000E-02   9.34351543E+08   9.36385731E+08   9.36385731E+08   9.30577043E+08   1.08335443E+09   1.08335443E+09
   2.98000000E-02   9.16849314E+08   9.18699117E+08   9.18699117E+08   9.13926852E+08   1.06349303E+09   1.06349303E+09
   3.00000000E-02   8.99655074E+08   9.01324086E+08   9.01324086E+08   8.97567796E+08   1.04398011E+09   1.04398011E+09
   3.02000000E-02   8.82761719E+08   8.84253446E+08   8.84253446E+08   8.81493179E+08   1.02480763E+09   1.02480763E+09
   3.04000000E-02   8.66162351E+08   8.67480217E+08   8.67480217E+08   8.65696498E+08   1.00596781E+09   1.00596781E+09
   3.06000000E-02   8.49850272E+08   8.50997617E+08   8.50997617E+08   8.50171439E+08   9.87453070E+08   9.87453070E+08
   3.08000000E-02   8.33818975E+08   8.34799062E+08   8.34799062E+08   8.34911867E+08   9.69256062E+08   9.69256062E+08
   3.10000000E-02   8.18062139E+08   8.18878154E+08   8.18878154E+08   8.19911821E+08   9.51369640E+08   9.51369640E+08
   3.12000000E-02   8.02573622E+08   8.03228676E+08   8.03228676E+08   8.05165511E+08   9.33786864E+08   9.33786864E+08
   3.14000000E-02   7.87347454E+08   7.87844586E+08   7.87844586E+08   7.90667308E+08   9.16500987E+08   9.16500987E+08
   3.16000000E-02   7.72377834E+08   7.72720014E+08   7.72720014E+08   7.76411741E+08   8.99505452E+08   8.99505452E+08
   3.18000000E-02   7.57659121E+08   7.57849249E+08   7.57849249E+08   7.62393491E+08   8.82793884E+08   8.82793884E+08
   3.20000000E-02   7.43185831E+08   7.43226741E+08   7.43226741E+08   7.48607385E+08   8.66360084E+08   8.66360084E+08
   3.22000000E-02   7.28952628E+08   7.28847092E+08   7.28847092E+08   7.35048393E+08   8.50198023E+08   8.50198023E+08
   3.24000000E-02   7.14954326E+08   7.14705051E+08   7.14705051E+08   7.21711622E+08   8.34301837E+08   8.34301837E+08
   3.26000000E-02   7.01185877E+08   7.00795509E+08   7.00795509E+08   7.08592310E+08   8.18665821E+08   8.18665821E+08
   3.28000000E-02   6.87642370E+08   6.87113497E+08   6.87113497E+08   6.95685826E+08   8.03284424E+08   8.03284424E+08
   3.30000000E-02   6.74319026E+08   6.73654178E+08   6.73654178E+08   6.82987661E+08   7.88152244E+08   7.88152244E+08
   3.32000000E-02   6.61211193E+08   6.60412845E+08   6.60412845E+08   6.70493428E+08   7.73264023E+08   7.73264023E+08
   3.34000000E-02   6.48314344E+08   6.47384914E+08   6.47384914E+08   6.58198855E+08   7.58614643E+08   7.58614643E+08
   3.36000000E-02   6.35624069E+08   6.34565926E+08   6.34565926E+08   6.46099782E+08   7.44199120E+08   7.44199120E+08
   3.38000000E-02   6.23136077E+08   6.21951534E+08   6.21951534E+08   6.34192161E+08   7.30012600E+08   7.30012600E+08
   3.40000000E-02   6.10846185E+08   6.09537509E+08   6.09537509E+08   6.22472044E+08   7.16050359E+08   7.16050359E+08
   3.42000000E-02   5.98750323E+08   5.97319729E+08   5.97319729E+08   6.10935592E+08   7.02307791E+08   7.02307791E+08
   3.44000000E-02   5.86844522E+08   5.85294179E+08   5.85294179E+08   5.99579059E+08   6.88780412E+08   6.88780412E+08
   3.46000000E-02   5.75124917E+08   5.73456948E+08   5.73456948E+08   5.88398798E+08   6.75463852E+08   6.75463852E+08
   3.48000000E-02   5.63587741E+08   5.61804224E+08   5.61804224E+08   5.77391254E+08   6.62353852E+08   6.62353852E+08
   3.50000000E-02   5.52229323E+08   5.50332291E+08   5.50332291E+08   5.66552963E+08   6.49446261E+08   6.49446261E+08
   3.52000000E-02   5.41046086E+08   5.39037529E+08   5.39037529E+08   5.55880547E+08   6.36737034E+08   6.36737034E+08
   3.54000000E-02   5.30034539E+08   5.27916407E+08   5.27916407E+08   5.45370714E+08   6.24222225E+08   6.24222225E+08
   3.56000000E-02   5.19191281E+08   5.16965483E+08   5.16965483E+08   5.35020253E+08   6.11897989E+08   6.11897989E+08
   3.58000000E-02   5.09542736E+08   5.07399881E+08   5.07399881E+08   5.24826033E+08   5.99760576E+08   5.99760576E+08
   3.60000000E-02   5.00364413E+08   4.98362872E+08   4.98362872E+08   5.14785000E+08   5.87806327E+08   5.87806327E+08
   3.62000000E-02   4.91322480E+08   4.89459980E+08   4.89459980E+08   5.04894176E+08   5.76031674E+08   5.76031674E+08
   3.64000000E-02   4.82414306E+08   4.80688617E+08   4.80688617E+08   4.95150653E+08   5.64433136E+08   5.64433136E+08
   3.66000000E-02   4.73637322E+08   4.72046260E+08   4.72046260E+08   4.85551597E+08   5.53007317E+08   5.53007317E+08
   3.68000000E-02   4.64989025E+08   4.63530446E+08   4.63530446E+08   4.76094240E+08   5.41750903E+08   5.41750903E+08
   3.70000000E-02   4.56466966E+08   4.55138772E+08   4.55138772E+08   4.66775882E+08   5.30660658E+08   5.30660658E+08
   3.72000000E-02   4.48068761E+08   4.46868892E+08   4.46868892E+08   4.57593887E+08   5.19733427E+08   5.19733427E+08
   3.74000000E-02   4.39792077E+08   4.38718515E+08   4.38718515E+08   4.48545681E+08   5.08966126E+08   5.08966126E+08
   3.76000000E-02   4.31634639E+08   4.30685405E+08   4.30685405E+08   4.39628751E+08   4.98355747E+08   4.98355747E+08
   3.78000000E-02   4.23594226E+08   4.22767377E+08   4.22767377E+08   4.30840645E+08   4.87899352E+08   4.87899352E+08
   3.80000000E-02   4.15668667E+08   4.14962300E+08   4.14962300E+08   4.22178966E+08   4.77594072E+08   4.77594072E+08
   3.82000000E-02   4.07855842E+08   4.07268088E+08   4.07268088E+08   4.13641375E+08   4.67437104E+08   4.67437104E+08
   3.84000000E-02   4.00153682E+08   3.99682709E+08   3.99682709E+08   4.05225585E+08   4.57425711E+08   4.57425711E+08
   3.86000000E-02   3.92560163E+08   3.92204173E+08   3.92204173E+08   3.96929364E+08   4.47557220E+08   4.47557220E+08
   3.88000000E-02   3.86196221E+08   3.85866481E+08   3.85866481E+08   3.90372898E+08   4.39972238E+08   4.39972238E+08
   3.90000000E-02   3.80311327E+08   3.79977117E+08   3.79977117E+08   3.84472637E+08   4.33242564E+08   4.33242564E+08
   3.92000000E-02   3.74506353E+08   3.74167749E+08   3.74167749E+08   3.78652420E+08   4.26604326E+08   4.26604326E+08
   3.94000000E-02   3.68779880E+08   3.68436958E+08   3.68436958E+08   3.72910830E+08   4.20055900E+08   4.20055900E+08
   3.96000000E-02   3.63130522E+08   3.62783355E+08   3.62783355E+08   3.67246477E+08   4.13595700E+08   4.13595700E+08
   3.98000000E-02   3.57556923E+08   3.57205585E+08   3.57205585E+08   3.61658004E+08   4.07222174E+08   4.07222174E+08
   4.00000000E-02   3.52057757E+08   3.51702318E+08   3.51702318E+08   3.56144084E+08   4.00933806E+08   4.00933806E+08
   4.02000000E-02   3.46631727E+08   3.46272258E+08   3.46272258E+08   3.50703419E+08   3.94729111E+08   3.94729111E+08
   4.04000000E-02   3.41277567E+08   3.40914136E+08   3.40914136E+08   3.45334740E+08   3.88606639E+08   3.88606639E+08
   4.06000000E-02   3.35994034E+08   3.35626708E+08   3.35626708E+08   3.40036804E+08   3.82564970E+08   3.82564970E+08
   4.08000000E-02   3.30779916E+08   3.30408762E+08   3.30408762E+08   3.34808396E+08   3.76602715E+08   3.76602715E+08
   4.10000000E-02   3.25634026E+08   3.25259107E+08   3.25259107E+08   3.29648329E+08   3.70718517E+08   3.70718517E+08
   4.12000000E-02   3.20555201E+08   3.20176582E+08   3.20176582E+08   3.24555438E+08   3.64911045E+08   3.64911045E+08
   4.14000000E-02   3.15542305E+08   3.15160048E+08   3.15160048E+08   3.19528586E+08   3.59178998E+08   3.59178998E+08
   4.16000000E-02   3.10594225E+08   3.10208391E+08   3.10208391E+08   3.14566658E+08   3.53521105E+08   3.53521105E+08
   4.18000000E-02   3.05709872E+08   3.05320522E+08   3.05320522E+08   3.09668565E+08   3.47936117E+08   3.47936117E+08
   4.20000000E-02   3.00888181E+08   3.00495372E+08   3.00495372E+08   3.04833239E+08   3.42422817E+08   3.42422817E+08
   4.22000000E-02   2.96128108E+08   2.95731899E+08   2.95731899E+08   3.00059635E+08   3.36980009E+08   3.36980009E+08
   4.24000000E-02   2.91428630E+08   2.91029078E+08   2.91029078E+08   2.95346731E+08   3.31606524E+08   3.31606524E+08
   4.26000000E-02   2.86788748E+08   2.86385909E+08   2.86385909E+08   2.90693524E+08   3.26301218E+08   3.26301218E+08
   4.28000000E-02   2.82207481E+08   2.81801410E+08   2.81801410E+08   2.86099034E+08   3.21062969E+08   3.21062969E+08
   4.30000000E-02   2.77683872E+08   2.77274621E+08   2.77274621E+08   2.81562300E+08   3.15890680E+08   3.15890680E+08
   4.32000000E-02   2.73216978E+08   2.72804602E+08   2.72804602E+08   2.77082381E+08   3.10783276E+08   3.10783276E+08
   4.34000000E-02   2.68805881E+08   2.68390431E+08   2.68390431E+08   2.72658356E+08   3.05739702E+08   3.05739702E+08
   4.36000000E-02   2.64449679E+08   2.64031205E+08   2.64031205E+08   2.68289321E+08   3.00758928E+08   3.00758928E+08
   4.38000000E-02   2.60147487E+08   2.59726040E+08   2.59726040E+08   2.63974393E+08   2.95839942E+08   2.95839942E+08
   4.40000000E-02   2.55898441E+08   2.55474071E+08   2.55474071E+08   2.59712704E+08   2.90981755E+08   2.90981755E+08
   4.42000000E-02   2.51701692E+08   2.51274446E+08   2.51274446E+08   2.55503405E+08   2.86183395E+08   2.86183395E+08
   4.44000000E-02   2.47556409E+08   2.47126336E+08   2.47126336E+08   2.51345665E+08   2.81443911E+08   2.81443911E+08
   4.46000000E-02   2.43461778E+08   2.43028923E+08   2.43028923E+08   2.47238667E+08   2.76762372E+08   2.76762372E+08
   4.48000000E-02   2.39417000E+08   2.38981410E+08   2.38981410E+08   2.43181612E+08   2.72137863E+08   2.72137863E+08
   4.50000000E-02   2.35421293E+08   2.34983012E+08   2.34983012E+08   2.39173716E+08   2.67569490E+08   2.67569490E+08
   4.52000000E-02   2.31473889E+08   2.31032961E+08   2.31032961E+08   2.35214211E+08   2.63056374E+08   2.63056374E+08
   4.54000000E-02   2.27574036E+08   2.27130505E+08   2.27130505E+08   2.31302344E+08   2.58597655E+08   2.58597655E+08
   4.56000000E-02   2.23720997E+08   2.23274906E+08   2.23274906E+08   2.27437377E+08   2.54192489E+08   2.54192489E+08
   4.58000000E-02   2.19914048E+08   2.19465440E+08   2.19465440E+08   2.23618586E+08   2.49840048E+08   2.49840048E+08
   4.60000000E-02   2.16152481E+08   2.15701396E+08   2.15701396E+08   2.19845260E+08   2.45539522E+08   2.45539522E+08
   4.62000000E-02   2.12435600E+08   2.11982078E+08   2.11982078E+08   2.16116703E+08   2.41290114E+08   2.41290114E+08
   4.64000000E-02   2.08762723E+08   2.08306805E+08   2.08306805E+08   2.12432232E+08   2.37091044E+08   2.37091044E+08
   4.66000000E-02   2.05133181E+08   2.04674905E+08   2.04674905E+08   2.08791177E+08   2.32941547E+08   2.32941547E+08
   4.68000000E-02   2.01546318E+08   2.01085723E+08   2.01085723E+08   2.05192881E+08   2.28840871E+08   2.28840871E+08
   4.70000000E-02   1.98001489E+08   1.97538614E+08   1.97538614E+08   2.01636699E+08   2.24788280E+08   2.24788280E+08
   4.72000000E-02   1.94498064E+08   1.94032945E+08   1.94032945E+08   1.98122000E+08   2.20783051E+08   2.20783051E+08
   4.74000000E-02   1.91035421E+08   1.90568096E+08   1.90568096E+08   1.94648161E+08   2.16824475E+08   2.16824475E+08
   4.76000000E-02   1.87612955E+08   1.87143458E+08   1.87143458E+08   1.91214574E+08   2.12911856E+08   2.12911856E+08
   4.78000000E-02   1.84230066E+08   1.83758434E+08   1.83758434E+08   1.87820642E+08   2.09044511E+08   2.09044511E+08
   4.80000000E-02   1.80886171E+08   1.80412438E+08   1.80412438E+08   1.84465778E+08   2.05221771E+08   2.05221771E+08
   4.82000000E-02   1.77580693E+08   1.77104894E+08   1.77104894E+08   1.81149407E+08   2.01442976E+08   2.01442976E+08
   4.84000000E-02   1.74313069E+08   1.73835237E+08   1.73835237E+08   1.77870963E+08   1.97707483E+08   1.97707483E+08
   4.86000000E-02   1.71082744E+08   1.70602913E+08   1.70602913E+08   1.74629891E+08   1.94014657E+08   1.94014657E+08
   4.88000000E-02   1.67889176E+08   1.67407378E+08   1.67407378E+08   1.71425648E+08   1.90363875E+08   1.90363875E+08
   4.90000000E-02   1.64731830E+08   1.64248098E+08   1.64248098E+08   1.68257698E+08   1.86754528E+08   1.86754528E+08
   4.92000000E-02   1.61610182E+08   1.61124546E+08   1.61124546E+08   1.65125518E+08   1.83186015E+08   1.83186015E+08
   4.94000000E-02   1.58523718E+08   1.58036210E+08   1.58036210E+08   1.62028590E+08   1.79657748E+08   1.79657748E+08
   4.96000000E-02   1.55471932E+08   1.54982582E+08   1.54982582E+08   1.58966411E+08   1.76169148E+08   1.76169148E+08
   4.98000000E-02   1.52454328E+08   1.51963167E+08   1.51963167E+08   1.55938481E+08   1.72719648E+08   1.72719648E+08
   5.00000000E-02   1.49470418E+08   1.48977475E+08   1.48977475E+08   1.52944314E+08   1.69308690E+08   1.69308690E+08
   5.02000000E-02   1.46519724E+08   1.46025028E+08   1.46025028E+08   1.49983430E+08   1.65935727E+08   1.65935727E+08
   5.04000000E-02   1.43601776E+08   1.43105356E+08   1.43105356E+08   1.47055358E+08   1.62600220E+08   1.62600220E+08
   5.06000000E-02   1.40716112E+08   1.40217996E+08   1.40217996E+08   1.44159636E+08   1.59301640E+08   1.59301640E+08
   5.08000000E-02   1.37862278E+08   1.37362493E+08   1.37362493E+08   1.41295808E+08   1.56039469E+08   1.56039469E+08
   5.10000000E-02   1.35039828E+08   1.34538402E+08   1.34538402E+08   1.38463429E+08   1.52813198E+08   1.52813198E+08
   5.12000000E-02   1.32248324E+08   1.31745284E+08   1.31745284E+08   1.35662061E+08   1.49622323E+08   1.49622323E+08
   5.14000000E-02   1.29487336E+08   1.28982708E+08   1.28982708E+08   1.32891271E+08   1.46466354E+08   1.46466354E+08
   5.16000000E-02   1.26756442E+08   1.26250252E+08   1.26250252E+08   1.30150638E+08   1.43344806E+08   1.43344806E+08
   5.18000000E-02   1.24055225E+08   1.23547499E+08   1.23547499E+08   1.27439743E+08   1.40257205E+08   1.40257205E+08
   5.20000000E-02   1.21383277E+08   1.20874040E+08   1.20874040E+08   1.24758179E+08   1.37203082E+08   1.37203082E+08
   5.22000000E-02   1.18740197E+08   1.18229474E+08   1.18229474E+08   1.22105544E+08   1.34181978E+08   1.34181978E+08
   5.24000000E-02   1.16125590E+08   1.15613405E+08   1.15613405E+08   1.19481442E+08   1.31193443E+08   1.31193443E+08
   5.26000000E-02   1.13539069E+08   1.13025447E+08   1.13025447E+08   1.16885485E+08   1.28237032E+08   1.28237032E+08
   5.28000000E-02   1.10980252E+08   1.10465216E+08   1.10465216E+08   1.14317291E+08   1.25312310E+08   1.25312310E+08
   5.30000000E-02   1.08448765E+08   1.07932338E+08   1.07932338E+08   1.11776486E+08   1.22418847E+08   1.22418847E+08
   5.32000000E-02   1.05944239E+08   1.05426445E+08   1.05426445E+08   1.09262699E+08   1.19556223E+08   1.19556223E+08
   5.34000000E-02   1.03466312E+08   1.02947173E+08   1.02947173E+08   1.06775569E+08   1.16724022E+08   1.16724022E+08
   5.36000000E-02   1.01014628E+08   1.00494166E+08   1.00494166E+08   1.04314738E+08   1.13921838E+08   1.13921838E+08
   5.38000000E-02   9.85888371E+07   9.80670743E+07   9.80670743E+07   1.01879856E+08   1.11149269E+08   1.11149269E+08
   5.40000000E-02   9.61885943E+07   9.56655522E+07   9.56655522E+07   9.94705779E+07   1.08405922E+08   1.08405922E+08
   5.42000000E-02   9.38135612E+07   9.32892612E+07   9.32892612E+07   9.70865647E+07   1.05691409E+08   1.05691409E+08
   5.44000000E-02   9.14634047E+07   9.09378677E+07   9.09378677E+07   9.47274827E+07   1.03005350E+08   1.03005350E+08
   5.46000000E-02   8.91377972E+07   8.86110438E+07   8.86110438E+07   9.23930037E+07   1.00347369E+08   1.00347369E+08
   5.48000000E-02   8.68364166E+07   8.63084672E+07   8.63084672E+07   9.00828051E+07   9.77170970E+07   9.77170970E+07
   5.50000000E-02   8.45589459E+07   8.40298205E+07   8.40298205E+07   8.77965694E+07   9.51141727E+07   9.51141727E+07
   5.52000000E-02   8.23050734E+07   8.17747916E+07   8.17747916E+07   8.55339844E+07   9.25382388E+07   9.25382388E+07
   5.54000000E-02   8.00744923E+07   7.95430736E+07   7.95430736E+07   8.32947429E+07   8.99889444E+07   8.99889444E+07
   5.56000000E-02   7.78669009E+07   7.73343645E+07   7.73343645E+07   8.10785426E+07   8.74659444E+07   8.74659444E+07
   5.58000000E-02   7.56820023E+07   7.51483670E+07   7.51483670E+07   7.88850862E+07   8.49688990E+07   8.49688990E+07
   5.60000000E-02   7.35195044E+07   7.29847887E+07   7.29847887E+07   7.67140811E+07   8.24974741E+07   8.24974741E+07
   5.62000000E-02   7.13791197E+07   7.08433421E+07   7.08433421E+07   7.45652394E+07   8.00513409E+07   8.00513409E+07
   5.64000000E-02   6.92605656E+07   6.87237439E+07   6.87237439E+07   7.24382778E+07   7.76301758E+07   7.76301758E+07
   5.66000000E-02   6.71635635E+07   6.66257156E+07   6.66257156E+07   7.03329175E+07   7.52336603E+07   7.52336603E+07
   5.68000000E-02   6.54013565E+07   6.48382182E+07   6.48382182E+07   6.86982473E+07   7.33811316E+07   7.33811316E+07
   5.70000000E-02   6.42784438E+07   6.36421469E+07   6.36421469E+07   6.79712919E+07   7.25877075E+07   7.25877075E+07
   5.72000000E-02   6.31665021E+07   6.24578204E+07   6.24578204E+07   6.72511161E+07   7.18017025E+07   7.18017025E+07
   5.74000000E-02   6.21926341E+07   6.14356531E+07   6.14356531E+07   6.65376373E+07   7.10230260E+07   7.10230260E+07
   5.76000000E-02   6.15353846E+07   6.07869299E+07   6.07869299E+07   6.58307740E+07   7.02515889E+07   7.02515889E+07
   5.78000000E-02   6.08842079E+07   6.01442001E+07   6.01442001E+07   6.51304462E+07   6.94873033E+07   6.94873033E+07
   5.80000000E-02   6.02390306E+07   5.95073913E+07   5.95073913E+07   6.44365748E+07   6.87300827E+07   6.87300827E+07
   5.82000000E-02   5.95997807E+07   5.88764324E+07   5.88764324E+07   6.37490822E+07   6.79798421E+07   6.79798421E+07
   5.84000000E-02   5.89663869E+07   5.82512531E+07   5.82512531E+07   6.30678918E+07   6.72364976E+07   6.72364976E+07
   5.86000000E-02   5.83387793E+07   5.76317843E+07   5.76317843E+07   6.23929282E+07   6.64999666E+07   6.64999666E+07
   5.88000000E-02   5.77168888E+07   5.70179580E+07   5.70179580E+07   6.17241172E+07   6.57701677E+07   6.57701677E+07
   5.90000000E-02   5.71006475E+07   5.64097071E+07   5.64097071E+07   6.10613857E+07   6.50470209E+07   6.50470209E+07
   5.92000000E-02   5.64899886E+07   5.58069655E+07   5.58069655E+07   6.04046616E+07   6.43304472E+07   6.43304472E+07
   5.94000000E-02   5.58848460E+07   5.52096683E+07   5.52096683E+07   5.97538739E+07   6.36203688E+07   6.36203688E+07
   5.96000000E-02   5.52851549E+07   5.46177512E+07   5.46177512E+07   5.91089528E+07   6.29167093E+07   6.29167093E+07
   5.98000000E-02   5.46908513E+07   5.40311512E+07   5.40311512E+07   5.84698293E+07   6.22193932E+07   6.22193932E+07
   6.00000000E-02   5.41018720E+07   5.34498061E+07   5.34498061E+07   5.78364357E+07   6.15283461E+07   6.15283461E+07
   6.02000000E-02   5.35181551E+07   5.28736546E+07   5.28736546E+07   5.72087050E+07   6.08434948E+07   6.08434948E+07
   6.04000000E-02   5.29396393E+07   5.23026362E+07   5.23026362E+07   5.65865714E+07   6.01647672E+07   6.01647672E+07
   6.06000000E-02   5.23662644E+07   5.17366915E+07   5.17366915E+07   5.59699700E+07   5.94920922E+07   5.94920922E+07
   6.08000000E-02   5.17979709E+07   5.11757618E+07   5.11757618E+07   5.53588369E+07   5.88253996E+07   5.88253996E+07
   6.10000000E-02   5.12347002E+07   5.06197894E+07   5.06197894E+07   5.47531089E+07   5.81646205E+07   5.81646205E+07
   6.12000000E-02   5.06763947E+07   5.00687173E+07   5.00687173E+07   5.41527240E+07   5.75096869E+07   5.75096869E+07
   6.14000000E-02   5.01229975E+07   4.95224894E+07   4.95224894E+07   5.35576211E+07   5.68605316E+07   5.68605316E+07
   6.16000000E-02   4.95744525E+07   4.89810503E+07   4.89810503E+07   5.29677396E+07   5.62170886E+07   5.62170886E+07
   6.18000000E-02   4.90307046E+07   4.84443456E+07   4.84443456E+07   5.23830202E+07   5.55792928E+07   5.55792928E+07
   6.20000000E-02   4.84916991E+07   4.79123215E+07   4.79123215E+07   5.18034044E+07   5.49470800E+07   5.49470800E+07
   6.22000000E-02   4.79573826E+07   4.73849250E+07   4.73849250E+07   5.12288341E+07   5.43203868E+07   5.43203868E+07
   6.24000000E-02   4.74277020E+07   4.68621040E+07   4.68621040E+07   5.06592527E+07   5.36991509E+07   5.36991509E+07
   6.26000000E-02   4.69026052E+07   4.63438069E+07   4.63438069E+07   5.00946038E+07   5.30833109E+07   5.30833109E+07
   6.28000000E-02   4.63820409E+07   4.58299830E+07   4.58299830E+07   4.95348322E+07   5.24728060E+07   5.24728060E+07
   6.30000000E-02   4.58659582E+07   4.53205823E+07   4.53205823E+07   4.89798832E+07   5.18675766E+07   5.18675766E+07
   6.32000000E-02   4.53543072E+07   4.48155554E+07   4.48155554E+07   4.84297031E+07   5.12675637E+07   5.12675637E+07
   6.34000000E-02   4.48470386E+07   4.43148537E+07   4.43148537E+07   4.78842388E+07   5.06727092E+07   5.06727092E+07
   6.36000000E-02   4.43441039E+07   4.38184293E+07   4.38184293E+07   4.73434381E+07   5.00829557E+07   5.00829557E+07
   6.38000000E-02   4.38454551E+07   4.33262349E+07   4.33262349E+07   4.68072493E+07   4.94982469E+07   4.94982469E+07
   6.40000000E-02   4.33510449E+07   4.28382237E+07   4.28382237E+07   4.62756216E+07   4.89185271E+07   4.89185271E+07
   6.42000000E-02   4.28608269E+07   4.23543500E+07   4.23543500E+07   4.57485048E+07   4.83437412E+07   4.83437412E+07
   6.44000000E-02   4.23747549E+07   4.18745682E+07   4.18745682E+07   4.52258495E+07   4.77738352E+07   4.77738352E+07
   6.46000000E-02   4.18927838E+07   4.13988337E+07   4.13988337E+07   4.47076069E+07   4.72087556E+07   4.72087556E+07
   6.48000000E-02   4.14148688E+07   4.09271024E+07   4.09271024E+07   4.41937289E+07   4.66484498E+07   4.66484498E+07
   6.50000000E-02   4.09409658E+07   4.04593307E+07   4.04593307E+07   4.36841680E+07   4.60928657E+07   4.60928657E+07
   6.52000000E-02   4.04710313E+07   3.99954758E+07   3.99954758E+07   4.31788775E+07   4.55419521E+07   4.55419521E+07
   6.54000000E-02   4.00050226E+07   3.95354953E+07   3.95354953E+07   4.26778111E+07   4.49956584E+07   4.49956584E+07
   6.56000000E-02   3.95428971E+07   3.90793475E+07   3.90793475E+07   4.21809234E+07   4.44539349E+07   4.44539349E+07
   6.58000000E-02   3.90846133E+07   3.86269911E+07   3.86269911E+07   4.16881693E+07   4.39167322E+07   4.39167322E+07
   6.60000000E-02   3.86301300E+07   3.81783857E+07   3.81783857E+07   4.11995047E+07   4.33840019E+07   4.33840019E+07
   6.62000000E-02   3.81794064E+07   3.77334909E+07   3.77334909E+07   4.07148857E+07   4.28556961E+07   4.28556961E+07
   6.64000000E-02   3.77324027E+07   3.72922674E+07   3.72922674E+07   4.02342693E+07   4.23317675E+07   4.23317675E+07
   6.66000000E-02   3.72890791E+07   3.68546762E+07   3.68546762E+07   3.97576128E+07   4.18121696E+07   4.18121696E+07
   6.68000000E-02   3.68493968E+07   3.64206786E+07   3.64206786E+07   3.92848744E+07   4.12968564E+07   4.12968564E+07
   6.70000000E-02   3.64133172E+07   3.59902367E+07   3.59902367E+07   3.88160125E+07   4.07857825E+07   4.07857825E+07
   6.72000000E-02   3.59808023E+07   3.55633131E+07   3.55633131E+07   3.83509864E+07   4.02789032E+07   4.02789032E+07
   6.74000000E-02   3.55518147E+07   3.51398707E+07   3.51398707E+07   3.78897556E+07   3.97761742E+07   3.97761742E+07
   6.76000000E-02   3.51263175E+07   3.47198731E+07   3.47198731E+07   3.74322803E+07   3.92775521E+07   3.92775521E+07
   6.78000000E-02   3.47042739E+07   3.43032842E+07   3.43032842E+07   3.69785213E+07   3.87829937E+07   3.87829937E+07
   6.80000000E-02   3.42856482E+07   3.38900685E+07   3.38900685E+07   3.65284398E+07   3.82924566E+07   3.82924566E+07
   6.82000000E-02   3.38704047E+07   3.34801909E+07   3.34801909E+07   3.60819976E+07   3.78058991E+07   3.78058991E+07
   6.84000000E-02   3.34585084E+07   3.30736168E+07   3.30736168E+07   3.56391569E+07   3.73232796E+07   3.73232796E+07
   6.86000000E-02   3.30499246E+07   3.26703121E+07   3.26703121E+07   3.51998804E+07   3.68445574E+07   3.68445574E+07
   6.88000000E-02   3.26446191E+07   3.22702429E+07   3.22702429E+07   3.47641313E+07   3.63696922E+07   3.63696922E+07
   6.90000000E-02   3.22425583E+07   3.18733760E+07   3.18733760E+07   3.43318733E+07   3.58986443E+07   3.58986443E+07
   6.92000000E-02   3.18437087E+07   3.14796786E+07   3.14796786E+07   3.39030706E+07   3.54313744E+07   3.54313744E+07
   6.94000000E-02   3.14480377E+07   3.10891181E+07   3.10891181E+07   3.34776879E+07   3.49678438E+07   3.49678438E+07
   6.96000000E-02   3.10555126E+07   3.07016627E+07   3.07016627E+07   3.30556901E+07   3.45080142E+07   3.45080142E+07
   6.98000000E-02   3.06661015E+07   3.03172806E+07   3.03172806E+07   3.26370428E+07   3.40518480E+07   3.40518480E+07
   7.00000000E-02   3.02797727E+07   2.99359406E+07   2.99359406E+07   3.22217120E+07   3.35993077E+07   3.35993077E+07
   7.02000000E-02   2.98964950E+07   2.95576120E+07   2.95576120E+07   3.18096640E+07   3.31503568E+07   3.31503568E+07
   7.04000000E-02   2.95162377E+07   2.91822643E+07   2.91822643E+07   3.14008658E+07   3.27049587E+07   3.27049587E+07
   7.06000000E-02   2.91389702E+07   2.88098675E+07   2.88098675E+07   3.09952844E+07   3.22630777E+07   3.22630777E+07
   7.08000000E-02   2.87646625E+07   2.84403919E+07   2.84403919E+07   3.05928877E+07   3.18246783E+07   3.18246783E+07
   7.10000000E-02   2.83932849E+07   2.80738082E+07   2.80738082E+07   3.01936436E+07   3.13897256E+07   3.13897256E+07
   7.12000000E-02   2.80248082E+07   2.77100875E+07   2.77100875E+07   2.97975206E+07   3.09581851E+07   3.09581851E+07
   7.14000000E-02   2.76592034E+07   2.73492013E+07   2.73492013E+07   2.94044875E+07   3.05300226E+07   3.05300226E+07
   7.16000000E-02   2.72964419E+07   2.69911214E+07   2.69911214E+07   2.90145137E+07   3.01052045E+07   3.01052045E+07
   7.18000000E-02   2.69364955E+07   2.66358199E+07   2.66358199E+07   2.86275688E+07   2.96836975E+07   2.96836975E+07
   7.20000000E-02   2.65793364E+07   2.62832693E+07   2.62832693E+07   2.82436227E+07   2.92654689E+07   2.92654689E+07
   7.22000000E-02   2.62249370E+07   2.59334425E+07   2.59334425E+07   2.78626458E+07   2.88504861E+07   2.88504861E+07
   7.24000000E-02   2.58732702E+07   2.55863126E+07   2.55863126E+07   2.74846089E+07   2.84387173E+07   2.84387173E+07
   7.26000000E-02   2.55243090E+07   2.52418532E+07   2.52418532E+07   2.71094831E+07   2.80301306E+07   2.80301306E+07
   7.28000000E-02   2.51780271E+07   2.49000380E+07   2.49000380E+07   2.67372399E+07   2.76246950E+07   2.76246950E+07
   7.30000000E-02   2.48343981E+07   2.45608413E+07   2.45608413E+07   2.63678511E+07   2.72223795E+07   2.72223795E+07
   7.32000000E-02   2.44933963E+07   2.42242374E+07   2.42242374E+07   2.60012887E+07   2.68231536E+07   2.68231536E+07
   7.34000000E-02   2.41549961E+07   2.38902013E+07   2.38902013E+07   2.56375254E+07   2.64269873E+07   2.64269873E+07
   7.36000000E-02   2.38191722E+07   2.35587079E+07   2.35587079E+07   2.52765340E+07   2.60338508E+07   2.60338508E+07
   7.38000000E-02   2.34858997E+07   2.32297326E+07   2.32297326E+07   2.49182875E+07   2.56437148E+07   2.56437148E+07
   7.40000000E-02   2.31551540E+07   2.29032512E+07   2.29032512E+07   2.45627596E+07   2.52565502E+07   2.52565502E+07
   7.42000000E-02   2.28269107E+07   2.25792397E+07   2.25792397E+07   2.42099240E+07   2.48723283E+07   2.48723283E+07
   7.44000000E-02   2.25011458E+07   2.22576742E+07   2.22576742E+07   2.38597549E+07   2.44910208E+07   2.44910208E+07
   7.46000000E-02   2.21778355E+07   2.19385314E+07   2.19385314E+07   2.35122266E+07   2.41125998E+07   2.41125998E+07
   7.48000000E-02   2.18569564E+07   2.16217880E+07   2.16217880E+07   2.31673139E+07   2.37370376E+07   2.37370376E+07
   7.50000000E-02   2.15384852E+07   2.13074213E+07   2.13074213E+07   2.28249918E+07   2.33643068E+07   2.33643068E+07
   7.52000000E-02   2.12223991E+07   2.09954086E+07   2.09954086E+07   2.24852358E+07   2.29943805E+07   2.29943805E+07
   7.54000000E-02   2.09086754E+07   2.06857275E+07   2.06857275E+07   2.21480214E+07   2.26272320E+07   2.26272320E+07
   7.56000000E-02   2.05972918E+07   2.03783560E+07   2.03783560E+07   2.18133245E+07   2.22628349E+07   2.22628349E+07
   7.58000000E-02   2.02882261E+07   2.00732722E+07   2.00732722E+07   2.14811214E+07   2.19011633E+07   2.19011633E+07
   7.60000000E-02   1.99814565E+07   1.97704546E+07   1.97704546E+07   2.11513885E+07   2.15421913E+07   2.15421913E+07
   7.62000000E-02   1.96769615E+07   1.94698819E+07   1.94698819E+07   2.08241027E+07   2.11858935E+07   2.11858935E+07
   7.64000000E-02   1.93747195E+07   1.91715330E+07   1.91715330E+07   2.04992409E+07   2.08322449E+07   2.08322449E+07
   7.66000000E-02   1.90747097E+07   1.88753872E+07   1.88753872E+07   2.01767804E+07   2.04812206E+07   2.04812206E+07
   7.68000000E-02   1.87769111E+07   1.85814238E+07   1.85814238E+07   1.98566989E+07   2.01327959E+07   2.01327959E+07
   7.70000000E-02   1.84813032E+07   1.82896225E+07   1.82896225E+07   1.95389741E+07   1.97869468E+07   1.97869468E+07
   7.72000000E-02   1.81878655E+07   1.79999632E+07   1.79999632E+07   1.92235842E+07   1.94436491E+07   1.94436491E+07
   7.74000000E-02   1.78965780E+07   1.77124261E+07   1.77124261E+07   1.89105075E+07   1.91028792E+07   1.91028792E+07
   7.76000000E-02   1.76074208E+07   1.74269916E+07   1.74269916E+07   1.85997226E+07   1.87646136E+07   1.87646136E+07
   7.78000000E-02   1.73203743E+07   1.71436402E+07   1.71436402E+07   1.82912083E+07   1.84288293E+07   1.84288293E+07
   7.80000000E-02   1.70354189E+07   1.68623528E+07   1.68623528E+07   1.79849438E+07   1.80955033E+07   1.80955033E+07
   7.82000000E-02   1.67525355E+07   1.65831104E+07   1.65831104E+07   1.76809083E+07   1.77646130E+07   1.77646130E+07
   7.84000000E-02   1.64717051E+07   1.63058943E+07   1.63058943E+07   1.73790814E+07   1.74361361E+07   1.74361361E+07
   7.86000000E-02   1.61929090E+07   1.60306860E+07   1.60306860E+07   1.70794430E+07   1.71100503E+07   1.71100503E+07
   7.88000000E-02   1.59161285E+07   1.57574670E+07   1.57574670E+07   1.67819730E+07   1.67863340E+07   1.67863340E+07
   7.90000000E-02   1.56413453E+07   1.54862194E+07   1.54862194E+07   1.64866517E+07   1.64649654E+07   1.64649654E+07
   7.92000000E-02   1.53685414E+07   1.52169252E+07   1.52169252E+07   1.61934596E+07   1.61459232E+07   1.61459232E+07
   7.94000000E-02   1.50976987E+07   1.49495668E+07   1.49495668E+07   1.59023774E+07   1.58291863E+07   1.58291863E+07
   7.96000000E-02   1.48287995E+07   1.46841266E+07   1.46841266E+07   1.56133860E+07   1.55147338E+07   1.55147338E+07
   7.98000000E-02   1.45618263E+07   1.44205873E+07   1.44205873E+07   1.53264665E+07   1.52025451E+07   1.52025451E+07
   8.00000000E-02   1.42967618E+07   1.41589319E+07   1.41589319E+07   1.50416004E+07   1.48925997E+07   1.48925997E+07
   8.02000000E-02   1.40335888E+07   1.38991434E+07   1.38991434E+07   1.47587691E+07   1.45848775E+07   1.45848775E+07
   8.04000000E-02   1.37722904E+07   1.36412050E+07   1.36412050E+07   1.44779544E+07   1.42793585E+07   1.42793585E+07
   8.06000000E-02   1.35128499E+07   1.33851003E+07   1.33851003E+07   1.41991382E+07   1.39760230E+07   1.39760230E+07
   8.08000000E-02   1.32552505E+07   1.31308130E+07   1.31308130E+07   1.39223029E+07   1.36748514E+07   1.36748514E+07
   8.10000000E-02   1.29994761E+07   1.28783267E+07   1.28783267E+07   1.36474306E+07   1.33758245E+07   1.33758245E+07
   8.12000000E-02   1.27455103E+07   1.26276256E+07   1.26276256E+07   1.33745040E+07   1.30789232E+07   1.30789232E+07
   8.14000000E-02   1.24933372E+07   1.23786938E+07   1.23786938E+07   1.31035059E+07   1.27841286E+07   1.27841286E+07
   8.16000000E-02   1.22429409E+07   1.21315157E+07   1.21315157E+07   1.28344191E+07   1.24914221E+07   1.24914221E+07
   8.18000000E-02   1.19943057E+07   1.18860758E+07   1.18860758E+07   1.25672269E+07   1.22007852E+07   1.22007852E+07
   8.20000000E-02   1.17474161E+07   1.16423589E+07   1.16423589E+07   1.23019124E+07   1.19121996E+07   1.19121996E+07
   8.22000000E-02   1.15022568E+07   1.14003497E+07   1.14003497E+07   1.20384593E+07   1.16256473E+07   1.16256473E+07
   8.24000000E-02   1.12588127E+07   1.11600333E+07   1.11600333E+07   1.17768512E+07   1.13411105E+07   1.13411105E+07
   8.26000000E-02   1.10170686E+07   1.09213949E+07   1.09213949E+07   1.15170720E+07   1.10585714E+07   1.10585714E+07
   8.28000000E-02   1.07770099E+07   1.06844199E+07   1.06844199E+07   1.12591057E+07   1.07780127E+07   1.07780127E+07
   8.30000000E-02   1.05386218E+07   1.04490939E+07   1.04490939E+07   1.10029365E+07   1.04994169E+07   1.04994169E+07
   8.32000000E-02   1.03018897E+07   1.02154023E+07   1.02154023E+07   1.07485487E+07   1.02227671E+07   1.02227671E+07
   8.34000000E-02   1.01378611E+07   1.00488892E+07   1.00488892E+07   1.05977895E+07   1.00660469E+07   1.00660469E+07
   8.36000000E-02   1.00154633E+07   9.92088748E+06   9.92088748E+06   1.05061861E+07   9.97904098E+06   9.97904098E+06
   8.38000000E-02   9.89388367E+06   9.79374460E+06   9.79374460E+06   1.04151779E+07   9.89260033E+06   9.89260033E+06
   8.40000000E-02   9.77311530E+06   9.66745321E+06   9.66745321E+06   1.03247598E+07   9.80672024E+06   9.80672024E+06
   8.42000000E-02   9.65315128E+06   9.54200609E+06   9.54200609E+06   1.02349270E+07   9.72139600E+06   9.72139600E+06
   8.44000000E-02   9.53398480E+06   9.41739606E+06   9.41739606E+06   1.01456745E+07   9.63662295E+06   9.63662295E+06
   8.46000000E-02   9.41560913E+06   9.29361606E+06   9.29361606E+06   1.00569975E+07   9.55239650E+06   9.55239650E+06
   8.48000000E-02   9.29801759E+06   9.17065906E+06   9.17065906E+06   9.96889115E+06   9.46871208E+06   9.46871208E+06
   8.50000000E-02   9.18120360E+06   9.04851815E+06   9.04851815E+06   9.88135076E+06   9.38556521E+06   9.38556521E+06
   8.52000000E-02   9.06516063E+06   8.92718645E+06   8.92718645E+06   9.79437160E+06   9.30295140E+06   9.30295140E+06
   8.54000000E-02   8.94988221E+06   8.80665718E+06   8.80665718E+06   9.70794905E+06   9.22086626E+06   9.22086626E+06
   8.56000000E-02   8.83536196E+06   8.68692362E+06   8.68692362E+06   9.62207849E+06   9.13930542E+06   9.13930542E+06
   8.58000000E-02   8.72159356E+06   8.56797913E+06   8.56797913E+06   9.53675539E+06   9.05826455E+06   9.05826455E+06
   8.60000000E-02   8.60857074E+06   8.44981712E+06   8.44981712E+06   9.45197523E+06   8.97773937E+06   8.97773937E+06
   8.62000000E-02   8.49628731E+06   8.33243110E+06   8.33243110E+06   9.36773356E+06   8.89772566E+06   8.89772566E+06
   8.64000000E-02   8.38473714E+06   8.21581461E+06   8.21581461E+06   9.28402597E+06   8.81821922E+06   8.81821922E+06
   8.66000000E-02   8.27391417E+06   8.09996128E+06   8.09996128E+06   9.20084810E+06   8.73921591E+06   8.73921591E+06
   8.68000000E-02   8.16381240E+06   7.98486480E+06   7.98486480E+06   9.11819562E+06   8.66071162E+06   8.66071162E+06
   8.70000000E-02   8.05442589E+06   7.87051893E+06   7.87051893E+06   9.03606426E+06   8.58270230E+06   8.58270230E+06
   8.72000000E-02   7.94574875E+06   7.75691749E+06   7.75691749E+06   8.95444978E+06   8.50518393E+06   8.50518393E+06
   8.74000000E-02   7.83777517E+06   7.64405437E+06   7.64405437E+06   8.87334801E+06   8.42815251E+06   8.42815251E+06
   8.76000000E-02   7.73049939E+06   7.53192351E+06   7.53192351E+06   8.79275478E+06   8.35160413E+06   8.35160413E+06
   8.78000000E-02   7.62391570E+06   7.42051892E+06   7.42051892E+06   8.71266600E+06   8.27553487E+06   8.27553487E+06
   8.80000000E-02   7.51801848E+06   7.30983467E+06   7.30983467E+06   8.63307761E+06   8.19994089E+06   8.19994089E+06
   8.82000000E-02   7.41280212E+06   7.19986488E+06   7.19986488E+06   8.55398558E+06   8.12481835E+06   8.12481835E+06
   8.84000000E-02   7.30826110E+06   7.09060376E+06   7.09060376E+06   8.47538592E+06   8.05016349E+06   8.05016349E+06
   8.86000000E-02   7.20438996E+06   6.98204555E+06   6.98204555E+06   8.39727471E+06   7.97597255E+06   7.97597255E+06
   8.88000000E-02   7.10118327E+06   6.87418456E+06   6.87418456E+06   8.31964804E+06   7.90224182E+06   7.90224182E+06
   8.90000000E-02   6.99863568E+06   6.76701515E+06   6.76701515E+06   8.24250205E+06   7.82896766E+06   7.82896766E+06
   8.92000000E-02   6.89674187E+06   6.66053174E+06   6.66053174E+06   8.16583291E+06   7.75614641E+06   7.75614641E+06
   8.94000000E-02   6.79549659E+06   6.55472881E+06   6.55472881E+06   8.08963684E+06   7.68377448E+06   7.68377448E+06
   8.96000000E-02   6.69489463E+06   6.44960090E+06   6.44960090E+06   8.01391008E+06   7.61184833E+06   7.61184833E+06
   8.98000000E-02   6.59493086E+06   6.34514260E+06   6.34514260E+06   7.93864894E+06   7.54036441E+06   7.54036441E+06
   9.00000000E-02   6.49560016E+06   6.24134854E+06   6.24134854E+06   7.86384973E+06   7.46931924E+06   7.46931924E+06
   9.02000000E-02   6.39689750E+06   6.13821341E+06   6.13821341E+06   7.78950883E+06   7.39870937E+06   7.39870937E+06
   9.04000000E-02   6.29881788E+06   6.03573198E+06   6.03573198E+06   7.71562262E+06   7.32853138E+06   7.32853138E+06
   9.06000000E-02   6.20135634E+06   5.93389904E+06   5.93389904E+06   7.64218754E+06   7.25878188E+06   7.25878188E+06
   9.08000000E-02   6.10450799E+06   5.83270944E+06   5.83270944E+06   7.56920006E+06   7.18945751E+06   7.18945751E+06
   9.10000000E-02   6.00826798E+06   5.73215809E+06   5.73215809E+06   7.49665669E+06   7.12055496E+06   7.12055496E+06
   9.12000000E-02   5.91263151E+06   5.63223993E+06   5.63223993E+06   7.42455396E+06   7.05207093E+06   7.05207093E+06
   9.14000000E-02   5.81759382E+06   5.53294998E+06   5.53294998E+06   7.35288844E+06   6.98400218E+06   6.98400218E+06
   9.16000000E-02   5.72315020E+06   5.43428328E+06   5.43428328E+06   7.28165675E+06   6.91634547E+06   6.91634547E+06
   9.18000000E-02   5.62929599E+06   5.33623494E+06   5.33623494E+06   7.21085551E+06   6.84909762E+06   6.84909762E+06
   9.20000000E-02   5.53602658E+06   5.23880010E+06   5.23880010E+06   7.14048141E+06   6.78225546E+06   6.78225546E+06
   9.22000000E-02   5.44339108E+06   5.14203749E+06   5.14203749E+06   7.07053113E+06   6.71581586E+06   6.71581586E+06
   9.24000000E-02   5.38403462E+06   5.08457635E+06   5.08457635E+06   7.00100143E+06   6.64977572E+06   6.64977572E+06
   9.26000000E-02   5.33238399E+06   5.03615674E+06   5.03615674E+06   6.93188906E+06   6.58413197E+06   6.58413197E+06
   9.28000000E-02   5.28104216E+06   4.98802644E+06   4.98802644E+06   6.86319083E+06   6.51888157E+06   6.51888157E+06
   9.30000000E-02   5.23000676E+06   4.94018322E+06   4.94018322E+06   6.79490356E+06   6.45402151E+06   6.45402151E+06
   9.32000000E-02   5.17927544E+06   4.89262491E+06   4.89262491E+06   6.72702411E+06   6.38954880E+06   6.38954880E+06
   9.34000000E-02   5.12884590E+06   4.84534932E+06   4.84534932E+06   6.65954937E+06   6.32546049E+06   6.32546049E+06
   9.36000000E-02   5.07871584E+06   4.79835432E+06   4.79835432E+06   6.59247626E+06   6.26175365E+06   6.26175365E+06
   9.38000000E-02   5.02888299E+06   4.75163776E+06   4.75163776E+06   6.52580172E+06   6.19842538E+06   6.19842538E+06
   9.40000000E-02   4.97934509E+06   4.70519754E+06   4.70519754E+06   6.45952275E+06   6.13547282E+06   6.13547282E+06
   9.42000000E-02   4.93009991E+06   4.65903157E+06   4.65903157E+06   6.39363633E+06   6.07289311E+06   6.07289311E+06
   9.44000000E-02   4.88114525E+06   4.61313779E+06   4.61313779E+06   6.32813951E+06   6.01068345E+06   6.01068345E+06
   9.46000000E-02   4.83247891E+06   4.56751413E+06   4.56751413E+06   6.26302935E+06   5.94884104E+06   5.94884104E+06
   9.48000000E-02   4.78409873E+06   4.52215858E+06   4.52215858E+06   6.19830294E+06   5.88736312E+06   5.88736312E+06
   9.50000000E-02   4.73600256E+06   4.47706912E+06   4.47706912E+06   6.13395740E+06   5.82624695E+06   5.82624695E+06
   9.52000000E-02   4.68818828E+06   4.43224376E+06   4.43224376E+06   6.06998987E+06   5.76548982E+06   5.76548982E+06
   9.54000000E-02   4.64065377E+06   4.38768052E+06   4.38768052E+06   6.00639752E+06   5.70508905E+06   5.70508905E+06
   9.56000000E-02   4.59339696E+06   4.34337745E+06   4.34337745E+06   5.94317756E+06   5.64504196E+06   5.64504196E+06
   9.58000000E-02   4.54641576E+06   4.29933261E+06   4.29933261E+06   5.88032720E+06   5.58534593E+06   5.58534593E+06
   9.60000000E-02   4.49970814E+06   4.25554409E+06   4.25554409E+06   5.81784369E+06   5.52599835E+06   5.52599835E+06
   9.62000000E-02   4.45327206E+06   4.21200998E+06   4.21200998E+06   5.75572432E+06   5.46699662E+06   5.46699662E+06
   9.64000000E-02   4.40710551E+06   4.16872839E+06   4.16872839E+06   5.69396639E+06   5.40833819E+06   5.40833819E+06
   9.66000000E-02   4.36120650E+06   4.12569748E+06   4.12569748E+06   5.63256721E+06   5.35002051E+06   5.35002051E+06
   9.68000000E-02   4.31557307E+06   4.08291537E+06   4.08291537E+06   5.57152414E+06   5.29204106E+06   5.29204106E+06
   9.70000000E-02   4.27020324E+06   4.04038025E+06   4.04038025E+06   5.51083456E+06   5.23439736E+06   5.23439736E+06
   9.72000000E-02   4.22509509E+06   3.99809030E+06   3.99809030E+06   5.45049586E+06   5.17708694E+06   5.17708694E+06
   9.74000000E-02   4.18024669E+06   3.95604371E+06   3.95604371E+06   5.39050548E+06   5.12010734E+06   5.12010734E+06
   9.76000000E-02   4.13565615E+06   3.91423872E+06   3.91423872E+06   5.33086085E+06   5.06345615E+06   5.06345615E+06
   9.78000000E-02   4.09132157E+06   3.87267355E+06   3.87267355E+06   5.27155944E+06   5.00713096E+06   5.00713096E+06
   9.80000000E-02   4.04724110E+06   3.83134646E+06   3.83134646E+06   5.21259876E+06   4.95112939E+06   4.95112939E+06
   9.82000000E-02   4.00341288E+06   3.79025570E+06   3.79025570E+06   5.15397632E+06   4.89544908E+06   4.89544908E+06
   9.84000000E-02   3.95983507E+06   3.74939958E+06   3.74939958E+06   5.09568965E+06   4.84008769E+06   4.84008769E+06
   9.86000000E-02   3.91650587E+06   3.70877637E+06   3.70877637E+06   5.03773632E+06   4.78504291E+06   4.78504291E+06
   9.88000000E-02   3.87342347E+06   3.66838440E+06   3.66838440E+06   4.98011391E+06   4.73031245E+06   4.73031245E+06
   9.90000000E-02   3.83058608E+06   3.62822200E+06   3.62822200E+06   4.92282003E+06   4.67589402E+06   4.67589402E+06
   9.92000000E-02   3.78799195E+06   3.58828751E+06   3.58828751E+06   4.86585231E+06   4.62178538E+06   4.62178538E+06
   9.94000000E-02   3.74563931E+06   3.54857928E+06   3.54857928E+06   4.80920839E+06   4.56798430E+06   4.56798430E+06
   9.96000000E-02   3.70352644E+06   3.50909570E+06   3.50909570E+06   4.75288595E+06   4.51448855E+06   4.51448855E+06
   9.98000000E-02   3.66165160E+06   3.46983515E+06   3.46983515E+06   4.69688267E+06   4.46129595E+06   4.46129595E+06
   1.00000000E-01   3.62001310E+06   3.43079604E+06   3.43079604E+06   4.64119627E+06   4.40840433E+06   4.40840433E+06