# TBinMid=2.8515 ssec TBinWidth=0.1 ss EBinWidth=0.2MeV Fluence at Earth for this timebin in neutrinos per cm^2
# E(GeV)	NuE	NuMu	NuTau	aNuE	aNuMu	aNuTau
   1.38589050E-13   8.27482316E+17   8.17290368E+17   8.17290368E+17   8.76992465E+17   7.49832056E+17   7.49832056E+17
   2.00000000E-04   1.47964330E+09   1.46141880E+09   1.46141880E+09   1.56817372E+09   1.34079479E+09   1.34079479E+09
   4.00000000E-04   7.54713967E+08   7.45418293E+08   7.45418293E+08   7.99870220E+08   6.83892229E+08   6.83892229E+08
   6.00000000E-04   5.08950276E+08   5.02681629E+08   5.02681629E+08   5.39401928E+08   4.61190801E+08   4.61190801E+08
   8.00000000E-04   3.84803142E+08   3.80063592E+08   3.80063592E+08   4.07826789E+08   3.48693532E+08   3.48693532E+08
   1.00000000E-03   3.09760216E+08   3.05944956E+08   3.05944956E+08   3.28293874E+08   2.80692572E+08   2.80692572E+08
   1.20000000E-03   2.59439244E+08   2.56243778E+08   2.56243778E+08   2.74962084E+08   2.35093678E+08   2.35093678E+08
   1.40000000E-03   3.46554261E+08   3.49169997E+08   3.49169997E+08   3.29639116E+08   2.74482839E+08   2.74482839E+08
   1.60000000E-03   4.35876374E+08   4.47442889E+08   4.47442889E+08   3.69588254E+08   3.03193637E+08   3.03193637E+08
   1.80000000E-03   4.95983146E+08   5.13187201E+08   5.13187201E+08   3.98550674E+08   3.24089238E+08   3.24089238E+08
   2.00000000E-03   6.92866524E+08   7.01601312E+08   7.01601312E+08   6.39340519E+08   5.16885101E+08   5.16885101E+08
   2.20000000E-03   9.55589693E+08   9.80526932E+08   9.80526932E+08   8.12013385E+08   6.55097828E+08   6.55097828E+08
   2.40000000E-03   1.19427030E+09   1.23973690E+09   1.23973690E+09   9.37486428E+08   7.55493076E+08   7.55493076E+08
   2.60000000E-03   1.37269841E+09   1.43386467E+09   1.43386467E+09   1.02937732E+09   8.28984969E+08   8.28984969E+08
   2.80000000E-03   1.64525800E+09   1.70785360E+09   1.70785360E+09   1.29373290E+09   1.08487696E+09   1.08487696E+09
   3.00000000E-03   1.88410002E+09   1.94550855E+09   1.94550855E+09   1.53881692E+09   1.32506962E+09   1.32506962E+09
   3.20000000E-03   2.07199145E+09   2.13218056E+09   2.13218056E+09   1.73321074E+09   1.51632234E+09   1.51632234E+09
   3.40000000E-03   2.26565080E+09   2.33292084E+09   2.33292084E+09   1.88814982E+09   1.66943164E+09   1.66943164E+09
   3.60000000E-03   2.47452867E+09   2.55737568E+09   2.55737568E+09   2.01200162E+09   1.79244470E+09   1.79244470E+09
   3.80000000E-03   2.64426869E+09   2.74006344E+09   2.74006344E+09   2.11109648E+09   1.89145464E+09   1.89145464E+09
   4.00000000E-03   2.83700128E+09   2.93937765E+09   2.93937765E+09   2.26953018E+09   2.08346437E+09   2.08346437E+09
   4.20000000E-03   3.02225924E+09   3.12804954E+09   3.12804954E+09   2.43832328E+09   2.29733822E+09   2.29733822E+09
   4.40000000E-03   3.17644745E+09   3.28497317E+09   3.28497317E+09   2.57947487E+09   2.47786362E+09   2.47786362E+09
   4.60000000E-03   3.30482883E+09   3.41553129E+09   3.41553129E+09   2.69763641E+09   2.63057327E+09   2.63057327E+09
   4.80000000E-03   3.41164100E+09   3.52405753E+09   3.52405753E+09   2.79655607E+09   2.75993293E+09   2.75993293E+09
   5.00000000E-03   3.50032454E+09   3.61407004E+09   3.61407004E+09   2.87927947E+09   2.86957757E+09   2.86957757E+09
   5.20000000E-03   3.57369427E+09   3.68844678E+09   3.68844678E+09   2.94830030E+09   2.96248862E+09   2.96248862E+09
   5.40000000E-03   3.63621715E+09   3.75210019E+09   3.75210019E+09   3.00567465E+09   3.04112878E+09   3.04112878E+09
   5.60000000E-03   3.69110921E+09   3.80852600E+09   3.80852600E+09   3.05310873E+09   3.10754539E+09   3.10754539E+09
   5.80000000E-03   3.74004617E+09   3.85838188E+09   3.85838188E+09   3.09879147E+09   3.18992792E+09   3.18992792E+09
   6.00000000E-03   3.78238220E+09   3.90122401E+09   3.90122401E+09   3.14051047E+09   3.27637585E+09   3.27637585E+09
   6.20000000E-03   3.81668699E+09   3.93586101E+09   3.93586101E+09   3.17493596E+09   3.35112866E+09   3.35112866E+09
   6.40000000E-03   3.84403954E+09   3.96339686E+09   3.96339686E+09   3.20303485E+09   3.41565915E+09   3.41565915E+09
   6.60000000E-03   3.86535886E+09   3.98477178E+09   3.98477178E+09   3.22563146E+09   3.47122791E+09   3.47122791E+09
   6.80000000E-03   3.88143089E+09   4.00078972E+09   4.00078972E+09   3.24343151E+09   3.51891841E+09   3.51891841E+09
   7.00000000E-03   3.89293034E+09   4.01214077E+09   4.01214077E+09   3.25704143E+09   3.55966559E+09   3.55966559E+09
   7.20000000E-03   3.90043843E+09   4.01941938E+09   4.01941938E+09   3.26698422E+09   3.59427914E+09   3.59427914E+09
   7.40000000E-03   3.90445756E+09   4.02313926E+09   4.02313926E+09   3.27371246E+09   3.62346273E+09   3.62346273E+09
   7.60000000E-03   3.90542331E+09   4.02374578E+09   4.02374578E+09   3.27761896E+09   3.64782989E+09   3.64782989E+09
   7.80000000E-03   3.90371443E+09   4.02162613E+09   4.02162613E+09   3.27904571E+09   3.66791720E+09   3.66791720E+09
   8.00000000E-03   3.89966112E+09   4.01711783E+09   4.01711783E+09   3.27829123E+09   3.68419527E+09   3.68419527E+09
   8.20000000E-03   3.89355201E+09   4.01051588E+09   4.01051588E+09   3.27561680E+09   3.69707796E+09   3.69707796E+09
   8.40000000E-03   3.87960835E+09   3.99651418E+09   3.99651418E+09   3.26270372E+09   3.69905828E+09   3.69905828E+09
   8.60000000E-03   3.85028260E+09   3.96746485E+09   3.96746485E+09   3.23258492E+09   3.68385540E+09   3.68385540E+09
   8.80000000E-03   3.80530917E+09   3.91982639E+09   3.91982639E+09   3.20280707E+09   3.66775233E+09   3.66775233E+09
   9.00000000E-03   3.76139993E+09   3.87337060E+09   3.87337060E+09   3.17339261E+09   3.65087902E+09   3.65087902E+09
   9.20000000E-03   3.71852566E+09   3.82806055E+09   3.82806055E+09   3.14435915E+09   3.63334961E+09   3.63334961E+09
   9.40000000E-03   3.67665710E+09   3.78385988E+09   3.78385988E+09   3.11572015E+09   3.61526449E+09   3.61526449E+09
   9.60000000E-03   3.63576516E+09   3.74073304E+09   3.74073304E+09   3.08748565E+09   3.59671206E+09   3.59671206E+09
   9.80000000E-03   3.59582106E+09   3.69864529E+09   3.69864529E+09   3.05966274E+09   3.57777025E+09   3.57777025E+09
   1.00000000E-02   3.55679649E+09   3.65756285E+09   3.65756285E+09   3.03225607E+09   3.55850783E+09   3.55850783E+09
   1.02000000E-02   3.51866371E+09   3.61745292E+09   3.61745292E+09   3.00526821E+09   3.53898553E+09   3.53898553E+09
   1.04000000E-02   3.48139558E+09   3.57828371E+09   3.57828371E+09   2.97869997E+09   3.51925702E+09   3.51925702E+09
   1.06000000E-02   3.44496566E+09   3.54002448E+09   3.54002448E+09   2.95255073E+09   3.49936974E+09   3.49936974E+09
   1.08000000E-02   3.40934824E+09   3.50264553E+09   3.50264553E+09   2.92681861E+09   3.47936567E+09   3.47936567E+09
   1.10000000E-02   3.37451834E+09   3.46611817E+09   3.46611817E+09   2.90150074E+09   3.45928191E+09   3.45928191E+09
   1.12000000E-02   3.34045174E+09   3.43041475E+09   3.43041475E+09   2.87659338E+09   3.43915131E+09   3.43915131E+09
   1.14000000E-02   3.30712499E+09   3.39550862E+09   3.39550862E+09   2.85209210E+09   3.41900290E+09   3.41900290E+09
   1.16000000E-02   3.27451537E+09   3.36137412E+09   3.36137412E+09   2.82799188E+09   3.39886237E+09   3.39886237E+09
   1.18000000E-02   3.24260096E+09   3.32798653E+09   3.32798653E+09   2.80428724E+09   3.37875240E+09   3.37875240E+09
   1.20000000E-02   3.21136055E+09   3.29532206E+09   3.29532206E+09   2.78097235E+09   3.35869302E+09   3.35869302E+09
   1.22000000E-02   3.18077367E+09   3.26335783E+09   3.26335783E+09   2.75804105E+09   3.33870190E+09   3.33870190E+09
   1.24000000E-02   3.13708684E+09   3.21940176E+09   3.21940176E+09   2.71569995E+09   3.29379033E+09   3.29379033E+09
   1.26000000E-02   3.09222049E+09   3.17444746E+09   3.17444746E+09   2.67114447E+09   3.24570952E+09   3.24570952E+09
   1.28000000E-02   3.04867981E+09   3.13080268E+09   3.13080268E+09   2.62800381E+09   3.19906610E+09   3.19906610E+09
   1.30000000E-02   3.00640594E+09   3.08840990E+09   3.08840990E+09   2.58621199E+09   3.15379571E+09   3.15379571E+09
   1.32000000E-02   2.96534350E+09   3.04721493E+09   3.04721493E+09   2.54570705E+09   3.10983782E+09   3.10983782E+09
   1.34000000E-02   2.92544030E+09   3.00716672E+09   3.00716672E+09   2.50643077E+09   3.06713542E+09   3.06713542E+09
   1.36000000E-02   2.88664714E+09   2.96821710E+09   2.96821710E+09   2.46832837E+09   3.02563477E+09   3.02563477E+09
   1.38000000E-02   2.84804599E+09   2.92928922E+09   2.92928922E+09   2.43134827E+09   2.98528518E+09   2.98528518E+09
   1.40000000E-02   2.79817974E+09   2.87683494E+09   2.87683494E+09   2.39544187E+09   2.94603879E+09   2.94603879E+09
   1.42000000E-02   2.74984655E+09   2.82600658E+09   2.82600658E+09   2.36056331E+09   2.90785037E+09   2.90785037E+09
   1.44000000E-02   2.70297901E+09   2.77673231E+09   2.77673231E+09   2.32666933E+09   2.87067716E+09   2.87067716E+09
   1.46000000E-02   2.65751353E+09   2.72894440E+09   2.72894440E+09   2.29371903E+09   2.83447867E+09   2.83447867E+09
   1.48000000E-02   2.61339011E+09   2.68257893E+09   2.68257893E+09   2.26167375E+09   2.79921657E+09   2.79921657E+09
   1.50000000E-02   2.57055207E+09   2.63757552E+09   2.63757552E+09   2.23049691E+09   2.76485450E+09   2.76485450E+09
   1.52000000E-02   2.52894581E+09   2.59387714E+09   2.59387714E+09   2.20015385E+09   2.73135800E+09   2.73135800E+09
   1.54000000E-02   2.48852066E+09   2.55142982E+09   2.55142982E+09   2.17061176E+09   2.69869434E+09   2.69869434E+09
   1.56000000E-02   2.44922863E+09   2.51018249E+09   2.51018249E+09   2.14183950E+09   2.66683243E+09   2.66683243E+09
   1.58000000E-02   2.41102426E+09   2.47008676E+09   2.47008676E+09   2.11380752E+09   2.63574273E+09   2.63574273E+09
   1.60000000E-02   2.37386446E+09   2.43109680E+09   2.43109680E+09   2.08648777E+09   2.60539713E+09   2.60539713E+09
   1.62000000E-02   2.33770833E+09   2.39316910E+09   2.39316910E+09   2.05985358E+09   2.57576890E+09   2.57576890E+09
   1.64000000E-02   2.30251708E+09   2.35626239E+09   2.35626239E+09   2.03387962E+09   2.54683255E+09   2.54683255E+09
   1.66000000E-02   2.26825384E+09   2.32033747E+09   2.32033747E+09   2.00854176E+09   2.51856382E+09   2.51856382E+09
   1.68000000E-02   2.23488357E+09   2.28535708E+09   2.28535708E+09   1.98381705E+09   2.49093956E+09   2.49093956E+09
   1.70000000E-02   2.20237295E+09   2.25128581E+09   2.25128581E+09   1.95968361E+09   2.46393770E+09   2.46393770E+09
   1.72000000E-02   2.17069027E+09   2.21808996E+09   2.21808996E+09   1.93612059E+09   2.43753717E+09   2.43753717E+09
   1.74000000E-02   2.13980533E+09   2.18573743E+09   2.18573743E+09   1.91310812E+09   2.41171783E+09   2.41171783E+09
   1.76000000E-02   2.10968939E+09   2.15419766E+09   2.15419766E+09   1.89062723E+09   2.38646045E+09   2.38646045E+09
   1.78000000E-02   2.08031500E+09   2.12344153E+09   2.12344153E+09   1.86865981E+09   2.36174665E+09   2.36174665E+09
   1.80000000E-02   2.04924467E+09   2.09121666E+09   2.09121666E+09   1.84369938E+09   2.33284127E+09   2.33284127E+09
   1.82000000E-02   2.01134665E+09   2.05278528E+09   2.05278528E+09   1.80834028E+09   2.28974159E+09   2.28974159E+09
   1.84000000E-02   1.97443875E+09   2.01535639E+09   2.01535639E+09   1.77391308E+09   2.24776766E+09   2.24776766E+09
   1.86000000E-02   1.93848548E+09   1.97889408E+09   1.97889408E+09   1.74038422E+09   2.20687912E+09   2.20687912E+09
   1.88000000E-02   1.90345297E+09   1.94336409E+09   1.94336409E+09   1.70772170E+09   2.16703746E+09   2.16703746E+09
   1.90000000E-02   1.86930886E+09   1.90873369E+09   1.90873369E+09   1.67589494E+09   2.12820592E+09   2.12820592E+09
   1.92000000E-02   1.83602228E+09   1.87497164E+09   1.87497164E+09   1.64487477E+09   2.09034938E+09   2.09034938E+09
   1.94000000E-02   1.80356371E+09   1.84204806E+09   1.84204806E+09   1.61463329E+09   2.05343428E+09   2.05343428E+09
   1.96000000E-02   1.77190491E+09   1.80993439E+09   1.80993439E+09   1.58514385E+09   2.01742853E+09   2.01742853E+09
   1.98000000E-02   1.74101891E+09   1.77860333E+09   1.77860333E+09   1.55638093E+09   1.98230145E+09   1.98230145E+09
   2.00000000E-02   1.71087984E+09   1.74802872E+09   1.74802872E+09   1.52832015E+09   1.94802367E+09   1.94802367E+09
   2.02000000E-02   1.68146300E+09   1.71818553E+09   1.71818553E+09   1.50093815E+09   1.91456705E+09   1.91456705E+09
   2.04000000E-02   1.65274469E+09   1.68904981E+09   1.68904981E+09   1.47421256E+09   1.88190469E+09   1.88190469E+09
   2.06000000E-02   1.62470220E+09   1.66059858E+09   1.66059858E+09   1.44812195E+09   1.85001076E+09   1.85001076E+09
   2.08000000E-02   1.59731379E+09   1.63280982E+09   1.63280982E+09   1.42264578E+09   1.81886053E+09   1.81886053E+09
   2.10000000E-02   1.57055859E+09   1.60566241E+09   1.60566241E+09   1.39776438E+09   1.78843029E+09   1.78843029E+09
   2.12000000E-02   1.54441658E+09   1.57913611E+09   1.57913611E+09   1.37345883E+09   1.75869729E+09   1.75869729E+09
   2.14000000E-02   1.51886855E+09   1.55321148E+09   1.55321148E+09   1.34971103E+09   1.72963967E+09   1.72963967E+09
   2.16000000E-02   1.49389608E+09   1.52786984E+09   1.52786984E+09   1.32650356E+09   1.70123647E+09   1.70123647E+09
   2.18000000E-02   1.46948143E+09   1.50309327E+09   1.50309327E+09   1.30381973E+09   1.67346757E+09   1.67346757E+09
   2.20000000E-02   1.44560760E+09   1.47886456E+09   1.47886456E+09   1.28164348E+09   1.64631361E+09   1.64631361E+09
   2.22000000E-02   1.42196633E+09   1.45482174E+09   1.45482174E+09   1.25995939E+09   1.61975599E+09   1.61975599E+09
   2.24000000E-02   1.39665410E+09   1.42871509E+09   1.42871509E+09   1.23875262E+09   1.59377685E+09   1.59377685E+09
   2.26000000E-02   1.37190102E+09   1.40318607E+09   1.40318607E+09   1.21800891E+09   1.56835898E+09   1.56835898E+09
   2.28000000E-02   1.34769044E+09   1.37821746E+09   1.37821746E+09   1.19771456E+09   1.54348585E+09   1.54348585E+09
   2.30000000E-02   1.32400634E+09   1.35379269E+09   1.35379269E+09   1.17785635E+09   1.51914153E+09   1.51914153E+09
   2.32000000E-02   1.30083328E+09   1.32989583E+09   1.32989583E+09   1.15842159E+09   1.49531070E+09   1.49531070E+09
   2.34000000E-02   1.27815643E+09   1.30651150E+09   1.30651150E+09   1.13939802E+09   1.47197859E+09   1.47197859E+09
   2.36000000E-02   1.25596146E+09   1.28362494E+09   1.28362494E+09   1.12077387E+09   1.44913097E+09   1.44913097E+09
   2.38000000E-02   1.23423461E+09   1.26122188E+09   1.26122188E+09   1.10253778E+09   1.42675416E+09   1.42675416E+09
   2.40000000E-02   1.21296258E+09   1.23928861E+09   1.23928861E+09   1.08467880E+09   1.40483493E+09   1.40483493E+09
   2.42000000E-02   1.19213259E+09   1.21781189E+09   1.21781189E+09   1.06718637E+09   1.38336055E+09   1.38336055E+09
   2.44000000E-02   1.17173227E+09   1.19677895E+09   1.19677895E+09   1.05005032E+09   1.36231873E+09   1.36231873E+09
   2.46000000E-02   1.15174973E+09   1.17617749E+09   1.17617749E+09   1.03326083E+09   1.34169762E+09   1.34169762E+09
   2.48000000E-02   1.13217347E+09   1.15599564E+09   1.15599564E+09   1.01680842E+09   1.32148577E+09   1.32148577E+09
   2.50000000E-02   1.11299241E+09   1.13622192E+09   1.13622192E+09   1.00068394E+09   1.30167215E+09   1.30167215E+09
   2.52000000E-02   1.09419583E+09   1.11684527E+09   1.11684527E+09   9.84878572E+08   1.28224608E+09   1.28224608E+09
   2.54000000E-02   1.07577341E+09   1.09785502E+09   1.09785502E+09   9.69383778E+08   1.26319727E+09   1.26319727E+09
   2.56000000E-02   1.05771515E+09   1.07924084E+09   1.07924084E+09   9.54191321E+08   1.24451576E+09   1.24451576E+09
   2.58000000E-02   1.04001141E+09   1.06099275E+09   1.06099275E+09   9.39293241E+08   1.22619195E+09   1.22619195E+09
   2.60000000E-02   1.02265286E+09   1.04310112E+09   1.04310112E+09   9.24681841E+08   1.20821652E+09   1.20821652E+09
   2.62000000E-02   1.00563050E+09   1.02555664E+09   1.02555664E+09   9.10349683E+08   1.19058049E+09   1.19058049E+09
   2.64000000E-02   9.88498655E+08   1.00794720E+09   1.00794720E+09   8.95649368E+08   1.17224635E+09   1.17224635E+09
   2.66000000E-02   9.70381895E+08   9.89464222E+08   9.89464222E+08   8.79303327E+08   1.15115821E+09   1.15115821E+09
   2.68000000E-02   9.52614972E+08   9.71338181E+08   9.71338181E+08   8.63272719E+08   1.13047608E+09   1.13047608E+09
   2.70000000E-02   9.35188937E+08   9.53559949E+08   9.53559949E+08   8.47549479E+08   1.11018958E+09   1.11018958E+09
   2.72000000E-02   9.18095135E+08   9.36120692E+08   9.36120692E+08   8.32125804E+08   1.09028868E+09   1.09028868E+09
   2.74000000E-02   9.01325185E+08   9.19011860E+08   9.19011860E+08   8.16994139E+08   1.07076367E+09   1.07076367E+09
   2.76000000E-02   8.84870972E+08   9.02225174E+08   9.02225174E+08   8.02147172E+08   1.05160515E+09   1.05160515E+09
   2.78000000E-02   8.68724642E+08   8.85752619E+08   8.85752619E+08   7.87577820E+08   1.03280400E+09   1.03280400E+09
   2.80000000E-02   8.52878583E+08   8.69586429E+08   8.69586429E+08   7.73279223E+08   1.01435141E+09   1.01435141E+09
   2.82000000E-02   8.37325424E+08   8.53719081E+08   8.53719081E+08   7.59244736E+08   9.96238823E+08   9.96238823E+08
   2.84000000E-02   8.22058019E+08   8.38143287E+08   8.38143287E+08   7.45467918E+08   9.78457966E+08   9.78457966E+08
   2.86000000E-02   8.07069445E+08   8.22851981E+08   8.22851981E+08   7.31942528E+08   9.61000810E+08   9.61000810E+08
   2.88000000E-02   7.92352988E+08   8.07838314E+08   8.07838314E+08   7.18662514E+08   9.43859571E+08   9.43859571E+08
   2.90000000E-02   7.77902140E+08   7.93095644E+08   7.93095644E+08   7.05622010E+08   9.27026705E+08   9.27026705E+08
   2.92000000E-02   7.63710588E+08   7.78617532E+08   7.78617532E+08   6.92815324E+08   9.10494892E+08   9.10494892E+08
   2.94000000E-02   7.49772209E+08   7.64397727E+08   7.64397727E+08   6.80236936E+08   8.94257033E+08   8.94257033E+08
   2.96000000E-02   7.36081061E+08   7.50430170E+08   7.50430170E+08   6.67881491E+08   8.78306241E+08   8.78306241E+08
   2.98000000E-02   7.22631380E+08   7.36708976E+08   7.36708976E+08   6.55743792E+08   8.62635829E+08   8.62635829E+08
   3.00000000E-02   7.09417568E+08   7.23228437E+08   7.23228437E+08   6.43818793E+08   8.47239311E+08   8.47239311E+08
   3.02000000E-02   6.96434194E+08   7.09983009E+08   7.09983009E+08   6.32101598E+08   8.32110387E+08   8.32110387E+08
   3.04000000E-02   6.83675982E+08   6.96967311E+08   6.96967311E+08   6.20587452E+08   8.17242940E+08   8.17242940E+08
   3.06000000E-02   6.71137810E+08   6.84176115E+08   6.84176115E+08   6.09271735E+08   8.02631030E+08   8.02631030E+08
   3.08000000E-02   6.58814702E+08   6.71604344E+08   6.71604344E+08   5.98149963E+08   7.88268887E+08   7.88268887E+08
   3.10000000E-02   6.46701824E+08   6.59247065E+08   6.59247065E+08   5.87217777E+08   7.74150906E+08   7.74150906E+08
   3.12000000E-02   6.34794477E+08   6.47099487E+08   6.47099487E+08   5.76470942E+08   7.60271638E+08   7.60271638E+08
   3.14000000E-02   6.23088097E+08   6.35156950E+08   6.35156950E+08   5.65905344E+08   7.46625790E+08   7.46625790E+08
   3.16000000E-02   6.11578246E+08   6.23414927E+08   6.23414927E+08   5.55516980E+08   7.33208215E+08   7.33208215E+08
   3.18000000E-02   6.00260610E+08   6.11869015E+08   6.11869015E+08   5.45301962E+08   7.20013910E+08   7.20013910E+08
   3.20000000E-02   5.89130993E+08   6.00514936E+08   6.00514936E+08   5.35256509E+08   7.07038009E+08   7.07038009E+08
   3.22000000E-02   5.78185316E+08   5.89348524E+08   5.89348524E+08   5.25376940E+08   6.94275781E+08   6.94275781E+08
   3.24000000E-02   5.67419610E+08   5.78365733E+08   5.78365733E+08   5.15659680E+08   6.81722622E+08   6.81722622E+08
   3.26000000E-02   5.56830015E+08   5.67562621E+08   5.67562621E+08   5.06101247E+08   6.69374055E+08   6.69374055E+08
   3.28000000E-02   5.46412773E+08   5.56935357E+08   5.56935357E+08   4.96698254E+08   6.57225722E+08   6.57225722E+08
   3.30000000E-02   5.36164228E+08   5.46480209E+08   5.46480209E+08   4.87447406E+08   6.45273383E+08   6.45273383E+08
   3.32000000E-02   5.26080823E+08   5.36193548E+08   5.36193548E+08   4.78345494E+08   6.33512911E+08   6.33512911E+08
   3.34000000E-02   5.16159094E+08   5.26071839E+08   5.26071839E+08   4.69389396E+08   6.21940286E+08   6.21940286E+08
   3.36000000E-02   5.06395667E+08   5.16111640E+08   5.16111640E+08   4.60576070E+08   6.10551597E+08   6.10551597E+08
   3.38000000E-02   4.96787258E+08   5.06309602E+08   5.06309602E+08   4.51902556E+08   5.99343035E+08   5.99343035E+08
   3.40000000E-02   4.87330668E+08   4.96662459E+08   4.96662459E+08   4.43365969E+08   5.88310887E+08   5.88310887E+08
   3.42000000E-02   4.78022783E+08   4.87167033E+08   4.87167033E+08   4.34963502E+08   5.77451540E+08   5.77451540E+08
   3.44000000E-02   4.68860566E+08   4.77820228E+08   4.77820228E+08   4.26692416E+08   5.66761472E+08   5.66761472E+08
   3.46000000E-02   4.59841060E+08   4.68619025E+08   4.68619025E+08   4.18550046E+08   5.56237253E+08   5.56237253E+08
   3.48000000E-02   4.50961383E+08   4.59560483E+08   4.59560483E+08   4.10533793E+08   5.45875538E+08   5.45875538E+08
   3.50000000E-02   4.42218725E+08   4.50641737E+08   4.50641737E+08   4.02641124E+08   5.35673067E+08   5.35673067E+08
   3.52000000E-02   4.33610349E+08   4.41859992E+08   4.41859992E+08   3.94869571E+08   5.25626665E+08   5.25626665E+08
   3.54000000E-02   4.25133584E+08   4.33212526E+08   4.33212526E+08   3.87216726E+08   5.15733234E+08   5.15733234E+08
   3.56000000E-02   4.16785829E+08   4.24696681E+08   4.24696681E+08   3.79680243E+08   5.05989753E+08   5.05989753E+08
   3.58000000E-02   4.09089781E+08   4.16931377E+08   4.16931377E+08   3.72257833E+08   4.96393277E+08   4.96393277E+08
   3.60000000E-02   4.01800447E+08   4.09627116E+08   4.09627116E+08   3.64947264E+08   4.86940933E+08   4.86940933E+08
   3.62000000E-02   3.94619297E+08   4.02431047E+08   4.02431047E+08   3.57746359E+08   4.77629920E+08   4.77629920E+08
   3.64000000E-02   3.87544246E+08   3.95341085E+08   3.95341085E+08   3.50652993E+08   4.68457504E+08   4.68457504E+08
   3.66000000E-02   3.80573258E+08   3.88355197E+08   3.88355197E+08   3.43665094E+08   4.59421016E+08   4.59421016E+08
   3.68000000E-02   3.73704346E+08   3.81471396E+08   3.81471396E+08   3.36780639E+08   4.50517854E+08   4.50517854E+08
   3.70000000E-02   3.66935571E+08   3.74687747E+08   3.74687747E+08   3.29997655E+08   4.41745478E+08   4.41745478E+08
   3.72000000E-02   3.60265041E+08   3.68002356E+08   3.68002356E+08   3.23314215E+08   4.33101407E+08   4.33101407E+08
   3.74000000E-02   3.53690908E+08   3.61413378E+08   3.61413378E+08   3.16728438E+08   4.24583221E+08   4.24583221E+08
   3.76000000E-02   3.47211368E+08   3.54919011E+08   3.54919011E+08   3.10238487E+08   4.16188557E+08   4.16188557E+08
   3.78000000E-02   3.40824660E+08   3.48517493E+08   3.48517493E+08   3.03842571E+08   4.07915105E+08   4.07915105E+08
   3.80000000E-02   3.34529062E+08   3.42207106E+08   3.42207106E+08   2.97538937E+08   3.99760614E+08   3.99760614E+08
   3.82000000E-02   3.28322894E+08   3.35986169E+08   3.35986169E+08   2.91325877E+08   3.91722880E+08   3.91722880E+08
   3.84000000E-02   3.22204515E+08   3.29853043E+08   3.29853043E+08   2.85201718E+08   3.83799754E+08   3.83799754E+08
   3.86000000E-02   3.16172321E+08   3.23806125E+08   3.23806125E+08   2.79164831E+08   3.75989136E+08   3.75989136E+08
   3.88000000E-02   3.10988886E+08   3.18548807E+08   3.18548807E+08   2.74310323E+08   3.69587480E+08   3.69587480E+08
   3.90000000E-02   3.06354695E+08   3.13804655E+08   3.13804655E+08   2.70208908E+08   3.64085123E+08   3.64085123E+08
   3.92000000E-02   3.01783259E+08   3.09124742E+08   3.09124742E+08   2.66163057E+08   3.58657269E+08   3.58657269E+08
   3.94000000E-02   2.97273466E+08   3.04507930E+08   3.04507930E+08   2.62171786E+08   3.53302598E+08   3.53302598E+08
   3.96000000E-02   2.92824228E+08   2.99953105E+08   2.99953105E+08   2.58234132E+08   3.48019818E+08   3.48019818E+08
   3.98000000E-02   2.88434482E+08   2.95459180E+08   2.95459180E+08   2.54349152E+08   3.42807667E+08   3.42807667E+08
   4.00000000E-02   2.84103188E+08   2.91025090E+08   2.91025090E+08   2.50515927E+08   3.37664911E+08   3.37664911E+08
   4.02000000E-02   2.79829330E+08   2.86649794E+08   2.86649794E+08   2.46733555E+08   3.32590342E+08   3.32590342E+08
   4.04000000E-02   2.75611913E+08   2.82332275E+08   2.82332275E+08   2.43001155E+08   3.27582780E+08   3.27582780E+08
   4.06000000E-02   2.71449963E+08   2.78071535E+08   2.78071535E+08   2.39317867E+08   3.22641070E+08   3.22641070E+08
   4.08000000E-02   2.67342530E+08   2.73866601E+08   2.73866601E+08   2.35682847E+08   3.17764082E+08   3.17764082E+08
   4.10000000E-02   2.63288681E+08   2.69716519E+08   2.69716519E+08   2.32095270E+08   3.12950710E+08   3.12950710E+08
   4.12000000E-02   2.59287506E+08   2.65620357E+08   2.65620357E+08   2.28554330E+08   3.08199872E+08   3.08199872E+08
   4.14000000E-02   2.55338113E+08   2.61577203E+08   2.61577203E+08   2.25059237E+08   3.03510511E+08   3.03510511E+08
   4.16000000E-02   2.51439629E+08   2.57586161E+08   2.57586161E+08   2.21609218E+08   2.98881589E+08   2.98881589E+08
   4.18000000E-02   2.47591199E+08   2.53646359E+08   2.53646359E+08   2.18203517E+08   2.94312094E+08   2.94312094E+08
   4.20000000E-02   2.43791989E+08   2.49756941E+08   2.49756941E+08   2.14841392E+08   2.89801031E+08   2.89801031E+08
   4.22000000E-02   2.40041178E+08   2.45917067E+08   2.45917067E+08   2.11522120E+08   2.85347430E+08   2.85347430E+08
   4.24000000E-02   2.36337966E+08   2.42125919E+08   2.42125919E+08   2.08244990E+08   2.80950338E+08   2.80950338E+08
   4.26000000E-02   2.32681568E+08   2.38382692E+08   2.38382692E+08   2.05009307E+08   2.76608824E+08   2.76608824E+08
   4.28000000E-02   2.29071215E+08   2.34686600E+08   2.34686600E+08   2.01814392E+08   2.72321976E+08   2.72321976E+08
   4.30000000E-02   2.25506155E+08   2.31036872E+08   2.31036872E+08   1.98659576E+08   2.68088901E+08   2.68088901E+08
   4.32000000E-02   2.21985650E+08   2.27432753E+08   2.27432753E+08   1.95544208E+08   2.63908722E+08   2.63908722E+08
   4.34000000E-02   2.18508977E+08   2.23873506E+08   2.23873506E+08   1.92467648E+08   2.59780583E+08   2.59780583E+08
   4.36000000E-02   2.15075431E+08   2.20358404E+08   2.20358404E+08   1.89429269E+08   2.55703644E+08   2.55703644E+08
   4.38000000E-02   2.11684317E+08   2.16886740E+08   2.16886740E+08   1.86428458E+08   2.51677081E+08   2.51677081E+08
   4.40000000E-02   2.08334957E+08   2.13457817E+08   2.13457817E+08   1.83464614E+08   2.47700090E+08   2.47700090E+08
   4.42000000E-02   2.05026685E+08   2.10070955E+08   2.10070955E+08   1.80537146E+08   2.43771879E+08   2.43771879E+08
   4.44000000E-02   2.01758849E+08   2.06725485E+08   2.06725485E+08   1.77645478E+08   2.39891676E+08   2.39891676E+08
   4.46000000E-02   1.98530810E+08   2.03420755E+08   2.03420755E+08   1.74789044E+08   2.36058720E+08   2.36058720E+08
   4.48000000E-02   1.95341942E+08   2.00156122E+08   2.00156122E+08   1.71967289E+08   2.32272268E+08   2.32272268E+08
   4.50000000E-02   1.92191629E+08   1.96930959E+08   1.96930959E+08   1.69179669E+08   2.28531592E+08   2.28531592E+08
   4.52000000E-02   1.89079271E+08   1.93744648E+08   1.93744648E+08   1.66425651E+08   2.24835976E+08   2.24835976E+08
   4.54000000E-02   1.86004278E+08   1.90596586E+08   1.90596586E+08   1.63704712E+08   2.21184721E+08   2.21184721E+08
   4.56000000E-02   1.82966070E+08   1.87486180E+08   1.87486180E+08   1.61016341E+08   2.17577138E+08   2.17577138E+08
   4.58000000E-02   1.79964080E+08   1.84412849E+08   1.84412849E+08   1.58360034E+08   2.14012555E+08   2.14012555E+08
   4.60000000E-02   1.76997752E+08   1.81376025E+08   1.81376025E+08   1.55735300E+08   2.10490311E+08   2.10490311E+08
   4.62000000E-02   1.74066539E+08   1.78375148E+08   1.78375148E+08   1.53141654E+08   2.07009758E+08   2.07009758E+08
   4.64000000E-02   1.71169908E+08   1.75409670E+08   1.75409670E+08   1.50578622E+08   2.03570261E+08   2.03570261E+08
   4.66000000E-02   1.68307333E+08   1.72479055E+08   1.72479055E+08   1.48045741E+08   2.00171196E+08   2.00171196E+08
   4.68000000E-02   1.65478298E+08   1.69582774E+08   1.69582774E+08   1.45542553E+08   1.96811951E+08   1.96811951E+08
   4.70000000E-02   1.62682298E+08   1.66720311E+08   1.66720311E+08   1.43068612E+08   1.93491928E+08   1.93491928E+08
   4.72000000E-02   1.59918839E+08   1.63891159E+08   1.63891159E+08   1.40623478E+08   1.90210538E+08   1.90210538E+08
   4.74000000E-02   1.57187433E+08   1.61094818E+08   1.61094818E+08   1.38206721E+08   1.86967203E+08   1.86967203E+08
   4.76000000E-02   1.54487603E+08   1.58330802E+08   1.58330802E+08   1.35817918E+08   1.83761356E+08   1.83761356E+08
   4.78000000E-02   1.51818881E+08   1.55598630E+08   1.55598630E+08   1.33456655E+08   1.80592443E+08   1.80592443E+08
   4.80000000E-02   1.49180808E+08   1.52897831E+08   1.52897831E+08   1.31122524E+08   1.77459916E+08   1.77459916E+08
   4.82000000E-02   1.46572931E+08   1.50227945E+08   1.50227945E+08   1.28815126E+08   1.74363240E+08   1.74363240E+08
   4.84000000E-02   1.43994808E+08   1.47588518E+08   1.47588518E+08   1.26534069E+08   1.71301890E+08   1.71301890E+08
   4.86000000E-02   1.41446005E+08   1.44979104E+08   1.44979104E+08   1.24278967E+08   1.68275350E+08   1.68275350E+08
   4.88000000E-02   1.38926095E+08   1.42399268E+08   1.42399268E+08   1.22049444E+08   1.65283112E+08   1.65283112E+08
   4.90000000E-02   1.36434658E+08   1.39848579E+08   1.39848579E+08   1.19845127E+08   1.62324680E+08   1.62324680E+08
   4.92000000E-02   1.33971284E+08   1.37326617E+08   1.37326617E+08   1.17665654E+08   1.59399566E+08   1.59399566E+08
   4.94000000E-02   1.31535568E+08   1.34832969E+08   1.34832969E+08   1.15510665E+08   1.56507288E+08   1.56507288E+08
   4.96000000E-02   1.29127114E+08   1.32367229E+08   1.32367229E+08   1.13379810E+08   1.53647378E+08   1.53647378E+08
   4.98000000E-02   1.26745532E+08   1.29928997E+08   1.29928997E+08   1.11272745E+08   1.50819372E+08   1.50819372E+08
   5.00000000E-02   1.24390440E+08   1.27517882E+08   1.27517882E+08   1.09189129E+08   1.48022816E+08   1.48022816E+08
   5.02000000E-02   1.22061462E+08   1.25133500E+08   1.25133500E+08   1.07128631E+08   1.45257264E+08   1.45257264E+08
   5.04000000E-02   1.19758229E+08   1.22775472E+08   1.22775472E+08   1.05090924E+08   1.42522278E+08   1.42522278E+08
   5.06000000E-02   1.17480379E+08   1.20443428E+08   1.20443428E+08   1.03075686E+08   1.39817428E+08   1.39817428E+08
   5.08000000E-02   1.15227554E+08   1.18137003E+08   1.18137003E+08   1.01082603E+08   1.37142290E+08   1.37142290E+08
   5.10000000E-02   1.12999406E+08   1.15855839E+08   1.15855839E+08   9.91113635E+07   1.34496449E+08   1.34496449E+08
   5.12000000E-02   1.10795590E+08   1.13599584E+08   1.13599584E+08   9.71616644E+07   1.31879497E+08   1.31879497E+08
   5.14000000E-02   1.08615769E+08   1.11367891E+08   1.11367891E+08   9.52332062E+07   1.29291034E+08   1.29291034E+08
   5.16000000E-02   1.06459610E+08   1.09160422E+08   1.09160422E+08   9.33256949E+07   1.26730664E+08   1.26730664E+08
   5.18000000E-02   1.04326788E+08   1.06976842E+08   1.06976842E+08   9.14388417E+07   1.24198001E+08   1.24198001E+08
   5.20000000E-02   1.02216981E+08   1.04816823E+08   1.04816823E+08   8.95723627E+07   1.21692663E+08   1.21692663E+08
   5.22000000E-02   1.00129876E+08   1.02680043E+08   1.02680043E+08   8.77259789E+07   1.19214278E+08   1.19214278E+08
   5.24000000E-02   9.80651611E+07   1.00566184E+08   1.00566184E+08   8.58994160E+07   1.16762477E+08   1.16762477E+08
   5.26000000E-02   9.60225330E+07   9.84749348E+07   9.84749348E+07   8.40924046E+07   1.14336898E+08   1.14336898E+08
   5.28000000E-02   9.40016922E+07   9.64059893E+07   9.64059893E+07   8.23046795E+07   1.11937187E+08   1.11937187E+08
   5.30000000E-02   9.20023445E+07   9.43590461E+07   9.43590461E+07   8.05359804E+07   1.09562994E+08   1.09562994E+08
   5.32000000E-02   9.00242007E+07   9.23338092E+07   9.23338092E+07   7.87860511E+07   1.07213976E+08   1.07213976E+08
   5.34000000E-02   8.80669763E+07   9.03299875E+07   9.03299875E+07   7.70546399E+07   1.04889796E+08   1.04889796E+08
   5.36000000E-02   8.61303918E+07   8.83472947E+07   8.83472947E+07   7.53414990E+07   1.02590120E+08   1.02590120E+08
   5.38000000E-02   8.42141722E+07   8.63854493E+07   8.63854493E+07   7.36463851E+07   1.00314623E+08   1.00314623E+08
   5.40000000E-02   8.23180471E+07   8.44441747E+07   8.44441747E+07   7.19690588E+07   9.80629845E+07   9.80629845E+07
   5.42000000E-02   8.04417505E+07   8.25231984E+07   8.25231984E+07   7.03092846E+07   9.58348877E+07   9.58348877E+07
   5.44000000E-02   7.85850210E+07   8.06222530E+07   8.06222530E+07   6.86668309E+07   9.36300225E+07   9.36300225E+07
   5.46000000E-02   7.67476014E+07   7.87410750E+07   7.87410750E+07   6.70414700E+07   9.14480835E+07   9.14480835E+07
   5.48000000E-02   7.49292386E+07   7.68794054E+07   7.68794054E+07   6.54329779E+07   8.92887705E+07   8.92887705E+07
   5.50000000E-02   7.31296837E+07   7.50369896E+07   7.50369896E+07   6.38411343E+07   8.71517878E+07   8.71517878E+07
   5.52000000E-02   7.13486920E+07   7.32135768E+07   7.32135768E+07   6.22657223E+07   8.50368449E+07   8.50368449E+07
   5.54000000E-02   6.95860226E+07   7.14089206E+07   7.14089206E+07   6.07065287E+07   8.29436559E+07   8.29436559E+07
   5.56000000E-02   6.78414385E+07   6.96227784E+07   6.96227784E+07   5.91633437E+07   8.08719394E+07   8.08719394E+07
   5.58000000E-02   6.61147066E+07   6.78549115E+07   6.78549115E+07   5.76359609E+07   7.88214186E+07   7.88214186E+07
   5.60000000E-02   6.44055975E+07   6.61050852E+07   6.61050852E+07   5.61241772E+07   7.67918212E+07   7.67918212E+07
   5.62000000E-02   6.27138856E+07   6.43730682E+07   6.43730682E+07   5.46277927E+07   7.47828793E+07   7.47828793E+07
   5.64000000E-02   6.10393485E+07   6.26586334E+07   6.26586334E+07   5.31466108E+07   7.27943291E+07   7.27943291E+07
   5.66000000E-02   5.93817679E+07   6.09615569E+07   6.09615569E+07   5.16804379E+07   7.08259110E+07   7.08259110E+07
   5.68000000E-02   5.78385785E+07   5.93717056E+07   5.93717056E+07   5.03700010E+07   6.90601187E+07   6.90601187E+07
   5.70000000E-02   5.68730663E+07   5.83164630E+07   5.83164630E+07   4.98840648E+07   6.83659788E+07   6.83659788E+07
   5.72000000E-02   5.59169676E+07   5.72715558E+07   5.72715558E+07   4.94026059E+07   6.76782700E+07   6.76782700E+07
   5.74000000E-02   5.50123678E+07   5.62867930E+07   5.62867930E+07   4.89255701E+07   6.69969142E+07   6.69969142E+07
   5.76000000E-02   5.44698541E+07   5.57296985E+07   5.57296985E+07   4.84529040E+07   6.63218344E+07   6.63218344E+07
   5.78000000E-02   5.39323089E+07   5.51777086E+07   5.51777086E+07   4.79845547E+07   6.56529547E+07   6.56529547E+07
   5.80000000E-02   5.33996726E+07   5.46307618E+07   5.46307618E+07   4.75204706E+07   6.49902006E+07   6.49902006E+07
   5.82000000E-02   5.28718862E+07   5.40887977E+07   5.40887977E+07   4.70606004E+07   6.43334983E+07   6.43334983E+07
   5.84000000E-02   5.23488918E+07   5.35517567E+07   5.35517567E+07   4.66048939E+07   6.36827757E+07   6.36827757E+07
   5.86000000E-02   5.18306324E+07   5.30195802E+07   5.30195802E+07   4.61533016E+07   6.30379613E+07   6.30379613E+07
   5.88000000E-02   5.13170516E+07   5.24922103E+07   5.24922103E+07   4.57057747E+07   6.23989849E+07   6.23989849E+07
   5.90000000E-02   5.08080942E+07   5.19695902E+07   5.19695902E+07   4.52622651E+07   6.17657772E+07   6.17657772E+07
   5.92000000E-02   5.03037055E+07   5.14516638E+07   5.14516638E+07   4.48227254E+07   6.11382702E+07   6.11382702E+07
   5.94000000E-02   4.98038318E+07   5.09383760E+07   5.09383760E+07   4.43871090E+07   6.05163967E+07   6.05163967E+07
   5.96000000E-02   4.93084201E+07   5.04296721E+07   5.04296721E+07   4.39553700E+07   5.99000906E+07   5.99000906E+07
   5.98000000E-02   4.88174184E+07   4.99254988E+07   4.99254988E+07   4.35274631E+07   5.92892866E+07   5.92892866E+07
   6.00000000E-02   4.83307752E+07   4.94258031E+07   4.94258031E+07   4.31033437E+07   5.86839206E+07   5.86839206E+07
   6.02000000E-02   4.78484398E+07   4.89305331E+07   4.89305331E+07   4.26829677E+07   5.80839293E+07   5.80839293E+07
   6.04000000E-02   4.73703624E+07   4.84396374E+07   4.84396374E+07   4.22662921E+07   5.74892504E+07   5.74892504E+07
   6.06000000E-02   4.68964938E+07   4.79530656E+07   4.79530656E+07   4.18532739E+07   5.68998225E+07   5.68998225E+07
   6.08000000E-02   4.64267855E+07   4.74707678E+07   4.74707678E+07   4.14438713E+07   5.63155850E+07   5.63155850E+07
   6.10000000E-02   4.59611898E+07   4.69926950E+07   4.69926950E+07   4.10380427E+07   5.57364783E+07   5.57364783E+07
   6.12000000E-02   4.54996597E+07   4.65187988E+07   4.65187988E+07   4.06357474E+07   5.51624436E+07   5.51624436E+07
   6.14000000E-02   4.50421487E+07   4.60490316E+07   4.60490316E+07   4.02369450E+07   5.45934229E+07   5.45934229E+07
   6.16000000E-02   4.45886112E+07   4.55833464E+07   4.55833464E+07   3.98415958E+07   5.40293593E+07   5.40293593E+07
   6.18000000E-02   4.41390021E+07   4.51216969E+07   4.51216969E+07   3.94496609E+07   5.34701963E+07   5.34701963E+07
   6.20000000E-02   4.36932770E+07   4.46640375E+07   4.46640375E+07   3.90611015E+07   5.29158785E+07   5.29158785E+07
   6.22000000E-02   4.32513920E+07   4.42103231E+07   4.42103231E+07   3.86758798E+07   5.23663513E+07   5.23663513E+07
   6.24000000E-02   4.28133042E+07   4.37605095E+07   4.37605095E+07   3.82939583E+07   5.18215607E+07   5.18215607E+07
   6.26000000E-02   4.23789708E+07   4.33145530E+07   4.33145530E+07   3.79153000E+07   5.12814536E+07   5.12814536E+07
   6.28000000E-02   4.19483499E+07   4.28724103E+07   4.28724103E+07   3.75398685E+07   5.07459775E+07   5.07459775E+07
   6.30000000E-02   4.15214003E+07   4.24340391E+07   4.24340391E+07   3.71676279E+07   5.02150809E+07   5.02150809E+07
   6.32000000E-02   4.10980811E+07   4.19993975E+07   4.19993975E+07   3.67985429E+07   4.96887128E+07   4.96887128E+07
   6.34000000E-02   4.06783521E+07   4.15684440E+07   4.15684440E+07   3.64325785E+07   4.91668230E+07   4.91668230E+07
   6.36000000E-02   4.02621737E+07   4.11411380E+07   4.11411380E+07   3.60697003E+07   4.86493619E+07   4.86493619E+07
   6.38000000E-02   3.98495068E+07   4.07174394E+07   4.07174394E+07   3.57098743E+07   4.81362808E+07   4.81362808E+07
   6.40000000E-02   3.94403128E+07   4.02973084E+07   4.02973084E+07   3.53530672E+07   4.76275315E+07   4.76275315E+07
   6.42000000E-02   3.90345538E+07   3.98807061E+07   3.98807061E+07   3.49992459E+07   4.71230664E+07   4.71230664E+07
   6.44000000E-02   3.86321921E+07   3.94675940E+07   3.94675940E+07   3.46483779E+07   4.66228389E+07   4.66228389E+07
   6.46000000E-02   3.82331910E+07   3.90579339E+07   3.90579339E+07   3.43004310E+07   4.61268027E+07   4.61268027E+07
   6.48000000E-02   3.78375137E+07   3.86516885E+07   3.86516885E+07   3.39553737E+07   4.56349122E+07   4.56349122E+07
   6.50000000E-02   3.74451245E+07   3.82488207E+07   3.82488207E+07   3.36131746E+07   4.51471225E+07   4.51471225E+07
   6.52000000E-02   3.70559878E+07   3.78492942E+07   3.78492942E+07   3.32738030E+07   4.46633894E+07   4.46633894E+07
   6.54000000E-02   3.66700686E+07   3.74530730E+07   3.74530730E+07   3.29372284E+07   4.41836690E+07   4.41836690E+07
   6.56000000E-02   3.62873325E+07   3.70601215E+07   3.70601215E+07   3.26034210E+07   4.37079183E+07   4.37079183E+07
   6.58000000E-02   3.59077452E+07   3.66704049E+07   3.66704049E+07   3.22723511E+07   4.32360947E+07   4.32360947E+07
   6.60000000E-02   3.55312733E+07   3.62838884E+07   3.62838884E+07   3.19439895E+07   4.27681564E+07   4.27681564E+07
   6.62000000E-02   3.51578835E+07   3.59005382E+07   3.59005382E+07   3.16183076E+07   4.23040617E+07   4.23040617E+07
   6.64000000E-02   3.47875432E+07   3.55203206E+07   3.55203206E+07   3.12952768E+07   4.18437700E+07   4.18437700E+07
   6.66000000E-02   3.44202201E+07   3.51432024E+07   3.51432024E+07   3.09748692E+07   4.13872410E+07   4.13872410E+07
   6.68000000E-02   3.40558824E+07   3.47691509E+07   3.47691509E+07   3.06570571E+07   4.09344347E+07   4.09344347E+07
   6.70000000E-02   3.36944986E+07   3.43981338E+07   3.43981338E+07   3.03418133E+07   4.04853121E+07   4.04853121E+07
   6.72000000E-02   3.33360377E+07   3.40301193E+07   3.40301193E+07   3.00291107E+07   4.00398344E+07   4.00398344E+07
   6.74000000E-02   3.29804692E+07   3.36650760E+07   3.36650760E+07   2.97189230E+07   3.95979635E+07   3.95979635E+07
   6.76000000E-02   3.26277628E+07   3.33029727E+07   3.33029727E+07   2.94112238E+07   3.91596615E+07   3.91596615E+07
   6.78000000E-02   3.22778887E+07   3.29437790E+07   3.29437790E+07   2.91059872E+07   3.87248913E+07   3.87248913E+07
   6.80000000E-02   3.19308177E+07   3.25874646E+07   3.25874646E+07   2.88031878E+07   3.82936162E+07   3.82936162E+07
   6.82000000E-02   3.15865205E+07   3.22339996E+07   3.22339996E+07   2.85028004E+07   3.78657999E+07   3.78657999E+07
   6.84000000E-02   3.12449686E+07   3.18833546E+07   3.18833546E+07   2.82048000E+07   3.74414067E+07   3.74414067E+07
   6.86000000E-02   3.09061337E+07   3.15355007E+07   3.15355007E+07   2.79091622E+07   3.70204012E+07   3.70204012E+07
   6.88000000E-02   3.05699880E+07   3.11904091E+07   3.11904091E+07   2.76158626E+07   3.66027487E+07   3.66027487E+07
   6.90000000E-02   3.02365037E+07   3.08480515E+07   3.08480515E+07   2.73248775E+07   3.61884147E+07   3.61884147E+07
   6.92000000E-02   2.99056539E+07   3.05083999E+07   3.05083999E+07   2.70361830E+07   3.57773653E+07   3.57773653E+07
   6.94000000E-02   2.95774116E+07   3.01714269E+07   3.01714269E+07   2.67497561E+07   3.53695669E+07   3.53695669E+07
   6.96000000E-02   2.92517503E+07   2.98371051E+07   2.98371051E+07   2.64655736E+07   3.49649865E+07   3.49649865E+07
   6.98000000E-02   2.89286438E+07   2.95054077E+07   2.95054077E+07   2.61836128E+07   3.45635914E+07   3.45635914E+07
   7.00000000E-02   2.86080664E+07   2.91763081E+07   2.91763081E+07   2.59038513E+07   3.41653493E+07   3.41653493E+07
   7.02000000E-02   2.82899925E+07   2.88497803E+07   2.88497803E+07   2.56262670E+07   3.37702285E+07   3.37702285E+07
   7.04000000E-02   2.79743970E+07   2.85257981E+07   2.85257981E+07   2.53508380E+07   3.33781974E+07   3.33781974E+07
   7.06000000E-02   2.76612550E+07   2.82043363E+07   2.82043363E+07   2.50775427E+07   3.29892251E+07   3.29892251E+07
   7.08000000E-02   2.73505419E+07   2.78853694E+07   2.78853694E+07   2.48063597E+07   3.26032808E+07   3.26032808E+07
   7.10000000E-02   2.70422335E+07   2.75688726E+07   2.75688726E+07   2.45372681E+07   3.22203344E+07   3.22203344E+07
   7.12000000E-02   2.67363059E+07   2.72548214E+07   2.72548214E+07   2.42702471E+07   3.18403560E+07   3.18403560E+07
   7.14000000E-02   2.64327355E+07   2.69431914E+07   2.69431914E+07   2.40052761E+07   3.14633160E+07   3.14633160E+07
   7.16000000E-02   2.61314988E+07   2.66339587E+07   2.66339587E+07   2.37423348E+07   3.10891853E+07   3.10891853E+07
   7.18000000E-02   2.58325729E+07   2.63270995E+07   2.63270995E+07   2.34814033E+07   3.07179351E+07   3.07179351E+07
   7.20000000E-02   2.55359350E+07   2.60225905E+07   2.60225905E+07   2.32224618E+07   3.03495370E+07   3.03495370E+07
   7.22000000E-02   2.52415625E+07   2.57204086E+07   2.57204086E+07   2.29654907E+07   2.99839629E+07   2.99839629E+07
   7.24000000E-02   2.49494334E+07   2.54205310E+07   2.54205310E+07   2.27104708E+07   2.96211852E+07   2.96211852E+07
   7.26000000E-02   2.46595256E+07   2.51229351E+07   2.51229351E+07   2.24573829E+07   2.92611763E+07   2.92611763E+07
   7.28000000E-02   2.43718175E+07   2.48275986E+07   2.48275986E+07   2.22062084E+07   2.89039094E+07   2.89039094E+07
   7.30000000E-02   2.40862878E+07   2.45344996E+07   2.45344996E+07   2.19569286E+07   2.85493576E+07   2.85493576E+07
   7.32000000E-02   2.38029151E+07   2.42436164E+07   2.42436164E+07   2.17095251E+07   2.81974945E+07   2.81974945E+07
   7.34000000E-02   2.35216788E+07   2.39549275E+07   2.39549275E+07   2.14639798E+07   2.78482942E+07   2.78482942E+07
   7.36000000E-02   2.32425580E+07   2.36684117E+07   2.36684117E+07   2.12202748E+07   2.75017309E+07   2.75017309E+07
   7.38000000E-02   2.29655326E+07   2.33840481E+07   2.33840481E+07   2.09783925E+07   2.71577790E+07   2.71577790E+07
   7.40000000E-02   2.26905823E+07   2.31018160E+07   2.31018160E+07   2.07383152E+07   2.68164135E+07   2.68164135E+07
   7.42000000E-02   2.24176872E+07   2.28216949E+07   2.28216949E+07   2.05000257E+07   2.64776096E+07   2.64776096E+07
   7.44000000E-02   2.21468277E+07   2.25436647E+07   2.25436647E+07   2.02635071E+07   2.61413427E+07   2.61413427E+07
   7.46000000E-02   2.18779844E+07   2.22677054E+07   2.22677054E+07   2.00287423E+07   2.58075886E+07   2.58075886E+07
   7.48000000E-02   2.16111380E+07   2.19937973E+07   2.19937973E+07   1.97957148E+07   2.54763233E+07   2.54763233E+07
   7.50000000E-02   2.13462698E+07   2.17219209E+07   2.17219209E+07   1.95644080E+07   2.51475232E+07   2.51475232E+07
   7.52000000E-02   2.10833608E+07   2.14520571E+07   2.14520571E+07   1.93348057E+07   2.48211649E+07   2.48211649E+07
   7.54000000E-02   2.08223926E+07   2.11841867E+07   2.11841867E+07   1.91068919E+07   2.44972253E+07   2.44972253E+07
   7.56000000E-02   2.05633469E+07   2.09182909E+07   2.09182909E+07   1.88806506E+07   2.41756815E+07   2.41756815E+07
   7.58000000E-02   2.03062057E+07   2.06543513E+07   2.06543513E+07   1.86560662E+07   2.38565111E+07   2.38565111E+07
   7.60000000E-02   2.00509511E+07   2.03923495E+07   2.03923495E+07   1.84331231E+07   2.35396917E+07   2.35396917E+07
   7.62000000E-02   1.97975653E+07   2.01322673E+07   2.01322673E+07   1.82118060E+07   2.32252013E+07   2.32252013E+07
   7.64000000E-02   1.95460311E+07   1.98740868E+07   1.98740868E+07   1.79920997E+07   2.29130181E+07   2.29130181E+07
   7.66000000E-02   1.92963311E+07   1.96177903E+07   1.96177903E+07   1.77739894E+07   2.26031206E+07   2.26031206E+07
   7.68000000E-02   1.90484483E+07   1.93633603E+07   1.93633603E+07   1.75574601E+07   2.22954875E+07   2.22954875E+07
   7.70000000E-02   1.88023659E+07   1.91107795E+07   1.91107795E+07   1.73424972E+07   2.19900978E+07   2.19900978E+07
   7.72000000E-02   1.85580672E+07   1.88600307E+07   1.88600307E+07   1.71290863E+07   2.16869308E+07   2.16869308E+07
   7.74000000E-02   1.83155358E+07   1.86110972E+07   1.86110972E+07   1.69172131E+07   2.13859659E+07   2.13859659E+07
   7.76000000E-02   1.80747553E+07   1.83639621E+07   1.83639621E+07   1.67068635E+07   2.10871828E+07   2.10871828E+07
   7.78000000E-02   1.78357098E+07   1.81186090E+07   1.81186090E+07   1.64980234E+07   2.07905614E+07   2.07905614E+07
   7.80000000E-02   1.75983834E+07   1.78750215E+07   1.78750215E+07   1.62906792E+07   2.04960819E+07   2.04960819E+07
   7.82000000E-02   1.73627602E+07   1.76331835E+07   1.76331835E+07   1.60848171E+07   2.02037248E+07   2.02037248E+07
   7.84000000E-02   1.71288249E+07   1.73930791E+07   1.73930791E+07   1.58804237E+07   1.99134705E+07   1.99134705E+07
   7.86000000E-02   1.68965620E+07   1.71546924E+07   1.71546924E+07   1.56774855E+07   1.96253000E+07   1.96253000E+07
   7.88000000E-02   1.66659564E+07   1.69180079E+07   1.69180079E+07   1.54759896E+07   1.93391944E+07   1.93391944E+07
   7.90000000E-02   1.64369930E+07   1.66830102E+07   1.66830102E+07   1.52759227E+07   1.90551348E+07   1.90551348E+07
   7.92000000E-02   1.62096571E+07   1.64496839E+07   1.64496839E+07   1.50772720E+07   1.87731028E+07   1.87731028E+07
   7.94000000E-02   1.59839339E+07   1.62180141E+07   1.62180141E+07   1.48800247E+07   1.84930801E+07   1.84930801E+07
   7.96000000E-02   1.57598090E+07   1.59879859E+07   1.59879859E+07   1.46841684E+07   1.82150486E+07   1.82150486E+07
   7.98000000E-02   1.55372681E+07   1.57595845E+07   1.57595845E+07   1.44896904E+07   1.79389904E+07   1.79389904E+07
   8.00000000E-02   1.53162968E+07   1.55327953E+07   1.55327953E+07   1.42965785E+07   1.76648877E+07   1.76648877E+07
   8.02000000E-02   1.50968813E+07   1.53076039E+07   1.53076039E+07   1.41048206E+07   1.73927231E+07   1.73927231E+07
   8.04000000E-02   1.48790076E+07   1.50839962E+07   1.50839962E+07   1.39144045E+07   1.71224793E+07   1.71224793E+07
   8.06000000E-02   1.46626621E+07   1.48619580E+07   1.48619580E+07   1.37253183E+07   1.68541392E+07   1.68541392E+07
   8.08000000E-02   1.44478311E+07   1.46414753E+07   1.46414753E+07   1.35375503E+07   1.65876859E+07   1.65876859E+07
   8.10000000E-02   1.42345014E+07   1.44225345E+07   1.44225345E+07   1.33510888E+07   1.63231026E+07   1.63231026E+07
   8.12000000E-02   1.40226596E+07   1.42051219E+07   1.42051219E+07   1.31659224E+07   1.60603728E+07   1.60603728E+07
   8.14000000E-02   1.38122925E+07   1.39892240E+07   1.39892240E+07   1.29820395E+07   1.57994801E+07   1.57994801E+07
   8.16000000E-02   1.36033874E+07   1.37748274E+07   1.37748274E+07   1.27994290E+07   1.55404084E+07   1.55404084E+07
   8.18000000E-02   1.33959312E+07   1.35619191E+07   1.35619191E+07   1.26180796E+07   1.52831416E+07   1.52831416E+07
   8.20000000E-02   1.31899114E+07   1.33504860E+07   1.33504860E+07   1.24379805E+07   1.50276639E+07   1.50276639E+07
   8.22000000E-02   1.29853153E+07   1.31405152E+07   1.31405152E+07   1.22591206E+07   1.47739597E+07   1.47739597E+07
   8.24000000E-02   1.27821306E+07   1.29319940E+07   1.29319940E+07   1.20814892E+07   1.45220135E+07   1.45220135E+07
   8.26000000E-02   1.25803451E+07   1.27249096E+07   1.27249096E+07   1.19050756E+07   1.42718099E+07   1.42718099E+07
   8.28000000E-02   1.23799465E+07   1.25192498E+07   1.25192498E+07   1.17298692E+07   1.40233338E+07   1.40233338E+07
   8.30000000E-02   1.21809228E+07   1.23150020E+07   1.23150020E+07   1.15558598E+07   1.37765703E+07   1.37765703E+07
   8.32000000E-02   1.19832622E+07   1.21121542E+07   1.21121542E+07   1.13830368E+07   1.35315044E+07   1.35315044E+07
   8.34000000E-02   1.18049879E+07   1.19273325E+07   1.19273325E+07   1.12379720E+07   1.33340228E+07   1.33340228E+07
   8.36000000E-02   1.16598709E+07   1.17732400E+07   1.17732400E+07   1.11409568E+07   1.32189142E+07   1.32189142E+07
   8.38000000E-02   1.15157252E+07   1.16201823E+07   1.16201823E+07   1.10445718E+07   1.31045535E+07   1.31045535E+07
   8.40000000E-02   1.13725425E+07   1.14681506E+07   1.14681506E+07   1.09488118E+07   1.29909342E+07   1.29909342E+07
   8.42000000E-02   1.12303147E+07   1.13171362E+07   1.13171362E+07   1.08536715E+07   1.28780503E+07   1.28780503E+07
   8.44000000E-02   1.10890336E+07   1.11671305E+07   1.11671305E+07   1.07591457E+07   1.27658955E+07   1.27658955E+07
   8.46000000E-02   1.09486913E+07   1.10181249E+07   1.10181249E+07   1.06652294E+07   1.26544637E+07   1.26544637E+07
   8.48000000E-02   1.08092798E+07   1.08701110E+07   1.08701110E+07   1.05719173E+07   1.25437490E+07   1.25437490E+07
   8.50000000E-02   1.06707913E+07   1.07230804E+07   1.07230804E+07   1.04792046E+07   1.24337454E+07   1.24337454E+07
   8.52000000E-02   1.05332181E+07   1.05770249E+07   1.05770249E+07   1.03870862E+07   1.23244469E+07   1.23244469E+07
   8.54000000E-02   1.03965524E+07   1.04319362E+07   1.04319362E+07   1.02955572E+07   1.22158477E+07   1.22158477E+07
   8.56000000E-02   1.02607868E+07   1.02878063E+07   1.02878063E+07   1.02046127E+07   1.21079421E+07   1.21079421E+07
   8.58000000E-02   1.01259136E+07   1.01446272E+07   1.01446272E+07   1.01142480E+07   1.20007243E+07   1.20007243E+07
   8.60000000E-02   9.99192555E+06   1.00023909E+07   1.00023909E+07   1.00244582E+07   1.18941888E+07   1.18941888E+07
   8.62000000E-02   9.85881514E+06   9.86108956E+06   9.86108956E+06   9.93523861E+06   1.17883298E+07   1.17883298E+07
   8.64000000E-02   9.72657516E+06   9.72071547E+06   9.72071547E+06   9.84658462E+06   1.16831418E+07   1.16831418E+07
   8.66000000E-02   9.59519839E+06   9.58126091E+06   9.58126091E+06   9.75849156E+06   1.15786194E+07   1.15786194E+07
   8.68000000E-02   9.46467771E+06   9.44271829E+06   9.44271829E+06   9.67095488E+06   1.14747571E+07   1.14747571E+07
   8.70000000E-02   9.33500605E+06   9.30508007E+06   9.30508007E+06   9.58397003E+06   1.13715496E+07   1.13715496E+07
   8.72000000E-02   9.20617645E+06   9.16833882E+06   9.16833882E+06   9.49753255E+06   1.12689915E+07   1.12689915E+07
   8.74000000E-02   9.07818198E+06   9.03248715E+06   9.03248715E+06   9.41163798E+06   1.11670776E+07   1.11670776E+07
   8.76000000E-02   8.95101582E+06   8.89751778E+06   8.89751778E+06   9.32628195E+06   1.10658027E+07   1.10658027E+07
   8.78000000E-02   8.82467118E+06   8.76342347E+06   8.76342347E+06   9.24146011E+06   1.09651616E+07   1.09651616E+07
   8.80000000E-02   8.69914137E+06   8.63019709E+06   8.63019709E+06   9.15716814E+06   1.08651491E+07   1.08651491E+07
   8.82000000E-02   8.57441975E+06   8.49783155E+06   8.49783155E+06   9.07340181E+06   1.07657604E+07   1.07657604E+07
   8.84000000E-02   8.45049976E+06   8.36631986E+06   8.36631986E+06   8.99015688E+06   1.06669903E+07   1.06669903E+07
   8.86000000E-02   8.32737490E+06   8.23565508E+06   8.23565508E+06   8.90742919E+06   1.05688338E+07   1.05688338E+07
   8.88000000E-02   8.20503874E+06   8.10583035E+06   8.10583035E+06   8.82521460E+06   1.04712862E+07   1.04712862E+07
   8.90000000E-02   8.08348491E+06   7.97683889E+06   7.97683889E+06   8.74350903E+06   1.03743426E+07   1.03743426E+07
   8.92000000E-02   7.96270710E+06   7.84867395E+06   7.84867395E+06   8.66230843E+06   1.02779980E+07   1.02779980E+07
   8.94000000E-02   7.84269908E+06   7.72132890E+06   7.72132890E+06   8.58160879E+06   1.01822479E+07   1.01822479E+07
   8.96000000E-02   7.72345467E+06   7.59479714E+06   7.59479714E+06   8.50140614E+06   1.00870875E+07   1.00870875E+07
   8.98000000E-02   7.60496775E+06   7.46907214E+06   7.46907214E+06   8.42169654E+06   9.99251201E+06   9.99251201E+06
   9.00000000E-02   7.48723227E+06   7.34414745E+06   7.34414745E+06   8.34247613E+06   9.89851697E+06   9.89851697E+06
   9.02000000E-02   7.37024223E+06   7.22001668E+06   7.22001668E+06   8.26374103E+06   9.80509776E+06   9.80509776E+06
   9.04000000E-02   7.25399170E+06   7.09667350E+06   7.09667350E+06   8.18548743E+06   9.71224986E+06   9.71224986E+06
   9.06000000E-02   7.13847480E+06   6.97411163E+06   6.97411163E+06   8.10771157E+06   9.61996878E+06   9.61996878E+06
   9.08000000E-02   7.02368571E+06   6.85232488E+06   6.85232488E+06   8.03040970E+06   9.52825010E+06   9.52825010E+06
   9.10000000E-02   6.90961868E+06   6.73130710E+06   6.73130710E+06   7.95357812E+06   9.43708941E+06   9.43708941E+06
   9.12000000E-02   6.79626801E+06   6.61105221E+06   6.61105221E+06   7.87721316E+06   9.34648237E+06   9.34648237E+06
   9.14000000E-02   6.68362803E+06   6.49155418E+06   6.49155418E+06   7.80131120E+06   9.25642468E+06   9.25642468E+06
   9.16000000E-02   6.57169317E+06   6.37280706E+06   6.37280706E+06   7.72586863E+06   9.16691206E+06   9.16691206E+06
   9.18000000E-02   6.46045788E+06   6.25480493E+06   6.25480493E+06   7.65088191E+06   9.07794029E+06   9.07794029E+06
   9.20000000E-02   6.34991669E+06   6.13754195E+06   6.13754195E+06   7.57634750E+06   8.98950520E+06   8.98950520E+06
   9.22000000E-02   6.24006416E+06   6.02101233E+06   6.02101233E+06   7.50226192E+06   8.90160263E+06   8.90160263E+06
   9.24000000E-02   6.15780896E+06   5.93705742E+06   5.93705742E+06   7.42862170E+06   8.81422849E+06   8.81422849E+06
   9.26000000E-02   6.10043317E+06   5.88246177E+06   5.88246177E+06   7.35542343E+06   8.72737872E+06   8.72737872E+06
   9.28000000E-02   6.04339958E+06   5.82819138E+06   5.82819138E+06   7.28266371E+06   8.64104929E+06   8.64104929E+06
   9.30000000E-02   5.98670557E+06   5.77424376E+06   5.77424376E+06   7.21033919E+06   8.55523622E+06   8.55523622E+06
   9.32000000E-02   5.93034856E+06   5.72061645E+06   5.72061645E+06   7.13844653E+06   8.46993557E+06   8.46993557E+06
   9.34000000E-02   5.87432597E+06   5.66730702E+06   5.66730702E+06   7.06698245E+06   8.38514341E+06   8.38514341E+06
   9.36000000E-02   5.81863527E+06   5.61431304E+06   5.61431304E+06   6.99594369E+06   8.30085589E+06   8.30085589E+06
   9.38000000E-02   5.76327394E+06   5.56163213E+06   5.56163213E+06   6.92532700E+06   8.21706917E+06   8.21706917E+06
   9.40000000E-02   5.70823948E+06   5.50926192E+06   5.50926192E+06   6.85512920E+06   8.13377945E+06   8.13377945E+06
   9.42000000E-02   5.65352943E+06   5.45720006E+06   5.45720006E+06   6.78534710E+06   8.05098297E+06   8.05098297E+06
   9.44000000E-02   5.59914135E+06   5.40544423E+06   5.40544423E+06   6.71597758E+06   7.96867600E+06   7.96867600E+06
   9.46000000E-02   5.54507280E+06   5.35399213E+06   5.35399213E+06   6.64701752E+06   7.88685486E+06   7.88685486E+06
   9.48000000E-02   5.49132139E+06   5.30284148E+06   5.30284148E+06   6.57846384E+06   7.80551589E+06   7.80551589E+06
   9.50000000E-02   5.43788474E+06   5.25199001E+06   5.25199001E+06   6.51031348E+06   7.72465546E+06   7.72465546E+06
   9.52000000E-02   5.38476049E+06   5.20143550E+06   5.20143550E+06   6.44256343E+06   7.64427000E+06   7.64427000E+06
   9.54000000E-02   5.33194632E+06   5.15117572E+06   5.15117572E+06   6.37521068E+06   7.56435594E+06   7.56435594E+06
   9.56000000E-02   5.27943991E+06   5.10120848E+06   5.10120848E+06   6.30825228E+06   7.48490976E+06   7.48490976E+06
   9.58000000E-02   5.22723898E+06   5.05153160E+06   5.05153160E+06   6.24168528E+06   7.40592799E+06   7.40592799E+06
   9.60000000E-02   5.17534124E+06   5.00214294E+06   5.00214294E+06   6.17550678E+06   7.32740716E+06   7.32740716E+06
   9.62000000E-02   5.12374447E+06   4.95304034E+06   4.95304034E+06   6.10971388E+06   7.24934385E+06   7.24934385E+06
   9.64000000E-02   5.07244643E+06   4.90422171E+06   4.90422171E+06   6.04430372E+06   7.17173467E+06   7.17173467E+06
   9.66000000E-02   5.02144491E+06   4.85568494E+06   4.85568494E+06   5.97927349E+06   7.09457626E+06   7.09457626E+06
   9.68000000E-02   4.97073773E+06   4.80742795E+06   4.80742795E+06   5.91462037E+06   7.01786530E+06   7.01786530E+06
   9.70000000E-02   4.92032273E+06   4.75944870E+06   4.75944870E+06   5.85034158E+06   6.94159848E+06   6.94159848E+06
   9.72000000E-02   4.87019776E+06   4.71174514E+06   4.71174514E+06   5.78643437E+06   6.86577254E+06   6.86577254E+06
   9.74000000E-02   4.82036069E+06   4.66431525E+06   4.66431525E+06   5.72289601E+06   6.79038424E+06   6.79038424E+06
   9.76000000E-02   4.77080942E+06   4.61715703E+06   4.61715703E+06   5.65972380E+06   6.71543038E+06   6.71543038E+06
   9.78000000E-02   4.72154187E+06   4.57026850E+06   4.57026850E+06   5.59691506E+06   6.64090778E+06   6.64090778E+06
   9.80000000E-02   4.67255596E+06   4.52364770E+06   4.52364770E+06   5.53446713E+06   6.56681328E+06   6.56681328E+06
   9.82000000E-02   4.62384964E+06   4.47729268E+06   4.47729268E+06   5.47237739E+06   6.49314376E+06   6.49314376E+06
   9.84000000E-02   4.57542089E+06   4.43120151E+06   4.43120151E+06   5.41064324E+06   6.41989615E+06   6.41989615E+06
   9.86000000E-02   4.52726770E+06   4.38537227E+06   4.38537227E+06   5.34926208E+06   6.34706737E+06   6.34706737E+06
   9.88000000E-02   4.47938807E+06   4.33980308E+06   4.33980308E+06   5.28823136E+06   6.27465438E+06   6.27465438E+06
   9.90000000E-02   4.43178003E+06   4.29449206E+06   4.29449206E+06   5.22754855E+06   6.20265418E+06   6.20265418E+06
   9.92000000E-02   4.38444161E+06   4.24943735E+06   4.24943735E+06   5.16721113E+06   6.13106380E+06   6.13106380E+06
   9.94000000E-02   4.33737089E+06   4.20463710E+06   4.20463710E+06   5.10721661E+06   6.05988026E+06   6.05988026E+06
   9.96000000E-02   4.29056593E+06   4.16008949E+06   4.16008949E+06   5.04756253E+06   5.98910065E+06   5.98910065E+06
   9.98000000E-02   4.24402483E+06   4.11579271E+06   4.11579271E+06   4.98824644E+06   5.91872207E+06   5.91872207E+06
   1.00000000E-01   4.19774571E+06   4.07174496E+06   4.07174496E+06   4.92926591E+06   5.84874164E+06   5.84874164E+06