channel                 nue_Ar40             nuebar_Ar40                      nc                       e
E                                                                                                       
0.000749                       0                       0                       0           0.00404511921
0.001246                       0                       0                       0          0.004914055314
0.001744                       0                       0                       0          0.014682647016
0.002241                       0                       0                       0          0.045845475624
0.002739                       0                       0                       0          0.101611104372
0.003236              0.00230589                       0                       0          0.159773620644
0.003734                0.011586                       0                       0          0.417664491102
0.004231               0.0258122                       0                       0          0.675800425836
0.004729               0.0471603                       0                       0          0.904747031964
0.005226                0.071286                       0                       0          1.103936977728
0.005724               0.0844846                       0                       0          1.084310676072
0.006221               0.0957753                       0                       0          1.037043552726
0.006719                0.107432                       0                       0          0.993838477644
0.007216                0.120306                       0                       0          0.953107042752
0.007714                0.135088                       0                       0           0.91547227782
0.008211                0.151419                       0         -0.038722259128           0.87969619818
0.008709                0.167048                       0        -0.0160062684726            0.8366155182
0.009206                0.180415                       0         0.0095286475096          0.784300258458
0.009704                0.193457                       0          0.036354094143          0.735138469332
0.010200                0.205707                       0          0.063611270784          0.687982395204
0.010700                0.217432                       0          0.090677960507          0.643424451822
0.011200                0.228884                       0           0.11689550222          0.600529118022
0.011690                0.240546                       0           0.14187424084           0.55976550165
0.012190                0.252218                       0          0.165085077325          0.520436706894
0.012690                 0.26355                       0           0.18628163611          0.482872098564
0.013190                0.273366                       0           0.20499934605            0.4465592496
0.013680                0.281344                       0           0.22127958217           0.41207918292
0.014180                0.288134                       0           0.23588049006          0.380784592296
0.014680                0.292283                       0           0.24779170881          0.350772700644
0.015180                0.293305                       0           0.25663885489           0.32166712341
0.015670                 0.29117                       0           0.26257537297          0.293565782484
0.016170                0.285707             2.59331e-07           0.26571375069          0.266276434536
0.016670                0.277099              2.9115e-07           0.26619110609          0.239858480754
0.017170                0.265315              3.2871e-07           0.26376195217          0.214172418726
0.017660                0.250493              3.4992e-07           0.25819718329          0.189248509296
0.018160                 0.23261             4.19648e-07           0.24900892395           0.16498955466
0.018660                 0.21176             5.27012e-07           0.23576915296          0.141402532842
0.019160                0.187911             6.62322e-07           0.21782721883          0.118419852204
0.019650                0.161118             8.07474e-07           0.19459569742          0.096032621016
0.020150                0.131369             9.65051e-07            0.1653745155          0.074198233782
0.020650               0.0986729             1.15612e-06           0.12945347803          0.052895612898
0.021150               0.0630395             1.38029e-06           0.08611142294          0.032100332688
0.021640               0.0244691             1.62969e-06           0.03456148933          0.011782326348
0.022140             0.000407338             1.90581e-06            5.538329e-05           3.4669692e-05
0.022640             0.000439869             2.21446e-06            6.237699e-05           3.5807256e-05
0.023140             0.000473485             2.56632e-06            7.001199e-05           3.6920142e-05
0.023630             0.000508171             2.96403e-06            7.832223e-05           3.8009826e-05
0.024130             0.000543891             3.39262e-06            8.733871e-05           3.9076614e-05
0.024630             0.000580639             3.84979e-06            9.709438e-05           4.0122378e-05
0.025130             0.000618404             4.36349e-06           0.00010761602           4.1146704e-05
0.025620              0.00065722             4.95561e-06           0.00011893413            4.215177e-05
0.026120             0.000690646             5.55603e-06            0.0001298772           4.2737922e-05
0.026620             0.000693074             5.91006e-06            0.0001353269           4.1419692e-05
0.027120             0.000692591             6.22572e-06            0.0001402902           4.0004622e-05
0.027610             0.000691148             6.54662e-06            0.0001450939           3.8611962e-05
0.028110             0.000688876             6.88687e-06            0.0001497437            3.724659e-05
0.028610             0.000685662             7.21856e-06            0.0001541751           3.5901828e-05
0.029110             0.000681634             7.51589e-06            0.0001583922            3.458286e-05
0.029600             0.000676686             7.77795e-06            0.0001623475           3.3283026e-05
0.030100             0.000670935             8.03475e-06            0.0001660344            3.200751e-05
0.030600             0.000664252             8.30792e-06            0.0001693932           3.0749517e-05
0.031100             0.000656765             8.59377e-06            0.0001724242          2.95144686e-05
0.031590             0.000648343             8.86252e-06            0.0001750627          2.82960432e-05
0.032090             0.000639093             9.09265e-06            0.0001773087          2.70989244e-05
0.032590             0.000628902             9.27911e-06            0.0001791055          2.59176852e-05
0.033090             0.000617859             9.43199e-06            0.0001804526          2.47561632e-05
0.033580             0.000605859             9.55687e-06            0.0001812959          2.36099412e-05
0.034080             0.000592987             9.65972e-06            0.0001816436          2.24819928e-05
0.034580             0.000579144             9.74005e-06            0.0001814437          2.13687288e-05
0.035080             0.000564387             9.79868e-06             0.000180692           2.0272491e-05
0.035570             0.000548637             9.83229e-06            0.0001793496           1.9190358e-05
0.036070             0.000531955             9.83546e-06            0.0001774299          1.81241082e-05
0.036570             0.000514253             9.79871e-06            0.0001748847           1.7071425e-05
0.037070             0.000495581             9.71836e-06            0.0001717273          1.60335432e-05
0.037560             0.000475872             9.58951e-06            0.0001679172          1.50087582e-05
0.038060             0.000455154             9.41065e-06            0.0001634544           1.3997817e-05
0.038560             0.000448311             9.49533e-06            0.0001637615          1.34473032e-05
0.039060             0.000450956             9.77023e-06            0.0001674717           1.3195836e-05
0.039550             0.000453454             1.00383e-05            0.0001711151          1.29474342e-05
0.040050             0.000455824             1.03032e-05            0.0001748884           1.2702141e-05
0.040550             0.000458051             1.05664e-05            0.0001787741          1.24598214e-05
0.041050             0.000460131             1.08284e-05            0.0001821267          1.22204142e-05
0.041540             0.000462078             1.10881e-05            0.0001853967          1.19838942e-05
0.042040             0.000463876              1.1343e-05            0.0001885723          1.17501084e-05
0.042540             0.000465527             1.15925e-05            0.0001916498          1.15191198e-05
0.043040             0.000467019             1.18381e-05            0.0001946235          1.12906944e-05
0.043530             0.000468365             1.20828e-05            0.0001974949          1.10649654e-05
0.044030             0.000469553             1.23289e-05            0.0002002595          1.08416538e-05
0.044530             0.000470587             1.25767e-05            0.0002029139          1.06209882e-05
0.045030             0.000471446             1.28198e-05            0.0002054475          1.04025618e-05
0.045520             0.000472142             1.30497e-05            0.0002078651          1.01867148e-05
0.046020             0.000472648             1.32581e-05            0.0002101561           9.9729882e-06
0.046520             0.000472976             1.34391e-05            0.0002123249           9.7617384e-06
0.047020             0.000473094             1.35943e-05            0.0002143585           9.5525064e-06
0.047510              0.00047302             1.37343e-05            0.0002162644           9.3456792e-06
0.048010             0.000472721             1.38675e-05            0.0002180275           9.1407546e-06
0.048510             0.000472216             1.40024e-05            0.0002196567            8.938188e-06
0.049010             0.000471471             1.41391e-05            0.0002211353           8.7373962e-06
0.049500              0.00047051             1.42737e-05            0.0002224739           8.5388832e-06
0.050000             0.000469296             1.44005e-05            0.0002236543           8.3420514e-06
0.050500             0.000467855             1.45163e-05             0.000224689           8.1474678e-06
0.051000             0.000466156             1.46166e-05            0.0002255626           7.9544772e-06
0.051490             0.000464223             1.47004e-05            0.0002262859            7.763625e-06
0.051990             0.000462019              1.4766e-05            0.0002268385            7.574337e-06
0.052490             0.000459568             1.48135e-05            0.0002272309           7.3870884e-06
0.052990             0.000456838             1.48415e-05            0.0002274463           7.2013626e-06
0.053480             0.000453857             1.48533e-05             0.000227499           7.0175646e-06
0.053980             0.000450597             1.48551e-05            0.0002273739           6.8352786e-06
0.054480             0.000447073             1.48533e-05            0.0002270744           6.6547908e-06
0.054980              0.00044326             1.48519e-05            0.0002265878            6.475824e-06
0.055470             0.000439184             1.48558e-05            0.0002259278           6.2985708e-06
0.055970             0.000434817             1.48541e-05            0.0002250786           6.1227738e-06
0.056470             0.000535914             1.84824e-05            0.0002791147           7.4109528e-06
0.056970             0.000702627             2.44365e-05            0.0003681629           9.5438412e-06
0.057460             0.000873586             3.05872e-05            0.0004604829           1.1657583e-05
0.057960              0.00104887             3.69136e-05            0.0005561457          1.37537658e-05
0.058460              0.00122844             4.34115e-05            0.0006551675          1.58316408e-05
0.058960              0.00141232             5.01037e-05            0.0007575891          1.78923528e-05
0.059450              0.00160047             5.70177e-05            0.0008634208          1.99355742e-05
0.059950              0.00179293             6.42023e-05            0.0009727361          2.19619674e-05
0.060450              0.00198964             7.16684e-05            0.0010855021          2.39716584e-05
0.060950              0.00219066              7.9408e-05            0.0012018323          2.59648686e-05
0.061440              0.00239592             8.73788e-05             0.001321675           2.7942111e-05
0.061940              0.00260544             9.55364e-05             0.001445126          2.99031876e-05
0.062440               0.0028192             0.000103835             0.001572166            3.184893e-05
0.062940              0.00303718              0.00011225              0.00170286           3.3779016e-05
0.063430              0.00325938             0.000120821             0.001837204           3.5694342e-05
0.063930              0.00348577             0.000129588             0.001975267           3.7594296e-05
0.064430              0.00371634             0.000138597             0.002117012            3.948012e-05
0.064930              0.00395113             0.000147924             0.002262565            4.135086e-05
0.065420              0.00419013             0.000157573             0.002411863           4.3208028e-05
0.065920               0.0044333              0.00016753             0.002564995           4.5050418e-05
0.066420              0.00468072             0.000177747             0.002721969           4.6879794e-05
0.066920              0.00493226             0.000188171             0.002882758            4.869468e-05
0.067410              0.00518812             0.000198754             0.003047527            5.049711e-05
0.067910              0.00544803             0.000209442             0.003216073           5.2285338e-05
0.068410              0.00571235             0.000220233             0.003388739           5.4061596e-05
0.068910              0.00598073             0.000231162             0.003565247           5.5824012e-05
0.069400              0.00625343             0.000242272             0.003745788           5.7574782e-05
0.069900              0.00653033             0.000253604             0.003930372           5.9311944e-05
0.070400              0.00681153             0.000265187             0.004119015           6.1038054e-05
0.070900              0.00709684             0.000276998             0.004311622           6.2750808e-05
0.071390              0.00738663             0.000289024             0.004508506           6.4452798e-05
0.071890               0.0076805             0.000301217             0.004709367           6.6141972e-05
0.072390              0.00797872             0.000313553             0.004914374           6.7820418e-05
0.072890              0.00828126             0.000326022             0.005123651           6.9486444e-05
0.073380              0.00858815             0.000338697             0.005337116           7.1141958e-05
0.073880              0.00889918             0.000351648             0.005554702           7.2785772e-05
0.074380              0.00921457             0.000364991             0.005776598           7.4419128e-05
0.074880              0.00953409             0.000378822              0.00600281           7.6040928e-05
0.075370              0.00985769             0.000393167             0.006233264           7.7652702e-05
0.075870               0.0101852             0.000407944             0.006467952           7.9253244e-05
0.076370               0.0105166             0.000423028             0.006707065           8.0843994e-05
0.076870               0.0108518              0.00043825             0.006950553           8.2423854e-05
0.077360               0.0111908             0.000453463             0.007198423           8.3993994e-05
0.077860               0.0115333             0.000468581             0.007450624           8.5553676e-05
0.078360               0.0118793             0.000483662              0.00770722            8.710371e-05
0.078860               0.0122287             0.000498823             0.007968407           8.8643844e-05
0.079350               0.0125813             0.000514204             0.008234073            9.017451e-05
0.079850               0.0128962             0.000530995             0.008504183           9.1695384e-05
0.080350               0.0132136             0.000548017              0.00877876           9.3206898e-05
0.080850               0.0135675             0.000564328             0.009057846           9.4709268e-05
0.081340               0.0139245             0.000580841             0.009341486           9.6202116e-05
0.081840               0.0142849             0.000597563             0.009629854            9.768609e-05
0.082340               0.0146484             0.000614484             0.009922785           9.9160974e-05
0.082840               0.0146417               0.0006159             0.009966196           9.8124894e-05
0.083330               0.0145545             0.000613901             0.009954537             9.65745e-05
0.083830                0.014464             0.000611729             0.009940161            9.503289e-05
0.084330               0.0143704             0.000609389             0.009923165            9.350091e-05
0.084830               0.0142736             0.000606876             0.009903418           9.1977426e-05
0.085320               0.0141738               0.0006042             0.009881054           9.0463338e-05
0.085820               0.0140709             0.000601352             0.009855952            8.895744e-05
0.086320               0.0139649              0.00059834             0.009828165            8.746092e-05
0.086820               0.0138558             0.000595153             0.009797478           8.5972104e-05
0.087310               0.0137437             0.000591803             0.009764115           8.4492648e-05
0.087810               0.0136284             0.000588279             0.009727808           8.3020788e-05
0.088310               0.0135102             0.000584593             0.009688763           8.1558072e-05
0.088810               0.0133889             0.000580732              0.00964674           8.0102682e-05
0.089300               0.0132648             0.000576712             0.009601957           7.8656184e-05
0.089800               0.0131374             0.000572517             0.009554142           7.7216904e-05
0.090300               0.0130074             0.000568164             0.009503536           7.5786534e-05
0.090800               0.0128742             0.000563636             0.009449894           7.4362986e-05
0.091290               0.0127382             0.000558951             0.009393397           7.2947988e-05
0.091790               0.0125992             0.000554092             0.009333759           7.1539974e-05
0.092290               0.0124574             0.000549076             0.009271264           7.0140258e-05
0.092790               0.0123127              0.00054389             0.009205681            6.874731e-05
0.093280               0.0121652             0.000538546             0.009137165           6.7362588e-05
0.093780               0.0120147             0.000533033             0.009065507           6.5984436e-05
0.094280               0.0118616             0.000527362             0.008990841            6.461442e-05
0.094780               0.0117055             0.000521524             0.008913033            6.325074e-05
0.095270               0.0115468             0.000515529             0.008832172            6.189489e-05
0.095770               0.0113852             0.000509368             0.008748147            6.054543e-05
0.096270               0.0112209              0.00050305             0.008661015           5.9203512e-05
0.096770               0.0110539             0.000496568             0.008570667           5.7868128e-05
0.097260               0.0108842             0.000489929             0.008477189           5.6539854e-05
0.097760               0.0107117             0.000483128             0.008380452           5.5218114e-05
0.098260               0.0105367             0.000476171             0.008280541           5.3903178e-05
0.098760               0.0103589             0.000469054             0.008177369           5.2594776e-05
0.099250               0.0101785              0.00046178             0.008070959           5.1292944e-05
0.099750              0.00999547             0.000454349             0.007961277           4.9997772e-05