channel                 nue_Ar40             nuebar_Ar40                      nc                       e
E                                                                                                       
0.000749                       0                       0                       0                       0
0.001246                       0                       0                       0                       0
0.001744                       0                       0                       0                       0
0.002241                       0                       0                       0                       0
0.002739                       0                       0                       0                       0
0.003236                       0                       0                       0                       0
0.003734                       0                       0                       0                       0
0.004231                       0                       0                       0                       0
0.004729                       0                       0                       0                       0
0.005226                 11.0201               0.0953597                28.12499                34.99569
0.005724                 14.2598                0.159447                45.80651               33.079266
0.006221                  18.016                 0.24867                68.08524               31.242726
0.006719                 22.2794                0.363186                 92.3415               29.480796
0.007216                 27.0258                0.499618                114.4482               27.790884
0.007714                 32.2188                0.652029                129.9258               26.172018
0.008211                 37.8113                0.813811                135.5626                24.62409
0.008709                 43.7468                0.979518                 130.687               23.146713
0.009206                 49.9598                 1.14582                117.3912               21.738906
0.009704                 56.3773                 1.31139                 99.5995              20.3995296
0.010200                 62.9208                 1.47606                81.51866              19.1270736
0.010700                 69.5082                    1.64                 66.2659              17.9199702
0.011200                 76.0576                  1.8032                55.23082              16.7764086
0.011690                 82.4893                 1.96524                48.23415              15.6945564
0.012190                 88.7284                 2.12542                 44.1682              14.6723778
0.012690                 94.7068                 2.28283                41.69394              13.7078118
0.013190                 100.363                 2.43646                39.72251              12.7987362
0.013680                 105.645                 2.58525                37.60807              11.9429172
0.014180                 110.507                 2.72814                35.12424              11.1381534
0.014680                 114.913                 2.86409                32.33663              10.3821678
0.015180                 118.836                 2.99213                 29.4577               9.6727248
0.015670                 122.258                  3.1114                26.73105               9.0075852
0.016170                 125.169                 3.22115                24.35643               8.3845296
0.016670                  127.57                  3.3208                22.45408               7.8013656
0.017170                 129.466                 3.40992                21.05935                7.255989
0.017660                 130.871                 3.48827                20.13369               6.7462974
0.018160                 131.806                 3.55572                19.58833                6.270273
0.018660                 132.293                 3.61231                19.30815                5.825961
0.019160                 132.359                 3.65816                19.17285               5.4115074
0.019650                 132.031                  3.6935                19.07252                 5.02506
0.020150                 131.339                 3.71864                18.91743               4.6649394
0.020650                 130.312                 3.73394                18.64219               4.3294554
0.021150                  128.98                 3.73983                18.20627                4.017069
0.021640                 127.371                 3.73675                17.59193               3.7263006
0.022140                 125.513                 3.72522                16.80081               3.4557444
0.022640                 123.435                 3.70572                15.84975               3.2040648
0.023140                 121.162                 3.67881                14.76663               2.9700558
0.023630                 118.719                 3.64501                13.58631              2.75251914
0.024130                 116.131                 3.60486                12.34675               2.5503687
0.024630                 113.421                  3.5589                11.08582              2.36257614
0.025130                 110.608                 3.50766                9.838796              2.18817522
0.025620                 107.714                 3.45163                8.636318              2.02626558
0.026120                 104.756                 3.39132                7.502956              1.87599924
0.026620                 101.751                 3.32721                 6.45692              1.73658222
0.027120                 98.7145                 3.25975                5.509854              1.60727058
0.027610                 95.6601                 3.18936                4.667454              1.48736826
0.028110                 92.6003                 3.11647                3.930182               1.3762251
0.028610                 89.5463                 3.04145                3.294306               1.2732246
0.029110                  86.508                 2.96468                2.753014              1.17779994
0.029600                 83.4943                  2.8865                2.297443               1.0894104
0.030100                  80.513                 2.80723                1.917629              1.00755954
0.030600                  77.571                 2.72718                1.603321                0.931779
0.031100                 74.6742                 2.64662                1.344561              0.86162922
0.031590                 71.8279                 2.56583               1.1321218               0.7967061
0.032090                 69.0366                 2.48505               0.9577558              0.73662876
0.032590                 66.3041                 2.40451                0.814327              0.68104278
0.033090                 63.6339                 2.32442                0.695812              0.62962038
0.033580                 61.0285                 2.24497                0.597258              0.58205304
0.034080                 58.4904                 2.16635               0.5146533               0.5380587
0.034580                 56.0215                 2.08872               0.4448162               0.4973706
0.035080                 53.6231                 2.01224                0.385255              0.45974466
0.035570                 51.2963                 1.93702               0.3340338              0.42495336
0.036070                 49.0419                 1.86319               0.2896604              0.39278376
0.036570                 46.8603                 1.79087               0.2509882              0.36303966
0.037070                 44.7515                 1.72013               0.2171323              0.33554196
0.037560                 42.7155                 1.65105               0.1874049             0.310120848
0.038060                 40.7518                 1.58371               0.1612643             0.286619652
0.038560                 38.8597                 1.51815               0.1382762              0.26489556
0.039060                 37.0384                 1.45441              0.11808332             0.244814148
0.039550                 35.2869                 1.39253               0.1003855              0.22625217
0.040050                  33.604                 1.33252               0.0849232             0.209094426
0.040550                 31.9882                 1.27441              0.07142906             0.193235976
0.041050                 30.4382                 1.21819               0.0597847             0.178577982
0.041540                 28.9524                 1.16385              0.04975625              0.16503084
0.042040                 27.5291                 1.11139              0.04115958             0.152510094
0.042540                 26.1665                  1.0608              0.03383678              0.14093829
0.043040                  24.863                 1.01204              0.02763982             0.130243734
0.043530                 23.6167                0.965099              0.02243115             0.120360312
0.044030                 22.4257                0.919938              0.01808373             0.111226536
0.044530                 21.2882                0.876525              0.01448101             0.102786012
0.045030                 20.2024                0.834823             0.011517246                0.094986
0.045520                 19.1664                0.794794               0.0090971             0.087778188
0.046020                 18.1784                0.756396             0.007135696             0.081117774
0.046520                 17.2366                0.719587             0.005558076              0.07496343
0.047020                 16.3392                0.684322             0.004298818             0.069276438
0.047510                 15.4844                0.650558             0.003301362              0.06402168
0.048010                 14.6706                0.618248             0.002513558             0.059166378
0.048510                  13.896                0.587348             0.001903211             0.054680112
0.049010                 13.1591                0.557812             0.001431052             0.050535018
0.049500                 12.4583                0.529594            0.0010682528             0.046705068
0.050000                  11.792                0.502648            0.0007916658              0.04316625
0.050500                 11.1587                 0.47693            0.0005824531             0.039896424
0.051000                 10.5571                0.452396            0.0004254307              0.03687543
0.051490                  9.9856                0.429002            0.0003084954            0.0340839666
0.051990                 9.44299                0.406705            0.0002220842             0.031504842
0.052490                 8.92795                0.385462            0.0001587217             0.029121678
0.052990                 8.43921                0.365233           0.00011261744            0.0269196732
0.053480                 7.97557                0.345976            7.932752e-05            0.0248849442
0.053980                 7.53588                0.327653            5.547463e-05            0.0230048316
0.054480                   7.119                0.310225            3.851338e-05            0.0212674896
0.054980                 6.72388                0.293655            2.654495e-05            0.0196620642
0.055470                 6.34948                0.277907            1.816358e-05            0.0181784718
0.055970                  5.9948                0.262944           1.2338728e-05            0.0168074316
0.056470                 5.65891                0.248733            8.321282e-06            0.0155403954
0.056970                 5.34088                0.235241            5.571351e-06            0.0143694234
0.057460                 5.03985                0.222436            3.703222e-06            0.0132871914
0.057960                 4.75499                0.210286            2.443706e-06            0.0122869494
0.058460                 4.48547                0.198762            6.814808e-07             0.011362419
0.058960                 4.23056                0.187835                       0            0.0105078852
0.059450                  3.9895                0.177477                       0            0.0097180056
0.059950                  3.7616                0.167661                       0             0.008987841
0.060450                 3.54618                0.158361                       0            0.0083128716
0.060950                 3.34262                0.149553                       0            0.0076889052
0.061440                  3.1503                0.141213                       0             0.007112043
0.061940                 2.96863                0.133318                       0            0.0065787354
0.062440                 2.79706                0.125846                       0            0.0060856614
0.062940                 2.63506                0.118776                       0             0.005629761
0.063430                 2.48212                0.112088                       0            0.0052082532
0.063930                 2.33777                0.105763                       0            0.0048184758
0.064430                 2.20155               0.0997819                       0            0.0044580672
0.064930                 2.07302               0.0941277                       0            0.0041247846
0.065420                 1.95176               0.0887835                       0             0.003816585
0.065920                  1.8374               0.0837332                       0           0.00353155122
0.066420                 1.72954               0.0789615                       0           0.00326796246
0.066920                 1.62784                0.074454                       0           0.00302415678
0.067410                 1.53196               0.0701966                       0           0.00279867276
0.067910                 1.44159               0.0661763                       0           0.00259011036
0.068410                 1.35641               0.0623804                       0           0.00239720328
0.068910                 1.27614               0.0587969                       0           0.00221875938
0.069400                  1.2005               0.0554145                       0           0.00205369092
0.069900                 1.12925               0.0522223                       0             0.001900989
0.070400                 1.06213               0.0492101                       0           0.00175972176
0.070900                 0.99891               0.0463681                       0           0.00162902952
0.071390                0.939376               0.0436871                       0           0.00150811452
0.071890                0.883318               0.0411582                       0            0.0013962384
0.072390                0.830539               0.0387731                       0           0.00129272292
0.072890                0.780854               0.0365239                       0           0.00119694042
0.073380                0.734085               0.0344031                       0           0.00110830482
0.073880                0.690069               0.0324036                       0           0.00102628386
0.074380                0.648646               0.0305186                       0           0.00095037822
0.074880                0.609669               0.0287418                       0           0.00088012854
0.075370                0.572997               0.0270671                       0           0.00081511236
0.075870                0.538498               0.0254888                       0           0.00075493296
0.076370                0.506044               0.0240014                       0            0.0006992334
0.076870                0.475521                  0.0226                       0           0.00064767204
0.077360                0.446812               0.0212794                       0           0.00059994378
0.077860                0.419817               0.0200354                       0           0.00055575756
0.078360                0.394431               0.0188633                       0           0.00051485166
0.078860                0.370565               0.0177594                       0            0.0004769784
0.079350                0.348125               0.0167194                       0            0.0004419126
0.079850                0.327033               0.0157399                       0          0.000409444002
0.080350                0.307204               0.0148174                       0           0.00037937871
0.080850                0.288569               0.0139486                       0          0.000351537282
0.081340                0.271053               0.0131304                       0          0.000325754154
0.081840                0.254593               0.0123599                       0          0.000301877208
0.082340                0.239124               0.0116343                       0          0.000279762048
0.082840                0.224591               0.0109512                       0          0.000259278948
0.083330                0.210933               0.0103079                       0          0.000240306174
0.083830                0.198103              0.00970224                       0          0.000222731388
0.084330                0.186048              0.00913192                       0          0.000206451324
0.084830                0.174724              0.00859503                       0           0.00019136925
0.085320                0.164086              0.00808948                       0           0.00017739639
0.085820                0.154094              0.00761357                       0           0.00016445079
0.086320                0.144707              0.00716546                       0           0.00015245631
0.086820                0.135891              0.00674364                       0          0.000141342354
0.087310                 0.12761              0.00634646                       0          0.000131043744
0.087810                0.119833              0.00597259                       0          0.000121500594
0.088310                0.112529              0.00562057                       0           0.00011265642
0.088810                 0.10567               0.0052892                       0           0.00010446012
0.089300               0.0992272               0.0049772                       0           9.6863724e-05
0.089800                0.093178              0.00468351                       0            8.982306e-05
0.090300               0.0874962              0.00440698                       0           8.3296962e-05
0.090800               0.0821617              0.00414668                       0           7.7247774e-05
0.091290               0.0771513              0.00390157                       0           7.1640216e-05
0.091790               0.0724473              0.00367086                       0           6.6441744e-05
0.092290               0.0680291              0.00345362                       0            6.162264e-05
0.092790               0.0638812              0.00324913                       0           5.7154716e-05
0.093280               0.0599853              0.00305657                       0           5.3012214e-05
0.093780               0.0563279              0.00287532                       0           4.9171536e-05
0.094280               0.0528927              0.00270464                       0           4.5610182e-05
0.094780               0.0496677              0.00254398                       0          4.23077058e-05
0.095270               0.0466387              0.00239269                       0          3.92455458e-05
0.095770                0.043795              0.00225028                       0          3.64055868e-05
0.096270               0.0411241              0.00211618                       0          3.37719798e-05
0.096770               0.0386166              0.00198995                       0          3.13295022e-05
0.097260               0.0362614              0.00187108                       0          2.90641464e-05
0.097760               0.0340503               0.0017592                       0          2.69630406e-05
0.098260               0.0319733              0.00165383                       0          2.50141716e-05
0.098760               0.0300235              0.00155467                       0          2.32064712e-05
0.099250               0.0281919              0.00146128                       0          2.15296074e-05
0.099750               0.0281919              0.00146128                       0          2.15296074e-05