channel                 nue_Ar40             nuebar_Ar40                      nc                       e
E                                                                                                       
0.000749                       0                       0                       0             0.070808922
0.001246                       0                       0                       0              0.27661554
0.001744                       0                       0                       0              0.65810862
0.002241                       0                       0                       0              1.23113286
0.002739                       0                       0                       0              1.99712808
0.003236                0.190806                       0                       0                2.945943
0.003734                0.492649                       0                       0               4.0594932
0.004231                0.869004                       0                       0               5.3148924
0.004729                 1.46436                       0                       0               6.6844584
0.005226                 2.17568                       0                       0               8.1418482
0.005724                 3.07339                       0                       0               9.6564186
0.006221                 4.18147                       0                       0               11.204334
0.006719                 5.52299                       0                       0              12.7560564
0.007216                 7.17457                       0                       0              14.2933968
0.007714                 9.21334                       0                       0              15.7901886
0.008211                 11.6795                       0              -0.4512255              17.2349694
0.008709                 14.5804                       0              -0.2110533              18.6059574
0.009206                 17.9261                       0               0.1428442              19.8981666
0.009704                 21.7155                       0               0.6141758               21.094443
0.010200                 25.9526                       0                1.203738              22.1952258
0.010700                 30.6577                       0                1.909397              23.1877872
0.011200                 35.9435                       0                2.727508              24.0764976
0.011690                 41.9069                       0                3.651192              24.8533776
0.012190                 48.6488                       0                4.673833              25.5245742
0.012690                 56.1524                       0                5.785436               26.086554
0.013190                 64.2965                       0                 6.97673               26.546202
0.013680                 72.9382                       0                 8.23655               26.903466
0.014180                 81.9485                       0                 9.55447                27.16542
0.014680                 91.1908                       0                 10.9186               27.334602
0.015180                 100.548                       0                12.31876               27.417906
0.015670                 109.899                       0                13.75533               27.419508
0.016170                 119.158                0.489676                  15.244               27.345888
0.016670                 128.278                0.613963                16.79821               27.202302
0.017170                 137.223                0.780704                 18.4274               26.994654
0.017660                 145.956                0.941541                20.13626               26.728614
0.018160                 154.446                 1.10157                21.92736               26.409564
0.018660                 162.666                 1.29163                23.80172               26.043084
0.019160                 170.586                 1.51736                25.75416               25.634124
0.019650                 178.186                  1.7308                 27.7805               25.187886
0.020150                 185.443                 1.93662                29.87456              24.7088448
0.020650                 192.324                 2.17308                32.02635               24.201603
0.021150                 198.801                 2.43083                34.23006              23.6703348
0.021640                 204.851                 2.68956                36.47642              23.1188454
0.022140                 210.457                 2.94774                38.75844              22.5510318
0.022640                 215.598                 3.21003                41.06198              21.9698694
0.023140                  220.27                 3.48638                43.37913              21.3790626
0.023630                 224.462                 3.77321                45.69726              20.7807462
0.024130                 228.176                 4.04661                 48.0078              20.1784752
0.024630                 231.407                 4.30157                50.29636              19.5734898
0.025130                 234.177                 4.56674                52.55543              18.9693198
0.025620                 236.494                 4.85663                54.76894              18.3664188
0.026120                 238.396                 5.14493                56.93913              17.7681834
0.026620                 239.878                 5.39928                59.04214              17.1743796
0.027120                 240.984                 5.62497                61.08256              16.5883968
0.027610                 241.705                 5.84733                63.04002              16.0093098
0.028110                  242.09                 6.07942                64.92254              15.4404936
0.028610                 242.122                 6.29637                66.70656              14.8804362
0.029110                 241.851                  6.4774                68.40194              14.3325108
0.029600                 241.264                 6.62289                69.99292              13.7947194
0.030100                 240.411                 6.76068                 71.4867              13.2704208
0.030600                 239.266                 6.90896                72.86338              12.7572336
0.031100                 237.888                 7.06608                74.13502               12.258414
0.031590                  236.25                  7.2076                75.27992              11.7714528
0.032090                 234.405                 7.31876                 76.3113              11.2991526
0.032590                  232.33                 7.39677                77.21176              10.8393012
0.033090                 230.075                 7.45278                77.99556               10.394109
0.033580                 227.616                 7.49225                78.64684               9.9616752
0.034080                 225.005                 7.52259                79.18388               9.5437152
0.034580                  222.22                 7.54442                  79.593               9.1386162
0.035080                   219.3                 7.56103                79.88674               8.7476454
0.035570                 216.231                  7.5711                80.05782               8.3694222
0.036070                 213.055                 7.57316                 80.1264               8.0048826
0.036570                 209.753                 7.56153                80.08176                7.652862
0.037070                 206.362                 7.53602                79.94378               7.3139544
0.037560                  202.87                 7.49456                79.70606               6.9872418
0.038060                 199.306                 7.43835                79.38202               6.6730104
0.038560                 195.668                 7.36696                78.97028               6.3705438
0.039060                 191.978                 7.28269                78.48255                6.079905
0.039550                 188.233                 7.18799                77.91494                5.800554
0.040050                 184.454                 7.08691                77.36251               5.5323612
0.040550                 180.644                 6.98122                76.81533                5.274927
0.041050                 176.807                 6.87178                76.00321               5.0279418
0.041540                 172.961                 6.75882                75.13259               4.7911644
0.042040                 169.104                 6.64129                74.20285               4.5641574
0.042540                 165.248                 6.51985                73.22097               4.3468128
0.043040                  161.39                 6.39572                72.18734               4.1385492
0.043530                  157.55                 6.27155                71.11209               3.9393702
0.044030                 153.721                 6.14816                69.99449               3.7486224
0.044530                  149.92                 6.02675                68.84365               3.5663994
0.045030                 146.134                  5.9036                67.65521                3.391974
0.045520                 142.386                 5.77638                66.44246              3.22551306
0.046020                 138.659                  5.6414                65.19917              3.06625824
0.046520                 134.977                 5.49854                 63.9396              2.91441618
0.047020                 131.319                  5.3487                62.65512              2.76920028
0.047510                 127.711                 5.19823                61.36178              2.63089044
0.048010                 124.132                 5.04955                 60.0492              2.49866118
0.048510                 120.609                 4.90711                58.73393              2.37283758
0.049010                 117.117                 4.76946                57.40451              2.25258498
0.049500                 113.688                 4.63657                56.07845              2.13826248
0.050000                 110.294                 4.50516                 54.7424               2.0290356
0.050500                 106.967                 4.37592                53.41503              1.92528414
0.051000                  103.68                 4.24635                52.08334              1.82620692
0.051490                 100.463                 4.11792                50.76431              1.73213154
0.051990                 97.2895                 3.98918                49.44486              1.64236482
0.052490                 94.1862                 3.86171                48.13975               1.5571521
0.052990                 91.1315                 3.73444                46.83879              1.47590514
0.053480                 88.1481                 3.60938                45.55544               1.3987989
0.053980                 85.2181                 3.48734                44.28088              1.32533946
0.054480                 82.3585                 3.37055                43.02462              1.25563482
0.054980                 79.5545                 3.25907                41.77978              1.18928034
0.055470                 76.8218                  3.1543                40.55624               1.1263302
0.055970                 74.1475                  3.0532                 39.3474               1.0664487
0.056470                 71.5415                 2.95385                38.15923              1.00964826
0.056970                 68.9963                 2.85391                36.98895              0.95565654
0.057460                  66.519                 2.75239                35.84101               0.9044514
0.057960                 64.1021                 2.64958                34.71154              0.85581396
0.058460                 61.7525                  2.5477                33.60586              0.80968968
0.058960                 59.4643                  2.4486                32.52066               0.7659126
0.059450                 57.2404                 2.35372                31.45827               0.7244019
0.059950                 55.0791                 2.26416                30.41878               0.6850287
0.060450                 52.9793                 2.17929                29.40135              0.64769976
0.060950                 50.9426                 2.09809                28.40847              0.61231626
0.061440                 48.9651                 2.01905                27.43745              0.57877308
0.061940                 47.0496                  1.9414                26.49126              0.54699966
0.062440                 45.1914                 1.86449                25.56696              0.51688062
0.062940                 43.3939                 1.78862                 24.6677              0.48837096
0.063430                 41.6515                 1.71459                   23.79              0.46134612
0.063930                 39.9685                 1.64333                22.93757                 0.43578
0.064430                  38.338                 1.57501                22.10589               0.4115493
0.064930                 36.7659                 1.51051                21.29976              0.38864088
0.065420                  35.244                  1.4491                20.51396              0.36693018
0.065920                 33.7785                 1.39068                19.75311              0.34641774
0.066420                 32.3611                 1.33427                19.01222              0.32697612
0.066920                 30.9975                 1.27979                18.29543              0.30862089
0.067410                 29.6799                 1.22656                17.59841             0.291223602
0.067910                 28.4137                 1.17475                16.92449             0.274807584
0.068410                 27.1911                 1.12411                 16.2699             0.259250526
0.068910                 26.0176                 1.07527                15.63799             0.244578582
0.069400                 24.8847                 1.02806                15.02388             0.230674518
0.069900                 23.7991                0.982987                14.43245             0.217569366
0.070400                 22.7514                0.939682                 13.8579             0.205151058
0.070900                 21.7482                 0.89836                 13.3047             0.193451202
0.071390                 20.7812                0.858536                12.76838             0.182368836
0.071890                 19.8554                0.820346                12.25202             0.171927576
0.072390                 18.9638                0.783418               11.751652             0.162042642
0.072890                 18.1109                0.747966               11.270628             0.152729604
0.073380                 17.2902                0.713902               10.805016             0.143917938
0.073880                  16.505                0.681508               10.357115             0.135615654
0.074380                 15.7503                 0.65072                9.924299             0.127764774
0.074880                 15.0283                0.621725                9.508314             0.120367476
0.075370                 14.3347                0.594273                9.106619             0.113376258
0.075870                  13.671                0.568227                8.720429             0.106788798
0.076370                  13.034                0.543226                8.348118             0.100566288
0.076870                 12.4245                0.519107                7.990402             0.094702824
0.077360                 11.8399                0.495639                7.645809             0.089167248
0.077860                 11.2806                0.472827                7.314728             0.083950884
0.078360                 10.7447                 0.45072                6.996095             0.079028874
0.078860                  10.232                0.429474                6.690205             0.074390382
0.079350                 9.74112                0.409165                6.396155              0.07001604
0.079850                 9.24221                0.390642                6.113749             0.065893284
0.080350                 8.76779                0.372862                5.842557             0.062007354
0.080850                  8.3374                0.355207                5.582137             0.058344624
0.081340                 7.92668                0.338329                5.332331             0.054894186
0.081840                 7.53459                0.322188                5.092616              0.05164173
0.082340                 7.16074                0.306768                 4.86284             0.048579282
0.082840                 6.80385                0.292019                4.642303             0.045692406
0.083330                 6.46386                0.277942                4.431109             0.042975522
0.083830                 6.13935                0.264479                4.228436             0.040414122
0.084330                 5.83047                 0.25164                 4.03454             0.038004768
0.084830                 5.53569                0.239363                3.848497             0.035733132
0.085320                 5.25534                0.227665                3.670693              0.03359745
0.085820                 4.98785                 0.21648                3.500141            0.0315837324
0.086320                 4.73364                0.205831                3.337256            0.0296912952
0.086820                 4.49111                0.195648                3.181009            0.0279068742
0.087310                 4.26081                0.185962                3.031911            0.0262307304
0.087810                  4.0411                0.176701                2.888906             0.024650028
0.088310                 3.83263                0.167897                 2.75256            0.0231660198
0.088810                 3.63377                0.159481                2.621799            0.0217663218
0.089300                 3.44523                0.151487                 2.49723            0.0204529032
0.089800                  3.2654                0.143845                2.377772            0.0192139758
0.090300                 3.09502                0.136591                2.264064            0.0180519678
0.090800                 2.93256                0.129659                2.155063            0.0169559676
0.091290                 2.77868                0.123081                2.051329             0.015928056
0.091790                 2.63204                0.116799                1.951953            0.0149589216
0.092290                 2.49316                0.110838                1.857387            0.0140498694
0.092790                 2.36091                 0.10515                1.766874            0.0131931918
0.093280                 2.23565               0.0997518                1.680742            0.0123895332
0.093780                 2.11647               0.0946047                1.598363            0.0116325378
0.094280                 2.00359               0.0897203                1.519968            0.0109223082
0.094780                 1.89626               0.0850663                1.445049            0.0102536064
0.095270                  1.7946               0.0806499                1.373758            0.0096261282
0.095770                 1.69801               0.0764449                1.305675            0.0090356436
0.096270                 1.60652               0.0724545               1.2408868            0.0084814614
0.096770                 1.51966               0.0686577               1.1790629             0.007960185
0.097260                 1.43738               0.0650548                1.120229            0.0074708874
0.097760                 1.35931               0.0616291               1.0641281            0.0070108632
0.098260                 1.28537               0.0583782               1.0107372             0.006579009
0.098760                 1.21525               0.0552894               0.9598654            0.0061731468
0.099250                 1.14884               0.0523581               0.9114497            0.0057920976
0.099750                  1.0859               0.0495749               0.8653504             0.005434128