# TBinMid=3.4515 ssec TBinWidth=0.1 ss EBinWidth=0.2MeV Fluence at Earth for this timebin in neutrinos per cm^2
# E(GeV)	NuE	NuMu	NuTau	aNuE	aNuMu	aNuTau
   1.38589050E-13   8.97735633E+17   7.21515175E+17   7.21515175E+17   7.29302008E+17   8.64681651E+17   8.64681651E+17
   2.00000000E-04   1.60526514E+09   1.29016062E+09   1.29016062E+09   1.30408446E+09   1.54616043E+09   1.54616043E+09
   4.00000000E-04   8.18789246E+08   6.58065519E+08   6.58065519E+08   6.65167582E+08   7.88642013E+08   7.88642013E+08
   6.00000000E-04   5.52160197E+08   4.43774254E+08   4.43774254E+08   4.48563614E+08   5.31830054E+08   5.31830054E+08
   8.00000000E-04   4.17472961E+08   3.35525365E+08   3.35525365E+08   3.39146467E+08   4.02101906E+08   4.02101906E+08
   1.00000000E-03   3.36058884E+08   2.70092414E+08   2.70092414E+08   2.73007342E+08   3.23685437E+08   3.23685437E+08
   1.20000000E-03   2.81465657E+08   2.26215531E+08   2.26215531E+08   2.28656924E+08   2.71102293E+08   2.71102293E+08
   1.40000000E-03   3.49572130E+08   3.33482085E+08   3.33482085E+08   2.71441845E+08   3.31847800E+08   3.31847800E+08
   1.60000000E-03   3.99133907E+08   4.45552800E+08   4.45552800E+08   3.01335749E+08   3.74522975E+08   3.74522975E+08
   1.80000000E-03   4.40401554E+08   5.23132045E+08   5.23132045E+08   3.27182013E+08   4.10853619E+08   4.10853619E+08
   2.00000000E-03   6.70127649E+08   6.80203629E+08   6.80203629E+08   4.94352507E+08   6.28566147E+08   6.28566147E+08
   2.20000000E-03   8.42612788E+08   9.72587496E+08   9.72587496E+08   6.13794387E+08   7.84252105E+08   7.84252105E+08
   2.40000000E-03   9.70379568E+08   1.24650026E+09   1.24650026E+09   7.00208964E+08   8.97003390E+08   8.97003390E+08
   2.60000000E-03   1.06385323E+09   1.45203082E+09   1.45203082E+09   7.63159087E+08   9.79241247E+08   9.79241247E+08
   2.80000000E-03   1.31976951E+09   1.70538852E+09   1.70538852E+09   9.98265622E+08   1.23037379E+09   1.23037379E+09
   3.00000000E-03   1.54713835E+09   1.91605256E+09   1.91605256E+09   1.21058095E+09   1.45482329E+09   1.45482329E+09
   3.20000000E-03   1.72699858E+09   2.08075116E+09   2.08075116E+09   1.37947784E+09   1.63266652E+09   1.63266652E+09
   3.40000000E-03   1.87322942E+09   2.28283594E+09   2.28283594E+09   1.51454583E+09   1.77424643E+09   1.77424643E+09
   3.60000000E-03   1.99308041E+09   2.51649546E+09   2.51649546E+09   1.62293105E+09   1.88726416E+09   1.88726416E+09
   3.80000000E-03   2.08884306E+09   2.70708994E+09   2.70708994E+09   1.71004323E+09   1.97754467E+09   1.97754467E+09
   4.00000000E-03   2.23899514E+09   2.90142773E+09   2.90142773E+09   1.89236080E+09   2.13362529E+09   2.13362529E+09
   4.20000000E-03   2.39011650E+09   3.07610078E+09   3.07610078E+09   2.08615548E+09   2.29388949E+09   2.29388949E+09
   4.40000000E-03   2.51605231E+09   3.22100019E+09   3.22100019E+09   2.24972305E+09   2.42795376E+09   2.42795376E+09
   4.60000000E-03   2.62106144E+09   3.34119144E+09   3.34119144E+09   2.38807884E+09   2.54022487E+09   2.54022487E+09
   4.80000000E-03   2.70857374E+09   3.44075107E+09   3.44075107E+09   2.50527096E+09   2.63425400E+09   2.63425400E+09
   5.00000000E-03   2.78137453E+09   3.52298715E+09   3.52298715E+09   2.60459438E+09   2.71292686E+09   2.71292686E+09
   5.20000000E-03   2.84174302E+09   3.59060464E+09   3.59060464E+09   2.68875166E+09   2.77860637E+09   2.77860637E+09
   5.40000000E-03   2.89171128E+09   3.64922085E+09   3.64922085E+09   2.75997507E+09   2.83324090E+09   2.83324090E+09
   5.60000000E-03   2.93285699E+09   3.70112533E+09   3.70112533E+09   2.82012042E+09   2.87844739E+09   2.87844739E+09
   5.80000000E-03   2.97014836E+09   3.74530176E+09   3.74530176E+09   2.90071262E+09   2.92563585E+09   2.92563585E+09
   6.00000000E-03   3.00203240E+09   3.78174683E+09   3.78174683E+09   2.98257231E+09   2.96906596E+09   2.96906596E+09
   6.20000000E-03   3.02770565E+09   3.81072211E+09   3.81072211E+09   3.05348443E+09   3.00522103E+09   3.00522103E+09
   6.40000000E-03   3.04800591E+09   3.83324281E+09   3.83324281E+09   3.11482394E+09   3.03505830E+09   3.03505830E+09
   6.60000000E-03   3.06364657E+09   3.85017287E+09   3.85017287E+09   3.16776791E+09   3.05939434E+09   3.05939434E+09
   6.80000000E-03   3.07523753E+09   3.86225051E+09   3.86225051E+09   3.21332824E+09   3.07892859E+09   3.07892859E+09
   7.00000000E-03   3.08330219E+09   3.87010887E+09   3.87010887E+09   3.25237831E+09   3.09426246E+09   3.09426246E+09
   7.20000000E-03   3.08829131E+09   3.87429291E+09   3.87429291E+09   3.28567466E+09   3.10591495E+09   3.10591495E+09
   7.40000000E-03   3.09059437E+09   3.87527318E+09   3.87527318E+09   3.31387493E+09   3.11433544E+09   3.11433544E+09
   7.60000000E-03   3.09054892E+09   3.87345727E+09   3.87345727E+09   3.33755266E+09   3.11991422E+09   3.11991422E+09
   7.80000000E-03   3.08844838E+09   3.86919923E+09   3.86919923E+09   3.35720955E+09   3.12299132E+09   3.12299132E+09
   8.00000000E-03   3.08454847E+09   3.86280737E+09   3.86280737E+09   3.37328574E+09   3.12386377E+09   3.12386377E+09
   8.20000000E-03   3.07907261E+09   3.85455093E+09   3.85455093E+09   3.38616841E+09   3.12279169E+09   3.12279169E+09
   8.40000000E-03   3.06043275E+09   3.83850601E+09   3.83850601E+09   3.38596996E+09   3.10837920E+09   3.10837920E+09
   8.60000000E-03   3.02744962E+09   3.80656179E+09   3.80656179E+09   3.37213334E+09   3.07984536E+09   3.07984536E+09
   8.80000000E-03   2.99416563E+09   3.75404153E+09   3.75404153E+09   3.35746732E+09   3.05162546E+09   3.05162546E+09
   9.00000000E-03   2.96158036E+09   3.70310854E+09   3.70310854E+09   3.34209130E+09   3.02374175E+09   3.02374175E+09
   9.20000000E-03   2.92968182E+09   3.65369143E+09   3.65369143E+09   3.32611014E+09   2.99621180E+09   2.99621180E+09
   9.40000000E-03   2.89845689E+09   3.60572284E+09   3.60572284E+09   3.30961610E+09   2.96904918E+09   2.96904918E+09
   9.60000000E-03   2.86789168E+09   3.55913923E+09   3.55913923E+09   3.29269041E+09   2.94226407E+09   2.94226407E+09
   9.80000000E-03   2.83797171E+09   3.51388059E+09   3.51388059E+09   3.27540471E+09   2.91586385E+09   2.91586385E+09
   1.00000000E-02   2.80868210E+09   3.46989026E+09   3.46989026E+09   3.25782221E+09   2.88985347E+09   2.88985347E+09
   1.02000000E-02   2.78000778E+09   3.42711466E+09   3.42711466E+09   3.23999875E+09   2.86423587E+09   2.86423587E+09
   1.04000000E-02   2.75193356E+09   3.38550318E+09   3.38550318E+09   3.22198367E+09   2.83901227E+09   2.83901227E+09
   1.06000000E-02   2.72444427E+09   3.34500788E+09   3.34500788E+09   3.20382060E+09   2.81418249E+09   2.81418249E+09
   1.08000000E-02   2.69752483E+09   3.30558343E+09   3.30558343E+09   3.18554814E+09   2.78974511E+09   2.78974511E+09
   1.10000000E-02   2.67116030E+09   3.26718688E+09   3.26718688E+09   3.16720044E+09   2.76569773E+09   2.76569773E+09
   1.12000000E-02   2.64533596E+09   3.22977751E+09   3.22977751E+09   3.14880771E+09   2.74203711E+09   2.74203711E+09
   1.14000000E-02   2.62003734E+09   3.19331673E+09   3.19331673E+09   3.13039668E+09   2.71875930E+09   2.71875930E+09
   1.16000000E-02   2.59525026E+09   3.15776793E+09   3.15776793E+09   3.11199099E+09   2.69585982E+09   2.69585982E+09
   1.18000000E-02   2.57096083E+09   3.12309632E+09   3.12309632E+09   3.09361151E+09   2.67333367E+09   2.67333367E+09
   1.20000000E-02   2.54715549E+09   3.08926890E+09   3.08926890E+09   3.07527670E+09   2.65117551E+09   2.65117551E+09
   1.22000000E-02   2.52335515E+09   3.05601075E+09   3.05601075E+09   3.05639966E+09   2.62887354E+09   2.62887354E+09
   1.24000000E-02   2.47853231E+09   3.01230747E+09   3.01230747E+09   3.00953051E+09   2.58353035E+09   2.58353035E+09
   1.26000000E-02   2.43519735E+09   2.96990361E+09   2.96990361E+09   2.96411104E+09   2.53967295E+09   2.53967295E+09
   1.28000000E-02   2.39327852E+09   2.92874100E+09   2.92874100E+09   2.92007448E+09   2.49723025E+09   2.49723025E+09
   1.30000000E-02   2.35270856E+09   2.88876491E+09   2.88876491E+09   2.87735813E+09   2.45613563E+09   2.45613563E+09
   1.32000000E-02   2.31342438E+09   2.84992380E+09   2.84992380E+09   2.83590301E+09   2.41632653E+09   2.41632653E+09
   1.34000000E-02   2.27536674E+09   2.81216913E+09   2.81216913E+09   2.79565364E+09   2.37774421E+09   2.37774421E+09
   1.36000000E-02   2.23847996E+09   2.77545509E+09   2.77545509E+09   2.75655774E+09   2.34033341E+09   2.34033341E+09
   1.38000000E-02   2.20247242E+09   2.73447155E+09   2.73447155E+09   2.71856605E+09   2.30404214E+09   2.30404214E+09
   1.40000000E-02   2.16688530E+09   2.68016249E+09   2.68016249E+09   2.68163205E+09   2.26882143E+09   2.26882143E+09
   1.42000000E-02   2.13235830E+09   2.62759646E+09   2.62759646E+09   2.64571184E+09   2.23462510E+09   2.23462510E+09
   1.44000000E-02   2.09884565E+09   2.57669496E+09   2.57669496E+09   2.61076391E+09   2.20140958E+09   2.20140958E+09
   1.46000000E-02   2.06630418E+09   2.52738403E+09   2.52738403E+09   2.57674900E+09   2.16913372E+09   2.16913372E+09
   1.48000000E-02   2.03469307E+09   2.47959391E+09   2.47959391E+09   2.54362993E+09   2.13775862E+09   2.13775862E+09
   1.50000000E-02   2.00397377E+09   2.43325881E+09   2.43325881E+09   2.51137149E+09   2.10724751E+09   2.10724751E+09
   1.52000000E-02   1.97410980E+09   2.38831655E+09   2.38831655E+09   2.47994031E+09   2.07756557E+09   2.07756557E+09
   1.54000000E-02   1.94506662E+09   2.34470839E+09   2.34470839E+09   2.44930471E+09   2.04867981E+09   2.04867981E+09
   1.56000000E-02   1.91681152E+09   2.30237878E+09   2.30237878E+09   2.41943462E+09   2.02055897E+09   2.02055897E+09
   1.58000000E-02   1.88931348E+09   2.26127513E+09   2.26127513E+09   2.39030148E+09   1.99317340E+09   1.99317340E+09
   1.60000000E-02   1.86254306E+09   2.22134763E+09   2.22134763E+09   2.36187812E+09   1.96649493E+09   1.96649493E+09
   1.62000000E-02   1.83647234E+09   2.18254907E+09   2.18254907E+09   2.33413872E+09   1.94049683E+09   1.94049683E+09
   1.64000000E-02   1.81107478E+09   2.14483469E+09   2.14483469E+09   2.30705868E+09   1.91515368E+09   1.91515368E+09
   1.66000000E-02   1.78632516E+09   2.10816199E+09   2.10816199E+09   2.28061459E+09   1.89044131E+09   1.89044131E+09
   1.68000000E-02   1.76219947E+09   2.07249062E+09   2.07249062E+09   2.25478412E+09   1.86633672E+09   1.86633672E+09
   1.70000000E-02   1.73867490E+09   2.03778225E+09   2.03778225E+09   2.22954599E+09   1.84281799E+09   1.84281799E+09
   1.72000000E-02   1.71572970E+09   2.00400042E+09   2.00400042E+09   2.20487990E+09   1.81986427E+09   1.81986427E+09
   1.74000000E-02   1.69334315E+09   1.97111045E+09   1.97111045E+09   2.18076646E+09   1.79745566E+09   1.79745566E+09
   1.76000000E-02   1.67149550E+09   1.93907935E+09   1.93907935E+09   2.15718715E+09   1.77557318E+09   1.77557318E+09
   1.78000000E-02   1.65016791E+09   1.90787566E+09   1.90787566E+09   2.13412428E+09   1.75419871E+09   1.75419871E+09
   1.80000000E-02   1.62314766E+09   1.87423136E+09   1.87423136E+09   2.10244415E+09   1.72632770E+09   1.72632770E+09
   1.82000000E-02   1.59058689E+09   1.83820640E+09   1.83820640E+09   2.06236949E+09   1.69213219E+09   1.69213219E+09
   1.84000000E-02   1.55889314E+09   1.80313139E+09   1.80313139E+09   2.02334948E+09   1.65884464E+09   1.65884464E+09
   1.86000000E-02   1.52803503E+09   1.76897210E+09   1.76897210E+09   1.98534617E+09   1.62643226E+09   1.62643226E+09
   1.88000000E-02   1.49798263E+09   1.73569591E+09   1.73569591E+09   1.94832336E+09   1.59486373E+09   1.59486373E+09
   1.90000000E-02   1.46870737E+09   1.70327166E+09   1.70327166E+09   1.91224649E+09   1.56410918E+09   1.56410918E+09
   1.92000000E-02   1.44018198E+09   1.67166957E+09   1.67166957E+09   1.87708254E+09   1.53414007E+09   1.53414007E+09
   1.94000000E-02   1.41238039E+09   1.64086122E+09   1.64086122E+09   1.84279997E+09   1.50492915E+09   1.50492915E+09
   1.96000000E-02   1.38527770E+09   1.61081942E+09   1.61081942E+09   1.80936863E+09   1.47645035E+09   1.47645035E+09
   1.98000000E-02   1.35885007E+09   1.58151817E+09   1.58151817E+09   1.77675967E+09   1.44867877E+09   1.44867877E+09
   2.00000000E-02   1.33307472E+09   1.55293259E+09   1.55293259E+09   1.74494550E+09   1.42159055E+09   1.42159055E+09
   2.02000000E-02   1.30792984E+09   1.52503888E+09   1.52503888E+09   1.71389970E+09   1.39516288E+09   1.39516288E+09
   2.04000000E-02   1.28339454E+09   1.49781423E+09   1.49781423E+09   1.68359696E+09   1.36937390E+09   1.36937390E+09
   2.06000000E-02   1.25944881E+09   1.47123680E+09   1.47123680E+09   1.65401306E+09   1.34420270E+09   1.34420270E+09
   2.08000000E-02   1.23607348E+09   1.44528563E+09   1.44528563E+09   1.62512476E+09   1.31962920E+09   1.31962920E+09
   2.10000000E-02   1.21325018E+09   1.41994067E+09   1.41994067E+09   1.59690978E+09   1.29563417E+09   1.29563417E+09
   2.12000000E-02   1.19096126E+09   1.39518264E+09   1.39518264E+09   1.56934675E+09   1.27219918E+09   1.27219918E+09
   2.14000000E-02   1.16918983E+09   1.37099307E+09   1.37099307E+09   1.54241518E+09   1.24930652E+09   1.24930652E+09
   2.16000000E-02   1.14791964E+09   1.34735423E+09   1.34735423E+09   1.51609538E+09   1.22693920E+09   1.22693920E+09
   2.18000000E-02   1.12713511E+09   1.32424907E+09   1.32424907E+09   1.49036845E+09   1.20508092E+09   1.20508092E+09
   2.20000000E-02   1.10682127E+09   1.30166123E+09   1.30166123E+09   1.46521622E+09   1.18371600E+09   1.18371600E+09
   2.22000000E-02   1.08690876E+09   1.27836486E+09   1.27836486E+09   1.44062125E+09   1.16282939E+09   1.16282939E+09
   2.24000000E-02   1.06736937E+09   1.25402813E+09   1.25402813E+09   1.41656676E+09   1.14240663E+09   1.14240663E+09
   2.26000000E-02   1.04826246E+09   1.23023599E+09   1.23023599E+09   1.39303662E+09   1.12243378E+09   1.12243378E+09
   2.28000000E-02   1.02957514E+09   1.20697213E+09   1.20697213E+09   1.37001530E+09   1.10289748E+09   1.10289748E+09
   2.30000000E-02   1.01129499E+09   1.18422083E+09   1.18422083E+09   1.34748787E+09   1.08378483E+09   1.08378483E+09
   2.32000000E-02   9.93410084E+08   1.16196700E+09   1.16196700E+09   1.32543996E+09   1.06508345E+09   1.06508345E+09
   2.34000000E-02   9.75908912E+08   1.14019608E+09   1.14019608E+09   1.30385771E+09   1.04678139E+09   1.04678139E+09
   2.36000000E-02   9.58780406E+08   1.11889407E+09   1.11889407E+09   1.28272778E+09   1.02886717E+09   1.02886717E+09
   2.38000000E-02   9.42013898E+08   1.09804748E+09   1.09804748E+09   1.26203734E+09   1.01132969E+09   1.01132969E+09
   2.40000000E-02   9.25599109E+08   1.07764330E+09   1.07764330E+09   1.24177398E+09   9.94158296E+08   9.94158296E+08
   2.42000000E-02   9.09526129E+08   1.05766900E+09   1.05766900E+09   1.22192577E+09   9.77342687E+08   9.77342687E+08
   2.44000000E-02   8.93785400E+08   1.03811249E+09   1.03811249E+09   1.20248119E+09   9.60872942E+08   9.60872942E+08
   2.46000000E-02   8.78367707E+08   1.01896214E+09   1.01896214E+09   1.18342913E+09   9.44739487E+08   9.44739487E+08
   2.48000000E-02   8.63264156E+08   1.00020668E+09   1.00020668E+09   1.16475886E+09   9.28933087E+08   9.28933087E+08
   2.50000000E-02   8.48466165E+08   9.81835279E+08   9.81835279E+08   1.14646003E+09   9.13444828E+08   9.13444828E+08
   2.52000000E-02   8.33965447E+08   9.63837459E+08   9.63837459E+08   1.12852265E+09   8.98266102E+08   8.98266102E+08
   2.54000000E-02   8.19754002E+08   9.46203111E+08   9.46203111E+08   1.11093708E+09   8.83388600E+08   8.83388600E+08
   2.56000000E-02   8.05824103E+08   9.28922470E+08   9.28922470E+08   1.09369397E+09   8.68804294E+08   8.68804294E+08
   2.58000000E-02   7.92168282E+08   9.11986103E+08   9.11986103E+08   1.07678433E+09   8.54505426E+08   8.54505426E+08
   2.60000000E-02   7.78779324E+08   8.95384895E+08   8.95384895E+08   1.06019945E+09   8.40484501E+08   8.40484501E+08
   2.62000000E-02   7.65650255E+08   8.79110035E+08   8.79110035E+08   1.04393090E+09   8.26734273E+08   8.26734273E+08
   2.64000000E-02   7.51891081E+08   8.62691323E+08   8.62691323E+08   1.02600243E+09   8.12094878E+08   8.12094878E+08
   2.66000000E-02   7.37869587E+08   8.46316177E+08   8.46316177E+08   1.00724115E+09   7.97048319E+08   7.97048319E+08
   2.68000000E-02   7.24119585E+08   8.30258958E+08   8.30258958E+08   9.88842013E+08   7.82292807E+08   7.82292807E+08
   2.70000000E-02   7.10634123E+08   8.14511514E+08   8.14511514E+08   9.70795771E+08   7.67820893E+08   7.67820893E+08
   2.72000000E-02   6.97406475E+08   7.99065959E+08   7.99065959E+08   9.53093459E+08   7.53625370E+08   7.53625370E+08
   2.74000000E-02   6.84430130E+08   7.83914661E+08   7.83914661E+08   9.35726403E+08   7.39699259E+08   7.39699259E+08
   2.76000000E-02   6.71698783E+08   7.69050228E+08   7.69050228E+08   9.18686206E+08   7.26035807E+08   7.26035807E+08
   2.78000000E-02   6.59206332E+08   7.54465505E+08   7.54465505E+08   9.01964736E+08   7.12628472E+08   7.12628472E+08
   2.80000000E-02   6.46946863E+08   7.40153561E+08   7.40153561E+08   8.85554116E+08   6.99470919E+08   6.99470919E+08
   2.82000000E-02   6.34914650E+08   7.26107682E+08   7.26107682E+08   8.69446715E+08   6.86557010E+08   6.86557010E+08
   2.84000000E-02   6.23104142E+08   7.12321362E+08   7.12321362E+08   8.53635138E+08   6.73880798E+08   6.73880798E+08
   2.86000000E-02   6.11509959E+08   6.98788294E+08   6.98788294E+08   8.38112218E+08   6.61436517E+08   6.61436517E+08
   2.88000000E-02   6.00126888E+08   6.85502367E+08   6.85502367E+08   8.22871007E+08   6.49218581E+08   6.49218581E+08
   2.90000000E-02   5.88949872E+08   6.72457653E+08   6.72457653E+08   8.07904767E+08   6.37221570E+08   6.37221570E+08
   2.92000000E-02   5.77974008E+08   6.59648405E+08   6.59648405E+08   7.93206965E+08   6.25440229E+08   6.25440229E+08
   2.94000000E-02   5.67194538E+08   6.47069048E+08   6.47069048E+08   7.78771262E+08   6.13869461E+08   6.13869461E+08
   2.96000000E-02   5.56606848E+08   6.34714172E+08   6.34714172E+08   7.64591510E+08   6.02504321E+08   6.02504321E+08
   2.98000000E-02   5.46206461E+08   6.22578530E+08   6.22578530E+08   7.50661739E+08   5.91340009E+08   5.91340009E+08
   3.00000000E-02   5.35989028E+08   6.10657026E+08   6.10657026E+08   7.36976158E+08   5.80371867E+08   5.80371867E+08
   3.02000000E-02   5.25950332E+08   5.98944716E+08   5.98944716E+08   7.23529144E+08   5.69595373E+08   5.69595373E+08
   3.04000000E-02   5.16086274E+08   5.87436798E+08   5.87436798E+08   7.10315236E+08   5.59006137E+08   5.59006137E+08
   3.06000000E-02   5.06392877E+08   5.76128610E+08   5.76128610E+08   6.97329132E+08   5.48599894E+08   5.48599894E+08
   3.08000000E-02   4.96866275E+08   5.65015621E+08   5.65015621E+08   6.84565681E+08   5.38372502E+08   5.38372502E+08
   3.10000000E-02   4.87502715E+08   5.54093433E+08   5.54093433E+08   6.72019880E+08   5.28319939E+08   5.28319939E+08
   3.12000000E-02   4.78298548E+08   5.43357770E+08   5.43357770E+08   6.59686866E+08   5.18438293E+08   5.18438293E+08
   3.14000000E-02   4.69250229E+08   5.32804478E+08   5.32804478E+08   6.47561913E+08   5.08723766E+08   5.08723766E+08
   3.16000000E-02   4.60354311E+08   5.22429519E+08   5.22429519E+08   6.35640428E+08   4.99172664E+08   4.99172664E+08
   3.18000000E-02   4.51607445E+08   5.12228966E+08   5.12228966E+08   6.23917945E+08   4.89781395E+08   4.89781395E+08
   3.20000000E-02   4.43006372E+08   5.02199002E+08   5.02199002E+08   6.12390122E+08   4.80546469E+08   4.80546469E+08
   3.22000000E-02   4.34547925E+08   4.92335916E+08   4.92335916E+08   6.01052736E+08   4.71464490E+08   4.71464490E+08
   3.24000000E-02   4.26229021E+08   4.82636096E+08   4.82636096E+08   5.89901677E+08   4.62532155E+08   4.62532155E+08
   3.26000000E-02   4.18046664E+08   4.73096030E+08   4.73096030E+08   5.78932951E+08   4.53746251E+08   4.53746251E+08
   3.28000000E-02   4.09997936E+08   4.63712301E+08   4.63712301E+08   5.68142668E+08   4.45103651E+08   4.45103651E+08
   3.30000000E-02   4.02079999E+08   4.54481582E+08   4.54481582E+08   5.57527045E+08   4.36601314E+08   4.36601314E+08
   3.32000000E-02   3.94290089E+08   4.45400637E+08   4.45400637E+08   5.47082397E+08   4.28236277E+08   4.28236277E+08
   3.34000000E-02   3.86625517E+08   4.36466314E+08   4.36466314E+08   5.36805139E+08   4.20005658E+08   4.20005658E+08
   3.36000000E-02   3.79083665E+08   4.27675546E+08   4.27675546E+08   5.26691779E+08   4.11906650E+08   4.11906650E+08
   3.38000000E-02   3.71661983E+08   4.19025346E+08   4.19025346E+08   5.16738919E+08   4.03936520E+08   4.03936520E+08
   3.40000000E-02   3.64357987E+08   4.10512805E+08   4.10512805E+08   5.06943246E+08   3.96092607E+08   3.96092607E+08
   3.42000000E-02   3.57169259E+08   4.02135089E+08   4.02135089E+08   4.97301536E+08   3.88372317E+08   3.88372317E+08
   3.44000000E-02   3.50093442E+08   3.93889437E+08   3.93889437E+08   4.87810646E+08   3.80773125E+08   3.80773125E+08
   3.46000000E-02   3.43128240E+08   3.85773160E+08   3.85773160E+08   4.78467515E+08   3.73292570E+08   3.73292570E+08
   3.48000000E-02   3.36271416E+08   3.77783637E+08   3.77783637E+08   4.69269160E+08   3.65928253E+08   3.65928253E+08
   3.50000000E-02   3.29520789E+08   3.69918314E+08   3.69918314E+08   4.60212672E+08   3.58677838E+08   3.58677838E+08
   3.52000000E-02   3.22874233E+08   3.62174701E+08   3.62174701E+08   4.51295217E+08   3.51539044E+08   3.51539044E+08
   3.54000000E-02   3.16329677E+08   3.54550371E+08   3.54550371E+08   4.42514032E+08   3.44509652E+08   3.44509652E+08
   3.56000000E-02   3.09894626E+08   3.47252673E+08   3.47252673E+08   4.33866421E+08   3.37587495E+08   3.37587495E+08
   3.58000000E-02   3.03610105E+08   3.41225927E+08   3.41225927E+08   4.25349758E+08   3.30770462E+08   3.30770462E+08
   3.60000000E-02   2.97420638E+08   3.35288786E+08   3.35288786E+08   4.16961480E+08   3.24056492E+08   3.24056492E+08
   3.62000000E-02   2.91324372E+08   3.29439516E+08   3.29439516E+08   4.08699086E+08   3.17443576E+08   3.17443576E+08
   3.64000000E-02   2.85319497E+08   3.23676424E+08   3.23676424E+08   4.00560138E+08   3.10929754E+08   3.10929754E+08
   3.66000000E-02   2.79404250E+08   3.17997858E+08   3.17997858E+08   3.92542256E+08   3.04513114E+08   3.04513114E+08
   3.68000000E-02   2.73576909E+08   3.12402207E+08   3.12402207E+08   3.84643118E+08   2.98191790E+08   2.98191790E+08
   3.70000000E-02   2.67835795E+08   3.06887898E+08   3.06887898E+08   3.76860459E+08   2.91963959E+08   2.91963959E+08
   3.72000000E-02   2.62179267E+08   3.01453395E+08   3.01453395E+08   3.69192065E+08   2.85827844E+08   2.85827844E+08
   3.74000000E-02   2.56605725E+08   2.96097199E+08   2.96097199E+08   3.61635778E+08   2.79781711E+08   2.79781711E+08
   3.76000000E-02   2.51113606E+08   2.90817847E+08   2.90817847E+08   3.54189490E+08   2.73823864E+08   2.73823864E+08
   3.78000000E-02   2.45701384E+08   2.85613909E+08   2.85613909E+08   3.46851141E+08   2.67952649E+08   2.67952649E+08
   3.80000000E-02   2.40367568E+08   2.80483989E+08   2.80483989E+08   3.39618722E+08   2.62166451E+08   2.62166451E+08
   3.82000000E-02   2.35110703E+08   2.75426724E+08   2.75426724E+08   3.32490270E+08   2.56463692E+08   2.56463692E+08
   3.84000000E-02   2.29929369E+08   2.70440781E+08   2.70440781E+08   3.25463866E+08   2.50842831E+08   2.50842831E+08
   3.86000000E-02   2.25100821E+08   2.65670511E+08   2.65670511E+08   3.18888926E+08   2.45602878E+08   2.45602878E+08
   3.88000000E-02   2.21729353E+08   2.61692576E+08   2.61692576E+08   3.14170998E+08   2.41937950E+08   2.41937950E+08
   3.90000000E-02   2.18403774E+08   2.57768783E+08   2.57768783E+08   3.09517183E+08   2.38322881E+08   2.38322881E+08
   3.92000000E-02   2.15123266E+08   2.53898168E+08   2.53898168E+08   3.04926340E+08   2.34756783E+08   2.34756783E+08
   3.94000000E-02   2.11887032E+08   2.50079787E+08   2.50079787E+08   3.00397354E+08   2.31238789E+08   2.31238789E+08
   3.96000000E-02   2.08694289E+08   2.46312719E+08   2.46312719E+08   2.95929133E+08   2.27768050E+08   2.27768050E+08
   3.98000000E-02   2.05544273E+08   2.42596062E+08   2.42596062E+08   2.91520611E+08   2.24343736E+08   2.24343736E+08
   4.00000000E-02   2.02436238E+08   2.38928935E+08   2.38928935E+08   2.87170745E+08   2.20965035E+08   2.20965035E+08
   4.02000000E-02   1.99369452E+08   2.35310477E+08   2.35310477E+08   2.82878514E+08   2.17631154E+08   2.17631154E+08
   4.04000000E-02   1.96343202E+08   2.31739843E+08   2.31739843E+08   2.78642922E+08   2.14341316E+08   2.14341316E+08
   4.06000000E-02   1.93356787E+08   2.28216210E+08   2.28216210E+08   2.74462992E+08   2.11094763E+08   2.11094763E+08
   4.08000000E-02   1.90409526E+08   2.24738771E+08   2.24738771E+08   2.70337769E+08   2.07890750E+08   2.07890750E+08
   4.10000000E-02   1.87500747E+08   2.21306735E+08   2.21306735E+08   2.66266319E+08   2.04728552E+08   2.04728552E+08
   4.12000000E-02   1.84629797E+08   2.17919332E+08   2.17919332E+08   2.62247728E+08   2.01607458E+08   2.01607458E+08
   4.14000000E-02   1.81796035E+08   2.14575804E+08   2.14575804E+08   2.58281102E+08   1.98526771E+08   1.98526771E+08
   4.16000000E-02   1.78998834E+08   2.11275412E+08   2.11275412E+08   2.54365564E+08   1.95485810E+08   1.95485810E+08
   4.18000000E-02   1.76237580E+08   2.08017433E+08   2.08017433E+08   2.50500258E+08   1.92483908E+08   1.92483908E+08
   4.20000000E-02   1.73511673E+08   2.04801157E+08   2.04801157E+08   2.46684346E+08   1.89520413E+08   1.89520413E+08
   4.22000000E-02   1.70820524E+08   2.01625890E+08   2.01625890E+08   2.42917005E+08   1.86594686E+08   1.86594686E+08
   4.24000000E-02   1.68163558E+08   1.98490953E+08   1.98490953E+08   2.39197432E+08   1.83706102E+08   1.83706102E+08
   4.26000000E-02   1.65540211E+08   1.95395681E+08   1.95395681E+08   2.35524839E+08   1.80854048E+08   1.80854048E+08
   4.28000000E-02   1.62949930E+08   1.92339423E+08   1.92339423E+08   2.31898456E+08   1.78037923E+08   1.78037923E+08
   4.30000000E-02   1.60392175E+08   1.89321540E+08   1.89321540E+08   2.28317527E+08   1.75257142E+08   1.75257142E+08
   4.32000000E-02   1.57866416E+08   1.86341408E+08   1.86341408E+08   2.24781313E+08   1.72511127E+08   1.72511127E+08
   4.34000000E-02   1.55372135E+08   1.83398414E+08   1.83398414E+08   2.21289090E+08   1.69799317E+08   1.69799317E+08
   4.36000000E-02   1.52908823E+08   1.80491959E+08   1.80491959E+08   2.17840147E+08   1.67121158E+08   1.67121158E+08
   4.38000000E-02   1.50475982E+08   1.77621455E+08   1.77621455E+08   2.14433789E+08   1.64476109E+08   1.64476109E+08
   4.40000000E-02   1.48073125E+08   1.74786328E+08   1.74786328E+08   2.11069335E+08   1.61863642E+08   1.61863642E+08
   4.42000000E-02   1.45699773E+08   1.71986012E+08   1.71986012E+08   2.07746118E+08   1.59283235E+08   1.59283235E+08
   4.44000000E-02   1.43355458E+08   1.69219956E+08   1.69219956E+08   2.04463483E+08   1.56734381E+08   1.56734381E+08
   4.46000000E-02   1.41039721E+08   1.66487616E+08   1.66487616E+08   2.01220789E+08   1.54216581E+08   1.54216581E+08
   4.48000000E-02   1.38752112E+08   1.63788464E+08   1.63788464E+08   1.98017407E+08   1.51729346E+08   1.51729346E+08
   4.50000000E-02   1.36492189E+08   1.61121977E+08   1.61121977E+08   1.94852722E+08   1.49272196E+08   1.49272196E+08
   4.52000000E-02   1.34259521E+08   1.58487646E+08   1.58487646E+08   1.91726130E+08   1.46844662E+08   1.46844662E+08
   4.54000000E-02   1.32053682E+08   1.55884971E+08   1.55884971E+08   1.88637038E+08   1.44446282E+08   1.44446282E+08
   4.56000000E-02   1.29874259E+08   1.53313461E+08   1.53313461E+08   1.85584866E+08   1.42076607E+08   1.42076607E+08
   4.58000000E-02   1.27720842E+08   1.50772636E+08   1.50772636E+08   1.82569044E+08   1.39735192E+08   1.39735192E+08
   4.60000000E-02   1.25593033E+08   1.48262023E+08   1.48262023E+08   1.79589015E+08   1.37421603E+08   1.37421603E+08
   4.62000000E-02   1.23490439E+08   1.45781160E+08   1.45781160E+08   1.76644231E+08   1.35135415E+08   1.35135415E+08
   4.64000000E-02   1.21412675E+08   1.43329594E+08   1.43329594E+08   1.73734155E+08   1.32876210E+08   1.32876210E+08
   4.66000000E-02   1.19359365E+08   1.40906879E+08   1.40906879E+08   1.70858260E+08   1.30643578E+08   1.30643578E+08
   4.68000000E-02   1.17330139E+08   1.38512579E+08   1.38512579E+08   1.68016029E+08   1.28437117E+08   1.28437117E+08
   4.70000000E-02   1.15324633E+08   1.36146266E+08   1.36146266E+08   1.65206956E+08   1.26256433E+08   1.26256433E+08
   4.72000000E-02   1.13342492E+08   1.33807520E+08   1.33807520E+08   1.62430544E+08   1.24101139E+08   1.24101139E+08
   4.74000000E-02   1.11383367E+08   1.31495929E+08   1.31495929E+08   1.59686303E+08   1.21970856E+08   1.21970856E+08
   4.76000000E-02   1.09446913E+08   1.29211088E+08   1.29211088E+08   1.56973756E+08   1.19865210E+08   1.19865210E+08
   4.78000000E-02   1.07532796E+08   1.26952599E+08   1.26952599E+08   1.54292433E+08   1.17783837E+08   1.17783837E+08
   4.80000000E-02   1.05640684E+08   1.24720075E+08   1.24720075E+08   1.51641871E+08   1.15726378E+08   1.15726378E+08
   4.82000000E-02   1.03770254E+08   1.22513131E+08   1.22513131E+08   1.49021620E+08   1.13692480E+08   1.13692480E+08
   4.84000000E-02   1.01921188E+08   1.20331393E+08   1.20331393E+08   1.46431234E+08   1.11681799E+08   1.11681799E+08
   4.86000000E-02   1.00093172E+08   1.18174493E+08   1.18174493E+08   1.43870277E+08   1.09693994E+08   1.09693994E+08
   4.88000000E-02   9.82859021E+07   1.16042069E+08   1.16042069E+08   1.41338321E+08   1.07728733E+08   1.07728733E+08
   4.90000000E-02   9.64990756E+07   1.13933765E+08   1.13933765E+08   1.38834945E+08   1.05785689E+08   1.05785689E+08
   4.92000000E-02   9.47323975E+07   1.11849234E+08   1.11849234E+08   1.36359738E+08   1.03864541E+08   1.03864541E+08
   4.94000000E-02   9.29855775E+07   1.09788132E+08   1.09788132E+08   1.33912294E+08   1.01964973E+08   1.01964973E+08
   4.96000000E-02   9.12583309E+07   1.07750124E+08   1.07750124E+08   1.31492214E+08   1.00086676E+08   1.00086676E+08
   4.98000000E-02   8.95503777E+07   1.05734880E+08   1.05734880E+08   1.29099108E+08   9.82293463E+07   9.82293463E+07
   5.00000000E-02   8.78614433E+07   1.03742075E+08   1.03742075E+08   1.26732592E+08   9.63926851E+07   9.63926851E+07
   5.02000000E-02   8.61912577E+07   1.01771391E+08   1.01771391E+08   1.24392289E+08   9.45763991E+07   9.45763991E+07
   5.04000000E-02   8.45395557E+07   9.98225147E+07   9.98225147E+07   1.22077828E+08   9.27802004E+07   9.27802004E+07
   5.06000000E-02   8.29060770E+07   9.78951395E+07   9.78951395E+07   1.19788847E+08   9.10038059E+07   9.10038059E+07
   5.08000000E-02   8.12905658E+07   9.59889633E+07   9.59889633E+07   1.17524987E+08   8.92469377E+07   8.92469377E+07
   5.10000000E-02   7.96927706E+07   9.41036896E+07   9.41036896E+07   1.15285897E+08   8.75093229E+07   8.75093229E+07
   5.12000000E-02   7.81124446E+07   9.22390271E+07   9.22390271E+07   1.13071233E+08   8.57906929E+07   8.57906929E+07
   5.14000000E-02   7.65493451E+07   9.03946893E+07   9.03946893E+07   1.10880656E+08   8.40907843E+07   8.40907843E+07
   5.16000000E-02   7.50032336E+07   8.85703951E+07   8.85703951E+07   1.08713832E+08   8.24093379E+07   8.24093379E+07
   5.18000000E-02   7.34738758E+07   8.67658679E+07   8.67658679E+07   1.06570433E+08   8.07460991E+07   8.07460991E+07
   5.20000000E-02   7.19610415E+07   8.49808361E+07   8.49808361E+07   1.04450140E+08   7.91008179E+07   7.91008179E+07
   5.22000000E-02   7.04645044E+07   8.32150326E+07   8.32150326E+07   1.02352634E+08   7.74732482E+07   7.74732482E+07
   5.24000000E-02   6.89840419E+07   8.14681951E+07   8.14681951E+07   1.00277606E+08   7.58631485E+07   7.58631485E+07
   5.26000000E-02   6.75194355E+07   7.97400654E+07   7.97400654E+07   9.82247494E+07   7.42702810E+07   7.42702810E+07
   5.28000000E-02   6.60704701E+07   7.80303900E+07   7.80303900E+07   9.61937648E+07   7.26944124E+07   7.26944124E+07
   5.30000000E-02   6.46369345E+07   7.63389197E+07   7.63389197E+07   9.41843566E+07   7.11353129E+07   7.11353129E+07
   5.32000000E-02   6.32186210E+07   7.46654092E+07   7.46654092E+07   9.21962347E+07   6.95927569E+07   6.95927569E+07
   5.34000000E-02   6.18153251E+07   7.30096176E+07   7.30096176E+07   9.02291136E+07   6.80665224E+07   6.80665224E+07
   5.36000000E-02   6.04268462E+07   7.13713079E+07   7.13713079E+07   8.82827127E+07   6.65563913E+07   6.65563913E+07
   5.38000000E-02   5.90529868E+07   6.97502472E+07   6.97502472E+07   8.63567563E+07   6.50621489E+07   6.50621489E+07
   5.40000000E-02   5.76935526E+07   6.81462063E+07   6.81462063E+07   8.44509728E+07   6.35835843E+07   6.35835843E+07
   5.42000000E-02   5.63483526E+07   6.65589599E+07   6.65589599E+07   8.25650956E+07   6.21204899E+07   6.21204899E+07
   5.44000000E-02   5.50171991E+07   6.49882863E+07   6.49882863E+07   8.06988621E+07   6.06726617E+07   6.06726617E+07
   5.46000000E-02   5.36999072E+07   6.34339677E+07   6.34339677E+07   7.88520143E+07   5.92398990E+07   5.92398990E+07
   5.48000000E-02   5.23962953E+07   6.18957895E+07   6.18957895E+07   7.70242984E+07   5.78220043E+07   5.78220043E+07
   5.50000000E-02   5.11061846E+07   6.03735410E+07   6.03735410E+07   7.52154644E+07   5.64187833E+07   5.64187833E+07
   5.52000000E-02   4.98293993E+07   5.88670147E+07   5.88670147E+07   7.34252669E+07   5.50300451E+07   5.50300451E+07
   5.54000000E-02   4.85657664E+07   5.73760064E+07   5.73760064E+07   7.16534640E+07   5.36556017E+07   5.36556017E+07
   5.56000000E-02   4.73151157E+07   5.59003155E+07   5.59003155E+07   6.98998181E+07   5.22952682E+07   5.22952682E+07
   5.58000000E-02   4.60772799E+07   5.44397442E+07   5.44397442E+07   6.81640951E+07   5.09488627E+07   5.09488627E+07
   5.60000000E-02   4.48520940E+07   5.29940984E+07   5.29940984E+07   6.64460650E+07   4.96162061E+07   4.96162061E+07
   5.62000000E-02   4.36393961E+07   5.15631866E+07   5.15631866E+07   6.47455011E+07   4.82971223E+07   4.82971223E+07
   5.64000000E-02   4.24390266E+07   5.01468207E+07   5.01468207E+07   6.30621805E+07   4.69914380E+07   4.69914380E+07
   5.66000000E-02   4.12552440E+07   4.87471236E+07   4.87471236E+07   6.14017645E+07   4.57038183E+07   4.57038183E+07
   5.68000000E-02   4.08139051E+07   4.77434066E+07   4.77434066E+07   6.07554574E+07   4.52349314E+07   4.52349314E+07
   5.70000000E-02   4.04127791E+07   4.67685064E+07   4.67685064E+07   6.01650288E+07   4.48103438E+07   4.48103438E+07
   5.72000000E-02   4.00153592E+07   4.58032594E+07   4.58032594E+07   5.95800458E+07   4.43896534E+07   4.43896534E+07
   5.74000000E-02   3.96432733E+07   4.53246994E+07   4.53246994E+07   5.90004423E+07   4.39728129E+07   4.39728129E+07
   5.76000000E-02   3.92762703E+07   4.48878317E+07   4.48878317E+07   5.84261533E+07   4.35597759E+07   4.35597759E+07
   5.78000000E-02   3.89125993E+07   4.44549527E+07   4.44549527E+07   5.78571147E+07   4.31504966E+07   4.31504966E+07
   5.80000000E-02   3.85522205E+07   4.40260146E+07   4.40260146E+07   5.72932633E+07   4.27449299E+07   4.27449299E+07
   5.82000000E-02   3.81950945E+07   4.36009701E+07   4.36009701E+07   5.67345372E+07   4.23430315E+07   4.23430315E+07
   5.84000000E-02   3.78411825E+07   4.31797727E+07   4.31797727E+07   5.61808750E+07   4.19447576E+07   4.19447576E+07
   5.86000000E-02   3.74904465E+07   4.27623768E+07   4.27623768E+07   5.56322164E+07   4.15500652E+07   4.15500652E+07
   5.88000000E-02   3.71428489E+07   4.23487372E+07   4.23487372E+07   5.50885022E+07   4.11589120E+07   4.11589120E+07
   5.90000000E-02   3.67983526E+07   4.19388095E+07   4.19388095E+07   5.45496738E+07   4.07712560E+07   4.07712560E+07
   5.92000000E-02   3.64569213E+07   4.15325499E+07   4.15325499E+07   5.40156736E+07   4.03870562E+07   4.03870562E+07
   5.94000000E-02   3.61185189E+07   4.11299155E+07   4.11299155E+07   5.34864449E+07   4.00062721E+07   4.00062721E+07
   5.96000000E-02   3.57831101E+07   4.07308636E+07   4.07308636E+07   5.29619317E+07   3.96288636E+07   3.96288636E+07
   5.98000000E-02   3.54506601E+07   4.03353526E+07   4.03353526E+07   5.24420789E+07   3.92547915E+07   3.92547915E+07
   6.00000000E-02   3.51211344E+07   3.99433411E+07   3.99433411E+07   5.19268324E+07   3.88840170E+07   3.88840170E+07
   6.02000000E-02   3.47944993E+07   3.95547886E+07   3.95547886E+07   5.14161385E+07   3.85165019E+07   3.85165019E+07
   6.04000000E-02   3.44707215E+07   3.91696552E+07   3.91696552E+07   5.09099447E+07   3.81522085E+07   3.81522085E+07
   6.06000000E-02   3.41497679E+07   3.87879012E+07   3.87879012E+07   5.04081990E+07   3.77910998E+07   3.77910998E+07
   6.08000000E-02   3.38316064E+07   3.84094880E+07   3.84094880E+07   4.99108502E+07   3.74331392E+07   3.74331392E+07
   6.10000000E-02   3.35162048E+07   3.80343772E+07   3.80343772E+07   4.94178479E+07   3.70782906E+07   3.70782906E+07
   6.12000000E-02   3.32035319E+07   3.76625310E+07   3.76625310E+07   4.89291425E+07   3.67265187E+07   3.67265187E+07
   6.14000000E-02   3.28935565E+07   3.72939124E+07   3.72939124E+07   4.84446849E+07   3.63777883E+07   3.63777883E+07
   6.16000000E-02   3.25862482E+07   3.69284846E+07   3.69284846E+07   4.79644268E+07   3.60320651E+07   3.60320651E+07
   6.18000000E-02   3.22815767E+07   3.65662115E+07   3.65662115E+07   4.74883208E+07   3.56893149E+07   3.56893149E+07
   6.20000000E-02   3.19795125E+07   3.62070575E+07   3.62070575E+07   4.70163198E+07   3.53495044E+07   3.53495044E+07
   6.22000000E-02   3.16800262E+07   3.58509874E+07   3.58509874E+07   4.65483776E+07   3.50126004E+07   3.50126004E+07
   6.24000000E-02   3.13830890E+07   3.54979668E+07   3.54979668E+07   4.60844488E+07   3.46785705E+07   3.46785705E+07
   6.26000000E-02   3.10886724E+07   3.51479613E+07   3.51479613E+07   4.56244883E+07   3.43473824E+07   3.43473824E+07
   6.28000000E-02   3.07967485E+07   3.48009376E+07   3.48009376E+07   4.51684518E+07   3.40190046E+07   3.40190046E+07
   6.30000000E-02   3.05072895E+07   3.44568622E+07   3.44568622E+07   4.47162957E+07   3.36934059E+07   3.36934059E+07
   6.32000000E-02   3.02202681E+07   3.41157026E+07   3.41157026E+07   4.42679769E+07   3.33705554E+07   3.33705554E+07
   6.34000000E-02   2.99356576E+07   3.37774265E+07   3.37774265E+07   4.38234529E+07   3.30504228E+07   3.30504228E+07
   6.36000000E-02   2.96534313E+07   3.34420022E+07   3.34420022E+07   4.33826819E+07   3.27329783E+07   3.27329783E+07
   6.38000000E-02   2.93735632E+07   3.31093982E+07   3.31093982E+07   4.29456226E+07   3.24181923E+07   3.24181923E+07
   6.40000000E-02   2.90960274E+07   3.27795836E+07   3.27795836E+07   4.25122343E+07   3.21060357E+07   3.21060357E+07
   6.42000000E-02   2.88207986E+07   3.24525280E+07   3.24525280E+07   4.20824767E+07   3.17964798E+07   3.17964798E+07
   6.44000000E-02   2.85478516E+07   3.21282013E+07   3.21282013E+07   4.16563104E+07   3.14894964E+07   3.14894964E+07
   6.46000000E-02   2.82771617E+07   3.18065737E+07   3.18065737E+07   4.12336963E+07   3.11850575E+07   3.11850575E+07
   6.48000000E-02   2.80087046E+07   3.14876162E+07   3.14876162E+07   4.08145959E+07   3.08831356E+07   3.08831356E+07
   6.50000000E-02   2.77424562E+07   3.11712998E+07   3.11712998E+07   4.03989710E+07   3.05837035E+07   3.05837035E+07
   6.52000000E-02   2.74783926E+07   3.08575961E+07   3.08575961E+07   3.99867844E+07   3.02867345E+07   3.02867345E+07
   6.54000000E-02   2.72164906E+07   3.05464769E+07   3.05464769E+07   3.95779990E+07   2.99922021E+07   2.99922021E+07
   6.56000000E-02   2.69567271E+07   3.02379146E+07   3.02379146E+07   3.91725783E+07   2.97000803E+07   2.97000803E+07
   6.58000000E-02   2.66990791E+07   2.99318819E+07   2.99318819E+07   3.87704863E+07   2.94103434E+07   2.94103434E+07
   6.60000000E-02   2.64435244E+07   2.96283519E+07   2.96283519E+07   3.83716877E+07   2.91229660E+07   2.91229660E+07
   6.62000000E-02   2.61900406E+07   2.93272978E+07   2.93272978E+07   3.79761473E+07   2.88379230E+07   2.88379230E+07
   6.64000000E-02   2.59386058E+07   2.90286936E+07   2.90286936E+07   3.75838306E+07   2.85551898E+07   2.85551898E+07
   6.66000000E-02   2.56891986E+07   2.87325132E+07   2.87325132E+07   3.71947036E+07   2.82747421E+07   2.82747421E+07
   6.68000000E-02   2.54417976E+07   2.84387313E+07   2.84387313E+07   3.68087326E+07   2.79965557E+07   2.79965557E+07
   6.70000000E-02   2.51963818E+07   2.81473225E+07   2.81473225E+07   3.64258843E+07   2.77206070E+07   2.77206070E+07
   6.72000000E-02   2.49529304E+07   2.78582619E+07   2.78582619E+07   3.60461262E+07   2.74468725E+07   2.74468725E+07
   6.74000000E-02   2.47114230E+07   2.75715252E+07   2.75715252E+07   3.56694257E+07   2.71753292E+07   2.71753292E+07
   6.76000000E-02   2.44718393E+07   2.72870880E+07   2.72870880E+07   3.52957512E+07   2.69059542E+07   2.69059542E+07
   6.78000000E-02   2.42341595E+07   2.70049264E+07   2.70049264E+07   3.49250710E+07   2.66387251E+07   2.66387251E+07
   6.80000000E-02   2.39983638E+07   2.67250168E+07   2.67250168E+07   3.45573542E+07   2.63736196E+07   2.63736196E+07
   6.82000000E-02   2.37644328E+07   2.64473361E+07   2.64473361E+07   3.41925700E+07   2.61106159E+07   2.61106159E+07
   6.84000000E-02   2.35323473E+07   2.61718611E+07   2.61718611E+07   3.38306882E+07   2.58496923E+07   2.58496923E+07
   6.86000000E-02   2.33020885E+07   2.58985692E+07   2.58985692E+07   3.34716790E+07   2.55908275E+07   2.55908275E+07
   6.88000000E-02   2.30736377E+07   2.56274380E+07   2.56274380E+07   3.31155129E+07   2.53340003E+07   2.53340003E+07
   6.90000000E-02   2.28469763E+07   2.53584454E+07   2.53584454E+07   3.27621607E+07   2.50791900E+07   2.50791900E+07
   6.92000000E-02   2.26220862E+07   2.50915697E+07   2.50915697E+07   3.24115938E+07   2.48263761E+07   2.48263761E+07
   6.94000000E-02   2.23989495E+07   2.48267892E+07   2.48267892E+07   3.20637838E+07   2.45755383E+07   2.45755383E+07
   6.96000000E-02   2.21775484E+07   2.45640827E+07   2.45640827E+07   3.17187027E+07   2.43266565E+07   2.43266565E+07
   6.98000000E-02   2.19578654E+07   2.43034292E+07   2.43034292E+07   3.13763229E+07   2.40797110E+07   2.40797110E+07
   7.00000000E-02   2.17398832E+07   2.40448081E+07   2.40448081E+07   3.10366170E+07   2.38346823E+07   2.38346823E+07
   7.02000000E-02   2.15235847E+07   2.37881987E+07   2.37881987E+07   3.06995582E+07   2.35915512E+07   2.35915512E+07
   7.04000000E-02   2.13089531E+07   2.35335811E+07   2.35335811E+07   3.03651199E+07   2.33502985E+07   2.33502985E+07
   7.06000000E-02   2.10959717E+07   2.32809351E+07   2.32809351E+07   3.00332757E+07   2.31109057E+07   2.31109057E+07
   7.08000000E-02   2.08846241E+07   2.30302411E+07   2.30302411E+07   2.97039998E+07   2.28733540E+07   2.28733540E+07
   7.10000000E-02   2.06748941E+07   2.27814796E+07   2.27814796E+07   2.93772666E+07   2.26376252E+07   2.26376252E+07
   7.12000000E-02   2.04667656E+07   2.25346315E+07   2.25346315E+07   2.90530507E+07   2.24037012E+07   2.24037012E+07
   7.14000000E-02   2.02602228E+07   2.22896778E+07   2.22896778E+07   2.87313273E+07   2.21715642E+07   2.21715642E+07
   7.16000000E-02   2.00552501E+07   2.20465998E+07   2.20465998E+07   2.84120716E+07   2.19411965E+07   2.19411965E+07
   7.18000000E-02   1.98518321E+07   2.18053789E+07   2.18053789E+07   2.80952593E+07   2.17125807E+07   2.17125807E+07
   7.20000000E-02   1.96499534E+07   2.15659969E+07   2.15659969E+07   2.77808663E+07   2.14856997E+07   2.14856997E+07
   7.22000000E-02   1.94495991E+07   2.13284357E+07   2.13284357E+07   2.74688689E+07   2.12605364E+07   2.12605364E+07
   7.24000000E-02   1.92507543E+07   2.10926776E+07   2.10926776E+07   2.71592437E+07   2.10370740E+07   2.10370740E+07
   7.26000000E-02   1.90534043E+07   2.08587050E+07   2.08587050E+07   2.68519674E+07   2.08152960E+07   2.08152960E+07
   7.28000000E-02   1.88575345E+07   2.06265003E+07   2.06265003E+07   2.65470172E+07   2.05951860E+07   2.05951860E+07
   7.30000000E-02   1.86631307E+07   2.03960466E+07   2.03960466E+07   2.62443705E+07   2.03767278E+07   2.03767278E+07
   7.32000000E-02   1.84701786E+07   2.01673267E+07   2.01673267E+07   2.59440049E+07   2.01599055E+07   2.01599055E+07
   7.34000000E-02   1.82786644E+07   1.99403241E+07   1.99403241E+07   2.56458983E+07   1.99447033E+07   1.99447033E+07
   7.36000000E-02   1.80885741E+07   1.97150220E+07   1.97150220E+07   2.53500291E+07   1.97311057E+07   1.97311057E+07
   7.38000000E-02   1.78998941E+07   1.94914042E+07   1.94914042E+07   2.50563756E+07   1.95190971E+07   1.95190971E+07
   7.40000000E-02   1.77126110E+07   1.92694544E+07   1.92694544E+07   2.47649165E+07   1.93086624E+07   1.93086624E+07
   7.42000000E-02   1.75267114E+07   1.90491568E+07   1.90491568E+07   2.44756310E+07   1.90997865E+07   1.90997865E+07
   7.44000000E-02   1.73421822E+07   1.88304956E+07   1.88304956E+07   2.41884981E+07   1.88924547E+07   1.88924547E+07
   7.46000000E-02   1.71590103E+07   1.86134551E+07   1.86134551E+07   2.39034974E+07   1.86866522E+07   1.86866522E+07
   7.48000000E-02   1.69771829E+07   1.83980201E+07   1.83980201E+07   2.36206087E+07   1.84823646E+07   1.84823646E+07
   7.50000000E-02   1.67966872E+07   1.81841752E+07   1.81841752E+07   2.33398118E+07   1.82795774E+07   1.82795774E+07
   7.52000000E-02   1.66175109E+07   1.79719054E+07   1.79719054E+07   2.30610871E+07   1.80782767E+07   1.80782767E+07
   7.54000000E-02   1.64396413E+07   1.77611960E+07   1.77611960E+07   2.27844149E+07   1.78784482E+07   1.78784482E+07
   7.56000000E-02   1.62630664E+07   1.75520321E+07   1.75520321E+07   2.25097759E+07   1.76800784E+07   1.76800784E+07
   7.58000000E-02   1.60877739E+07   1.73443994E+07   1.73443994E+07   2.22371511E+07   1.74831534E+07   1.74831534E+07
   7.60000000E-02   1.59137519E+07   1.71382834E+07   1.71382834E+07   2.19665216E+07   1.72876598E+07   1.72876598E+07
   7.62000000E-02   1.57409886E+07   1.69336701E+07   1.69336701E+07   2.16978686E+07   1.70935843E+07   1.70935843E+07
   7.64000000E-02   1.55694723E+07   1.67305453E+07   1.67305453E+07   2.14311739E+07   1.69009136E+07   1.69009136E+07
   7.66000000E-02   1.53991914E+07   1.65288954E+07   1.65288954E+07   2.11664191E+07   1.67096348E+07   1.67096348E+07
   7.68000000E-02   1.52301346E+07   1.63287065E+07   1.63287065E+07   2.09035863E+07   1.65197349E+07   1.65197349E+07
   7.70000000E-02   1.50622905E+07   1.61299652E+07   1.61299652E+07   2.06426576E+07   1.63312012E+07   1.63312012E+07
   7.72000000E-02   1.48956479E+07   1.59326581E+07   1.59326581E+07   2.03836156E+07   1.61440212E+07   1.61440212E+07
   7.74000000E-02   1.47301959E+07   1.57367721E+07   1.57367721E+07   2.01264427E+07   1.59581824E+07   1.59581824E+07
   7.76000000E-02   1.45659235E+07   1.55422940E+07   1.55422940E+07   1.98711219E+07   1.57736724E+07   1.57736724E+07
   7.78000000E-02   1.44028200E+07   1.53492110E+07   1.53492110E+07   1.96176361E+07   1.55904793E+07   1.55904793E+07
   7.80000000E-02   1.42408748E+07   1.51575102E+07   1.51575102E+07   1.93659686E+07   1.54085908E+07   1.54085908E+07
   7.82000000E-02   1.40800772E+07   1.49671792E+07   1.49671792E+07   1.91161027E+07   1.52279952E+07   1.52279952E+07
   7.84000000E-02   1.39204169E+07   1.47782054E+07   1.47782054E+07   1.88680220E+07   1.50486808E+07   1.50486808E+07
   7.86000000E-02   1.37618835E+07   1.45905765E+07   1.45905765E+07   1.86217104E+07   1.48706358E+07   1.48706358E+07
   7.88000000E-02   1.36044670E+07   1.44042803E+07   1.44042803E+07   1.83771517E+07   1.46938489E+07   1.46938489E+07
   7.90000000E-02   1.34481573E+07   1.42193048E+07   1.42193048E+07   1.81343302E+07   1.45183087E+07   1.45183087E+07
   7.92000000E-02   1.32929443E+07   1.40356380E+07   1.40356380E+07   1.78932301E+07   1.43440039E+07   1.43440039E+07
   7.94000000E-02   1.31388183E+07   1.38532683E+07   1.38532683E+07   1.76538359E+07   1.41709235E+07   1.41709235E+07
   7.96000000E-02   1.29857695E+07   1.36721839E+07   1.36721839E+07   1.74161324E+07   1.39990566E+07   1.39990566E+07
   7.98000000E-02   1.28337884E+07   1.34923734E+07   1.34923734E+07   1.71801043E+07   1.38283922E+07   1.38283922E+07
   8.00000000E-02   1.26828654E+07   1.33138253E+07   1.33138253E+07   1.69457367E+07   1.36589196E+07   1.36589196E+07
   8.02000000E-02   1.25329911E+07   1.31365284E+07   1.31365284E+07   1.67130148E+07   1.34906283E+07   1.34906283E+07
   8.04000000E-02   1.23841563E+07   1.29604716E+07   1.29604716E+07   1.64819239E+07   1.33235078E+07   1.33235078E+07
   8.06000000E-02   1.22363516E+07   1.27856438E+07   1.27856438E+07   1.62524496E+07   1.31575476E+07   1.31575476E+07
   8.08000000E-02   1.20895681E+07   1.26120343E+07   1.26120343E+07   1.60245774E+07   1.29927376E+07   1.29927376E+07
   8.10000000E-02   1.19437968E+07   1.24396321E+07   1.24396321E+07   1.57982933E+07   1.28290675E+07   1.28290675E+07
   8.12000000E-02   1.17990287E+07   1.22684268E+07   1.22684268E+07   1.55735832E+07   1.26665275E+07   1.26665275E+07
   8.14000000E-02   1.16552550E+07   1.20984077E+07   1.20984077E+07   1.53504333E+07   1.25051075E+07   1.25051075E+07
   8.16000000E-02   1.15124671E+07   1.19295644E+07   1.19295644E+07   1.51288299E+07   1.23447977E+07   1.23447977E+07
   8.18000000E-02   1.13706564E+07   1.17618867E+07   1.17618867E+07   1.49087593E+07   1.21855885E+07   1.21855885E+07
   8.20000000E-02   1.12298143E+07   1.15953643E+07   1.15953643E+07   1.46902083E+07   1.20274702E+07   1.20274702E+07
   8.22000000E-02   1.10899325E+07   1.14299872E+07   1.14299872E+07   1.44731635E+07   1.18704334E+07   1.18704334E+07
   8.24000000E-02   1.09510025E+07   1.12657454E+07   1.12657454E+07   1.42576119E+07   1.17144686E+07   1.17144686E+07
   8.26000000E-02   1.08130163E+07   1.11026291E+07   1.11026291E+07   1.40435404E+07   1.15595666E+07   1.15595666E+07
   8.28000000E-02   1.06759655E+07   1.09406286E+07   1.09406286E+07   1.38309363E+07   1.14057182E+07   1.14057182E+07
   8.30000000E-02   1.05398422E+07   1.07797340E+07   1.07797340E+07   1.36197868E+07   1.12529144E+07   1.12529144E+07
   8.32000000E-02   1.04278683E+07   1.06320785E+07   1.06320785E+07   1.34607216E+07   1.11312041E+07   1.11312041E+07
   8.34000000E-02   1.03355194E+07   1.04952919E+07   1.04952919E+07   1.33441322E+07   1.10347932E+07   1.10347932E+07
   8.36000000E-02   1.02437734E+07   1.03594256E+07   1.03594256E+07   1.32283021E+07   1.09390102E+07   1.09390102E+07
   8.38000000E-02   1.01526250E+07   1.02244719E+07   1.02244719E+07   1.31132249E+07   1.08438497E+07   1.08438497E+07
   8.40000000E-02   1.00620693E+07   1.00904230E+07   1.00904230E+07   1.29988943E+07   1.07493067E+07   1.07493067E+07
   8.42000000E-02   9.97210134E+06   9.95727119E+06   9.95727119E+06   1.28853040E+07   1.06553758E+07   1.06553758E+07
   8.44000000E-02   9.88271609E+06   9.82500884E+06   9.82500884E+06   1.27724478E+07   1.05620520E+07   1.05620520E+07
   8.46000000E-02   9.79390873E+06   9.69362842E+06   9.69362842E+06   1.26603196E+07   1.04693302E+07   1.04693302E+07
   8.48000000E-02   9.70567444E+06   9.56312251E+06   9.56312251E+06   1.25489133E+07   1.03772053E+07   1.03772053E+07
   8.50000000E-02   9.61800845E+06   9.43348372E+06   9.43348372E+06   1.24382229E+07   1.02856725E+07   1.02856725E+07
   8.52000000E-02   9.53090604E+06   9.30470477E+06   9.30470477E+06   1.23282425E+07   1.01947268E+07   1.01947268E+07
   8.54000000E-02   9.44436254E+06   9.17677843E+06   9.17677843E+06   1.22189662E+07   1.01043633E+07   1.01043633E+07
   8.56000000E-02   9.35837333E+06   9.04969757E+06   9.04969757E+06   1.21103882E+07   1.00145772E+07   1.00145772E+07
   8.58000000E-02   9.27293383E+06   8.92345512E+06   8.92345512E+06   1.20025026E+07   9.92536374E+06   9.92536374E+06
   8.60000000E-02   9.18803951E+06   8.79804409E+06   8.79804409E+06   1.18953040E+07   9.83671827E+06   9.83671827E+06
   8.62000000E-02   9.10368590E+06   8.67345756E+06   8.67345756E+06   1.17887865E+07   9.74863609E+06   9.74863609E+06
   8.64000000E-02   9.01986857E+06   8.54968868E+06   8.54968868E+06   1.16829446E+07   9.66111259E+06   9.66111259E+06
   8.66000000E-02   8.93658312E+06   8.42673068E+06   8.42673068E+06   1.15777728E+07   9.57414319E+06   9.57414319E+06
   8.68000000E-02   8.85382521E+06   8.30457685E+06   8.30457685E+06   1.14732656E+07   9.48772339E+06   9.48772339E+06
   8.70000000E-02   8.77159055E+06   8.18322055E+06   8.18322055E+06   1.13694176E+07   9.40184870E+06   9.40184870E+06
   8.72000000E-02   8.68987487E+06   8.06265522E+06   8.06265522E+06   1.12662235E+07   9.31651470E+06   9.31651470E+06
   8.74000000E-02   8.60867398E+06   7.94287435E+06   7.94287435E+06   1.11636779E+07   9.23171700E+06   9.23171700E+06
   8.76000000E-02   8.52798369E+06   7.82387151E+06   7.82387151E+06   1.10617756E+07   9.14745127E+06   9.14745127E+06
   8.78000000E-02   8.44779989E+06   7.70564033E+06   7.70564033E+06   1.09605115E+07   9.06371321E+06   9.06371321E+06
   8.80000000E-02   8.36811849E+06   7.58817451E+06   7.58817451E+06   1.08598803E+07   8.98049857E+06   8.98049857E+06
   8.82000000E-02   8.28893545E+06   7.47146780E+06   7.47146780E+06   1.07598770E+07   8.89780315E+06   8.89780315E+06
   8.84000000E-02   8.21024676E+06   7.35551404E+06   7.35551404E+06   1.06604965E+07   8.81562277E+06   8.81562277E+06
   8.86000000E-02   8.13204847E+06   7.24030711E+06   7.24030711E+06   1.05617339E+07   8.73395332E+06   8.73395332E+06
   8.88000000E-02   8.05433666E+06   7.12584096E+06   7.12584096E+06   1.04635843E+07   8.65279072E+06   8.65279072E+06
   8.90000000E-02   7.97710743E+06   7.01210960E+06   7.01210960E+06   1.03660427E+07   8.57213092E+06   8.57213092E+06
   8.92000000E-02   7.90035696E+06   6.89910709E+06   6.89910709E+06   1.02691042E+07   8.49196993E+06   8.49196993E+06
   8.94000000E-02   7.82408142E+06   6.78682758E+06   6.78682758E+06   1.01727642E+07   8.41230377E+06   8.41230377E+06
   8.96000000E-02   7.74827707E+06   6.67526525E+06   6.67526525E+06   1.00770179E+07   8.33312854E+06   8.33312854E+06
   8.98000000E-02   7.67294016E+06   6.56441434E+06   6.56441434E+06   9.98186055E+06   8.25444035E+06   8.25444035E+06
   9.00000000E-02   7.59806700E+06   6.45426916E+06   6.45426916E+06   9.88728752E+06   8.17623535E+06   8.17623535E+06
   9.02000000E-02   7.52365395E+06   6.34482408E+06   6.34482408E+06   9.79329421E+06   8.09850975E+06   8.09850975E+06
   9.04000000E-02   7.44969737E+06   6.23607351E+06   6.23607351E+06   9.69987608E+06   8.02125977E+06   8.02125977E+06
   9.06000000E-02   7.37619368E+06   6.12801192E+06   6.12801192E+06   9.60702861E+06   7.94448168E+06   7.94448168E+06
   9.08000000E-02   7.30313935E+06   6.02063384E+06   6.02063384E+06   9.51474733E+06   7.86817179E+06   7.86817179E+06
   9.10000000E-02   7.23053084E+06   5.91393386E+06   5.91393386E+06   9.42302782E+06   7.79232645E+06   7.79232645E+06
   9.12000000E-02   7.15836468E+06   5.80790661E+06   5.80790661E+06   9.33186570E+06   7.71694202E+06   7.71694202E+06
   9.14000000E-02   7.08663744E+06   5.70254678E+06   5.70254678E+06   9.24125662E+06   7.64201492E+06   7.64201492E+06
   9.16000000E-02   7.01534568E+06   5.59784911E+06   5.59784911E+06   9.15119631E+06   7.56754161E+06   7.56754161E+06
   9.18000000E-02   6.94448605E+06   5.49380839E+06   5.49380839E+06   9.06168050E+06   7.49351856E+06   7.49351856E+06
   9.20000000E-02   6.87405518E+06   5.39041947E+06   5.39041947E+06   8.97270498E+06   7.41994229E+06   7.41994229E+06
   9.22000000E-02   6.80624935E+06   5.33610355E+06   5.33610355E+06   8.88426559E+06   7.34680935E+06   7.34680935E+06
   9.24000000E-02   6.73925645E+06   5.29103211E+06   5.29103211E+06   8.79635818E+06   7.27411633E+06   7.27411633E+06
   9.26000000E-02   6.67266568E+06   5.24622768E+06   5.24622768E+06   8.70897868E+06   7.20185985E+06   7.20185985E+06
   9.28000000E-02   6.60647397E+06   5.20168823E+06   5.20168823E+06   8.62212303E+06   7.13003655E+06   7.13003655E+06
   9.30000000E-02   6.54067826E+06   5.15741174E+06   5.15741174E+06   8.53578721E+06   7.05864311E+06   7.05864311E+06
   9.32000000E-02   6.47527551E+06   5.11339621E+06   5.11339621E+06   8.44996726E+06   6.98767626E+06   6.98767626E+06
   9.34000000E-02   6.41026274E+06   5.06963966E+06   5.06963966E+06   8.36465923E+06   6.91713274E+06   6.91713274E+06
   9.36000000E-02   6.34563698E+06   5.02614013E+06   5.02614013E+06   8.27985923E+06   6.84700931E+06   6.84700931E+06
   9.38000000E-02   6.28139527E+06   4.98289568E+06   4.98289568E+06   8.19556341E+06   6.77730280E+06   6.77730280E+06
   9.40000000E-02   6.21753472E+06   4.93990438E+06   4.93990438E+06   8.11176793E+06   6.70801004E+06   6.70801004E+06
   9.42000000E-02   6.15405243E+06   4.89716433E+06   4.89716433E+06   8.02846901E+06   6.63912789E+06   6.63912789E+06
   9.44000000E-02   6.09094556E+06   4.85467363E+06   4.85467363E+06   7.94566289E+06   6.57065326E+06   6.57065326E+06
   9.46000000E-02   6.02821126E+06   4.81243043E+06   4.81243043E+06   7.86334586E+06   6.50258307E+06   6.50258307E+06
   9.48000000E-02   5.96584673E+06   4.77043287E+06   4.77043287E+06   7.78151424E+06   6.43491427E+06   6.43491427E+06
   9.50000000E-02   5.90384920E+06   4.72867910E+06   4.72867910E+06   7.70016438E+06   6.36764385E+06   6.36764385E+06
   9.52000000E-02   5.84221592E+06   4.68716733E+06   4.68716733E+06   7.61929268E+06   6.30076883E+06   6.30076883E+06
   9.54000000E-02   5.78094416E+06   4.64589574E+06   4.64589574E+06   7.53889554E+06   6.23428625E+06   6.23428625E+06
   9.56000000E-02   5.72003122E+06   4.60486255E+06   4.60486255E+06   7.45896943E+06   6.16819317E+06   6.16819317E+06
   9.58000000E-02   5.65947442E+06   4.56406599E+06   4.56406599E+06   7.37951083E+06   6.10248668E+06   6.10248668E+06
   9.60000000E-02   5.59927112E+06   4.52350431E+06   4.52350431E+06   7.30051627E+06   6.03716392E+06   6.03716392E+06
   9.62000000E-02   5.53941869E+06   4.48317579E+06   4.48317579E+06   7.22198230E+06   5.97222204E+06   5.97222204E+06
   9.64000000E-02   5.47991454E+06   4.44307869E+06   4.44307869E+06   7.14390551E+06   5.90765820E+06   5.90765820E+06
   9.66000000E-02   5.42075607E+06   4.40321132E+06   4.40321132E+06   7.06628250E+06   5.84346962E+06   5.84346962E+06
   9.68000000E-02   5.36194075E+06   4.36357199E+06   4.36357199E+06   6.98910994E+06   5.77965352E+06   5.77965352E+06
   9.70000000E-02   5.30346604E+06   4.32415903E+06   4.32415903E+06   6.91238450E+06   5.71620715E+06   5.71620715E+06
   9.72000000E-02   5.24532943E+06   4.28497078E+06   4.28497078E+06   6.83610289E+06   5.65312780E+06   5.65312780E+06
   9.74000000E-02   5.18752845E+06   4.24600560E+06   4.24600560E+06   6.76026185E+06   5.59041277E+06   5.59041277E+06
   9.76000000E-02   5.13006064E+06   4.20726187E+06   4.20726187E+06   6.68485815E+06   5.52805939E+06   5.52805939E+06
   9.78000000E-02   5.07292355E+06   4.16873798E+06   4.16873798E+06   6.60988859E+06   5.46606500E+06   5.46606500E+06
   9.80000000E-02   5.01611477E+06   4.13043233E+06   4.13043233E+06   6.53535001E+06   5.40442701E+06   5.40442701E+06
   9.82000000E-02   4.95963191E+06   4.09234333E+06   4.09234333E+06   6.46123925E+06   5.34314279E+06   5.34314279E+06
   9.84000000E-02   4.90347260E+06   4.05446943E+06   4.05446943E+06   6.38755321E+06   5.28220978E+06   5.28220978E+06
   9.86000000E-02   4.84763448E+06   4.01680906E+06   4.01680906E+06   6.31428880E+06   5.22162543E+06   5.22162543E+06
   9.88000000E-02   4.79211524E+06   3.97936069E+06   3.97936069E+06   6.24144296E+06   5.16138721E+06   5.16138721E+06
   9.90000000E-02   4.73691256E+06   3.94212279E+06   3.94212279E+06   6.16901267E+06   5.10149261E+06   5.10149261E+06
   9.92000000E-02   4.68202416E+06   3.90509386E+06   3.90509386E+06   6.09699492E+06   5.04193916E+06   5.04193916E+06
   9.94000000E-02   4.62744776E+06   3.86827239E+06   3.86827239E+06   6.02538674E+06   4.98272439E+06   4.98272439E+06
   9.96000000E-02   4.57318113E+06   3.83165690E+06   3.83165690E+06   5.95418518E+06   4.92384586E+06   4.92384586E+06
   9.98000000E-02   4.51922205E+06   3.79524591E+06   3.79524591E+06   5.88338732E+06   4.86530117E+06   4.86530117E+06
   1.00000000E-01   4.46556829E+06   3.75903798E+06   3.75903798E+06   5.81299027E+06   4.80708791E+06   4.80708791E+06