# TBinMid=2.6515 ssec TBinWidth=0.1 ss EBinWidth=0.2MeV Fluence at Earth for this timebin in neutrinos per cm^2
# E(GeV)	NuE	NuMu	NuTau	aNuE	aNuMu	aNuTau
   1.38589050E-13   8.98536920E+17   7.12229440E+17   7.12229440E+17   7.20800279E+17   8.63670176E+17   8.63670176E+17
   2.00000000E-04   1.60669794E+09   1.27355654E+09   1.27355654E+09   1.28888229E+09   1.54435178E+09   1.54435178E+09
   4.00000000E-04   8.19520068E+08   6.49596367E+08   6.49596367E+08   6.57413491E+08   7.87719487E+08   7.87719487E+08
   6.00000000E-04   5.52653035E+08   4.38062981E+08   4.38062981E+08   4.43334551E+08   5.31207938E+08   5.31207938E+08
   8.00000000E-04   4.17845582E+08   3.31207231E+08   3.31207231E+08   3.35192918E+08   4.01631541E+08   4.01631541E+08
   1.00000000E-03   3.36358838E+08   2.66616387E+08   2.66616387E+08   2.69824799E+08   3.23306801E+08   3.23306801E+08
   1.20000000E-03   2.81716883E+08   2.23304189E+08   2.23304189E+08   2.25991391E+08   2.70785167E+08   2.70785167E+08
   1.40000000E-03   3.58265217E+08   3.27527682E+08   3.27527682E+08   2.75747351E+08   3.40046242E+08   3.40046242E+08
   1.60000000E-03   4.15566192E+08   4.37483625E+08   4.37483625E+08   3.11903043E+08   3.90473363E+08   3.90473363E+08
   1.80000000E-03   4.56741443E+08   5.11006719E+08   5.11006719E+08   3.37709768E+08   4.26868401E+08   4.26868401E+08
   2.00000000E-03   6.97732406E+08   6.71316417E+08   6.71316417E+08   5.03303657E+08   6.53128710E+08   6.53128710E+08
   2.20000000E-03   8.79973673E+08   1.00267648E+09   1.00267648E+09   6.21501013E+08   8.14928181E+08   8.14928181E+08
   2.40000000E-03   1.01583848E+09   1.32687037E+09   1.32687037E+09   7.06912870E+08   9.32107882E+08   9.32107882E+08
   2.60000000E-03   1.11533548E+09   1.57104393E+09   1.57104393E+09   7.69041189E+08   1.01757649E+09   1.01757649E+09
   2.80000000E-03   1.38340377E+09   1.85843395E+09   1.85843395E+09   1.02187486E+09   1.28137051E+09   1.28137051E+09
   3.00000000E-03   1.62910931E+09   2.10046540E+09   2.10046540E+09   1.25926196E+09   1.52526039E+09   1.52526039E+09
   3.20000000E-03   1.82364751E+09   2.29009434E+09   2.29009434E+09   1.44848384E+09   1.71873152E+09   1.71873152E+09
   3.40000000E-03   1.98219984E+09   2.52311562E+09   2.52311562E+09   1.60015191E+09   1.87295748E+09   1.87295748E+09
   3.60000000E-03   2.11316715E+09   2.80695403E+09   2.80695403E+09   1.72217717E+09   1.99625990E+09   1.99625990E+09
   3.80000000E-03   2.21799626E+09   3.03919058E+09   3.03919058E+09   1.82055110E+09   2.09493460E+09   2.09493460E+09
   4.00000000E-03   2.38323504E+09   3.27224426E+09   3.27224426E+09   2.02633885E+09   2.26720581E+09   2.26720581E+09
   4.20000000E-03   2.55710378E+09   3.48465361E+09   3.48465361E+09   2.25650647E+09   2.45286460E+09   2.45286460E+09
   4.40000000E-03   2.70240366E+09   3.66139847E+09   3.66139847E+09   2.45124153E+09   2.60860448E+09   2.60860448E+09
   4.60000000E-03   2.82394677E+09   3.80852199E+09   3.80852199E+09   2.61639986E+09   2.73943726E+09   2.73943726E+09
   4.80000000E-03   2.92561023E+09   3.93088981E+09   3.93088981E+09   2.75671022E+09   2.84940368E+09   2.84940368E+09
   5.00000000E-03   3.01054411E+09   4.03245226E+09   4.03245226E+09   2.87602343E+09   2.94178885E+09   2.94178885E+09
   5.20000000E-03   3.08132730E+09   4.11644106E+09   4.11644106E+09   2.97749952E+09   3.01928409E+09   3.01928409E+09
   5.40000000E-03   3.14007529E+09   4.18528495E+09   4.18528495E+09   3.06374993E+09   3.08410971E+09   3.08410971E+09
   5.60000000E-03   3.18854674E+09   4.24107132E+09   4.24107132E+09   3.13694680E+09   3.13810929E+09   3.13810929E+09
   5.80000000E-03   3.23860920E+09   4.29147896E+09   4.29147896E+09   3.23676472E+09   3.19981980E+09   3.19981980E+09
   6.00000000E-03   3.28593132E+09   4.33513430E+09   4.33513430E+09   3.34441523E+09   3.26141398E+09   3.26141398E+09
   6.20000000E-03   3.32527272E+09   4.37004810E+09   4.37004810E+09   3.43828030E+09   3.31369477E+09   3.31369477E+09
   6.40000000E-03   3.35768476E+09   4.39740439E+09   4.39740439E+09   3.52007315E+09   3.35786382E+09   3.35786382E+09
   6.60000000E-03   3.38406422E+09   4.41821109E+09   4.41821109E+09   3.59126165E+09   3.39494769E+09   3.39494769E+09
   6.80000000E-03   3.40517918E+09   4.43332960E+09   4.43332960E+09   3.65310879E+09   3.42582705E+09   3.42582705E+09
   7.00000000E-03   3.42169001E+09   4.44349894E+09   4.44349894E+09   3.70670556E+09   3.45126031E+09   3.45126031E+09
   7.20000000E-03   3.43416652E+09   4.44935536E+09   4.44935536E+09   3.75299786E+09   3.47190302E+09   3.47190302E+09
   7.40000000E-03   3.44310203E+09   4.45144840E+09   4.45144840E+09   3.79280868E+09   3.48832370E+09   3.48832370E+09
   7.60000000E-03   3.44892498E+09   4.45025420E+09   4.45025420E+09   3.82685638E+09   3.50101701E+09   3.50101701E+09
   7.80000000E-03   3.45200856E+09   4.44618646E+09   4.44618646E+09   3.85576997E+09   3.51041461E+09   3.51041461E+09
   8.00000000E-03   3.45267874E+09   4.43960560E+09   4.43960560E+09   3.88010178E+09   3.51689426E+09   3.51689426E+09
   8.20000000E-03   3.45122097E+09   4.43082641E+09   4.43082641E+09   3.90033820E+09   3.52078744E+09   3.52078744E+09
   8.40000000E-03   3.43814994E+09   4.41503539E+09   4.41503539E+09   3.90743408E+09   3.51254178E+09   3.51254178E+09
   8.60000000E-03   3.40681011E+09   4.38307351E+09   4.38307351E+09   3.89534445E+09   3.48573607E+09   3.48573607E+09
   8.80000000E-03   3.37447135E+09   4.32166887E+09   4.32166887E+09   3.88203429E+09   3.45891572E+09   3.45891572E+09
   9.00000000E-03   3.34257906E+09   4.26215367E+09   4.26215367E+09   3.86766277E+09   3.43213591E+09   3.43213591E+09
   9.20000000E-03   3.31114675E+09   4.20444079E+09   4.20444079E+09   3.85237020E+09   3.40544351E+09   3.40544351E+09
   9.40000000E-03   3.28018406E+09   4.14844826E+09   4.14844826E+09   3.83628044E+09   3.37887829E+09   3.37887829E+09
   9.60000000E-03   3.24969743E+09   4.09409887E+09   4.09409887E+09   3.81950303E+09   3.35247388E+09   3.35247388E+09
   9.80000000E-03   3.21969060E+09   4.04131991E+09   4.04131991E+09   3.80213493E+09   3.32625866E+09   3.32625866E+09
   1.00000000E-02   3.19016506E+09   3.99004279E+09   3.99004279E+09   3.78426209E+09   3.30025646E+09   3.30025646E+09
   1.02000000E-02   3.16112042E+09   3.94020285E+09   3.94020285E+09   3.76596078E+09   3.27448721E+09   3.27448721E+09
   1.04000000E-02   3.13255471E+09   3.89173901E+09   3.89173901E+09   3.74729874E+09   3.24896742E+09   3.24896742E+09
   1.06000000E-02   3.10446470E+09   3.84459360E+09   3.84459360E+09   3.72833618E+09   3.22371071E+09   3.22371071E+09
   1.08000000E-02   3.07684604E+09   3.79871211E+09   3.79871211E+09   3.70912666E+09   3.19872814E+09   3.19872814E+09
   1.10000000E-02   3.04969353E+09   3.75404296E+09   3.75404296E+09   3.68971787E+09   3.17402859E+09   3.17402859E+09
   1.12000000E-02   3.02300124E+09   3.71053736E+09   3.71053736E+09   3.67015225E+09   3.14961902E+09   3.14961902E+09
   1.14000000E-02   2.99676269E+09   3.66814908E+09   3.66814908E+09   3.65046762E+09   3.12550479E+09   3.12550479E+09
   1.16000000E-02   2.97097089E+09   3.62683432E+09   3.62683432E+09   3.63069768E+09   3.10168978E+09   3.10168978E+09
   1.18000000E-02   2.94561853E+09   3.58655153E+09   3.58655153E+09   3.61087245E+09   3.07817669E+09   3.07817669E+09
   1.20000000E-02   2.92069802E+09   3.54726131E+09   3.54726131E+09   3.59101866E+09   3.05496711E+09   3.05496711E+09
   1.22000000E-02   2.89620155E+09   3.50892622E+09   3.50892622E+09   3.57116015E+09   3.03206174E+09   3.03206174E+09
   1.24000000E-02   2.84954165E+09   3.45970814E+09   3.45970814E+09   3.52006438E+09   2.98445545E+09   2.98445545E+09
   1.26000000E-02   2.80119853E+09   3.41028271E+09   3.41028271E+09   3.46610824E+09   2.93483630E+09   2.93483630E+09
   1.28000000E-02   2.75441439E+09   3.36231670E+09   3.36231670E+09   3.41380850E+09   2.88680259E+09   2.88680259E+09
   1.30000000E-02   2.70911579E+09   3.31574535E+09   3.31574535E+09   3.36308962E+09   2.84028007E+09   2.84028007E+09
   1.32000000E-02   2.66523383E+09   3.27050773E+09   3.27050773E+09   3.31388058E+09   2.79519905E+09   2.79519905E+09
   1.34000000E-02   2.62270377E+09   3.22654639E+09   3.22654639E+09   3.26611460E+09   2.75149405E+09   2.75149405E+09
   1.36000000E-02   2.58146475E+09   3.18380721E+09   3.18380721E+09   3.21972876E+09   2.70910347E+09   2.70910347E+09
   1.38000000E-02   2.54135030E+09   3.13983551E+09   3.13983551E+09   3.17466376E+09   2.66796934E+09   2.66796934E+09
   1.40000000E-02   2.50142984E+09   3.07528331E+09   3.07528331E+09   3.13086367E+09   2.62803702E+09   2.62803702E+09
   1.42000000E-02   2.46268446E+09   3.01282496E+09   3.01282496E+09   3.08827568E+09   2.58925498E+09   2.58925498E+09
   1.44000000E-02   2.42506381E+09   2.95236561E+09   2.95236561E+09   3.04684988E+09   2.55157460E+09   2.55157460E+09
   1.46000000E-02   2.38852035E+09   2.89381592E+09   2.89381592E+09   3.00653908E+09   2.51494994E+09   2.51494994E+09
   1.48000000E-02   2.35300916E+09   2.83709168E+09   2.83709168E+09   2.96729861E+09   2.47933757E+09   2.47933757E+09
   1.50000000E-02   2.31848776E+09   2.78211342E+09   2.78211342E+09   2.92908616E+09   2.44469641E+09   2.44469641E+09
   1.52000000E-02   2.28491596E+09   2.72880614E+09   2.72880614E+09   2.89186163E+09   2.41098755E+09   2.41098755E+09
   1.54000000E-02   2.25225571E+09   2.67709895E+09   2.67709895E+09   2.85558700E+09   2.37817414E+09   2.37817414E+09
   1.56000000E-02   2.22047094E+09   2.62692480E+09   2.62692480E+09   2.82022615E+09   2.34622123E+09   2.34622123E+09
   1.58000000E-02   2.18952745E+09   2.57822028E+09   2.57822028E+09   2.78574481E+09   2.31509566E+09   2.31509566E+09
   1.60000000E-02   2.15939277E+09   2.53092531E+09   2.53092531E+09   2.75211037E+09   2.28476595E+09   2.28476595E+09
   1.62000000E-02   2.13003609E+09   2.48498299E+09   2.48498299E+09   2.71929184E+09   2.25520219E+09   2.25520219E+09
   1.64000000E-02   2.10142813E+09   2.44033934E+09   2.44033934E+09   2.68725972E+09   2.22637594E+09   2.22637594E+09
   1.66000000E-02   2.07354103E+09   2.39694315E+09   2.39694315E+09   2.65598594E+09   2.19826015E+09   2.19826015E+09
   1.68000000E-02   2.04634831E+09   2.35474582E+09   2.35474582E+09   2.62544371E+09   2.17082908E+09   2.17082908E+09
   1.70000000E-02   2.01982474E+09   2.31370115E+09   2.31370115E+09   2.59560754E+09   2.14405819E+09   2.14405819E+09
   1.72000000E-02   1.99394631E+09   2.27376524E+09   2.27376524E+09   2.56645307E+09   2.11792413E+09   2.11792413E+09
   1.74000000E-02   1.96869012E+09   2.23489633E+09   2.23489633E+09   2.53795709E+09   2.09240459E+09   2.09240459E+09
   1.76000000E-02   1.94403435E+09   2.19705468E+09   2.19705468E+09   2.51009740E+09   2.06747833E+09   2.06747833E+09
   1.78000000E-02   1.91995816E+09   2.16020246E+09   2.16020246E+09   2.48285282E+09   2.04312504E+09   2.04312504E+09
   1.80000000E-02   1.89208903E+09   2.12202842E+09   2.12202842E+09   2.44974256E+09   2.01440302E+09   2.01440302E+09
   1.82000000E-02   1.85390469E+09   2.07909888E+09   2.07909888E+09   2.40109336E+09   1.97393903E+09   1.97393903E+09
   1.84000000E-02   1.81673846E+09   2.03731459E+09   2.03731459E+09   2.35373665E+09   1.93455281E+09   1.93455281E+09
   1.86000000E-02   1.78055348E+09   1.99663408E+09   1.99663408E+09   2.30762571E+09   1.89620537E+09   1.89620537E+09
   1.88000000E-02   1.74531458E+09   1.95701776E+09   1.95701776E+09   2.26271597E+09   1.85885950E+09   1.85885950E+09
   1.90000000E-02   1.71098819E+09   1.91842787E+09   1.91842787E+09   2.21896490E+09   1.82247968E+09   1.82247968E+09
   1.92000000E-02   1.67754226E+09   1.88082836E+09   1.88082836E+09   2.17633186E+09   1.78703199E+09   1.78703199E+09
   1.94000000E-02   1.64494616E+09   1.84418477E+09   1.84418477E+09   2.13477803E+09   1.75248403E+09   1.75248403E+09
   1.96000000E-02   1.61317064E+09   1.80846416E+09   1.80846416E+09   2.09426632E+09   1.71880483E+09   1.71880483E+09
   1.98000000E-02   1.58218770E+09   1.77363505E+09   1.77363505E+09   2.05476125E+09   1.68596477E+09   1.68596477E+09
   2.00000000E-02   1.55197057E+09   1.73966730E+09   1.73966730E+09   2.01622886E+09   1.65393553E+09   1.65393553E+09
   2.02000000E-02   1.52249361E+09   1.70653210E+09   1.70653210E+09   1.97863668E+09   1.62268997E+09   1.62268997E+09
   2.04000000E-02   1.49373230E+09   1.67420183E+09   1.67420183E+09   1.94195359E+09   1.59220214E+09   1.59220214E+09
   2.06000000E-02   1.46566313E+09   1.64265004E+09   1.64265004E+09   1.90614979E+09   1.56244717E+09   1.56244717E+09
   2.08000000E-02   1.43826357E+09   1.61185141E+09   1.61185141E+09   1.87119672E+09   1.53340121E+09   1.53340121E+09
   2.10000000E-02   1.41151203E+09   1.58178162E+09   1.58178162E+09   1.83706700E+09   1.50504142E+09   1.50504142E+09
   2.12000000E-02   1.38538781E+09   1.55241740E+09   1.55241740E+09   1.80373437E+09   1.47734588E+09   1.47734588E+09
   2.14000000E-02   1.35987103E+09   1.52373637E+09   1.52373637E+09   1.77117362E+09   1.45029356E+09   1.45029356E+09
   2.16000000E-02   1.33494262E+09   1.49571709E+09   1.49571709E+09   1.73936058E+09   1.42386429E+09   1.42386429E+09
   2.18000000E-02   1.31058429E+09   1.46833896E+09   1.46833896E+09   1.70827202E+09   1.39803868E+09   1.39803868E+09
   2.20000000E-02   1.28677843E+09   1.44158220E+09   1.44158220E+09   1.67788564E+09   1.37279812E+09   1.37279812E+09
   2.22000000E-02   1.26349725E+09   1.41518788E+09   1.41518788E+09   1.64817999E+09   1.34812473E+09   1.34812473E+09
   2.24000000E-02   1.24068338E+09   1.38823198E+09   1.38823198E+09   1.61913449E+09   1.32400132E+09   1.32400132E+09
   2.26000000E-02   1.21837490E+09   1.36187933E+09   1.36187933E+09   1.59072932E+09   1.30041136E+09   1.30041136E+09
   2.28000000E-02   1.19655673E+09   1.33611187E+09   1.33611187E+09   1.56294542E+09   1.27733895E+09   1.27733895E+09
   2.30000000E-02   1.17521438E+09   1.31091220E+09   1.31091220E+09   1.53576446E+09   1.25476880E+09   1.25476880E+09
   2.32000000E-02   1.15433389E+09   1.28626358E+09   1.28626358E+09   1.50916878E+09   1.23268617E+09   1.23268617E+09
   2.34000000E-02   1.13390180E+09   1.26214990E+09   1.26214990E+09   1.48314140E+09   1.21107691E+09   1.21107691E+09
   2.36000000E-02   1.11390519E+09   1.23855564E+09   1.23855564E+09   1.45766595E+09   1.18992735E+09   1.18992735E+09
   2.38000000E-02   1.09433157E+09   1.21546586E+09   1.21546586E+09   1.43272665E+09   1.16922433E+09   1.16922433E+09
   2.40000000E-02   1.07516893E+09   1.19286614E+09   1.19286614E+09   1.40830832E+09   1.14895520E+09   1.14895520E+09
   2.42000000E-02   1.05640569E+09   1.17074261E+09   1.17074261E+09   1.38439631E+09   1.12910772E+09   1.12910772E+09
   2.44000000E-02   1.03803068E+09   1.14908189E+09   1.14908189E+09   1.36097648E+09   1.10967011E+09   1.10967011E+09
   2.46000000E-02   1.02003311E+09   1.12787105E+09   1.12787105E+09   1.33803521E+09   1.09063101E+09   1.09063101E+09
   2.48000000E-02   1.00240261E+09   1.10709766E+09   1.10709766E+09   1.31555935E+09   1.07197945E+09   1.07197945E+09
   2.50000000E-02   9.85129118E+08   1.08674969E+09   1.08674969E+09   1.29353622E+09   1.05370485E+09   1.05370485E+09
   2.52000000E-02   9.68202969E+08   1.06681553E+09   1.06681553E+09   1.27195355E+09   1.03579699E+09   1.03579699E+09
   2.54000000E-02   9.51614804E+08   1.04728400E+09   1.04728400E+09   1.25079953E+09   1.01824600E+09   1.01824600E+09
   2.56000000E-02   9.35355590E+08   1.02814428E+09   1.02814428E+09   1.23006271E+09   1.00104236E+09   1.00104236E+09
   2.58000000E-02   9.19416601E+08   1.00938590E+09   1.00938590E+09   1.20973207E+09   9.84176865E+08   9.84176865E+08
   2.60000000E-02   9.03789401E+08   9.90998790E+08   9.90998790E+08   1.18979692E+09   9.67640608E+08   9.67640608E+08
   2.62000000E-02   8.88465839E+08   9.72973173E+08   9.72973173E+08   1.17024696E+09   9.51424991E+08   9.51424991E+08
   2.64000000E-02   8.73033324E+08   9.55088075E+08   9.55088075E+08   1.15032167E+09   9.35028904E+08   9.35028904E+08
   2.66000000E-02   8.57009326E+08   9.37086132E+08   9.37086132E+08   1.12913629E+09   9.17867350E+08   9.17867350E+08
   2.68000000E-02   8.41294823E+08   9.19433325E+08   9.19433325E+08   1.10836031E+09   9.01037262E+08   9.01037262E+08
   2.70000000E-02   8.25881901E+08   9.02120708E+08   9.02120708E+08   1.08798327E+09   8.84530163E+08   8.84530163E+08
   2.72000000E-02   8.10762899E+08   8.85139626E+08   8.85139626E+08   1.06799502E+09   8.68337849E+08   8.68337849E+08
   2.74000000E-02   7.95930404E+08   8.68481698E+08   8.68481698E+08   1.04838576E+09   8.52452379E+08   8.52452379E+08
   2.76000000E-02   7.81377235E+08   8.52138813E+08   8.52138813E+08   1.02914598E+09   8.36866065E+08   8.36866065E+08
   2.78000000E-02   7.67096442E+08   8.36103116E+08   8.36103116E+08   1.01026650E+09   8.21571463E+08   8.21571463E+08
   2.80000000E-02   7.53081292E+08   8.20366998E+08   8.20366998E+08   9.91738400E+08   8.06561360E+08   8.06561360E+08
   2.82000000E-02   7.39325262E+08   8.04923090E+08   8.04923090E+08   9.73553050E+08   7.91828772E+08   7.91828772E+08
   2.84000000E-02   7.25822031E+08   7.89764250E+08   7.89764250E+08   9.55702089E+08   7.77366928E+08   7.77366928E+08
   2.86000000E-02   7.12565472E+08   7.74883555E+08   7.74883555E+08   9.38177410E+08   7.63169267E+08   7.63169267E+08
   2.88000000E-02   6.99549646E+08   7.60274296E+08   7.60274296E+08   9.20971155E+08   7.49229429E+08   7.49229429E+08
   2.90000000E-02   6.86768794E+08   7.45929966E+08   7.45929966E+08   9.04075706E+08   7.35541244E+08   7.35541244E+08
   2.92000000E-02   6.74217331E+08   7.31844257E+08   7.31844257E+08   8.87483672E+08   7.22098733E+08   7.22098733E+08
   2.94000000E-02   6.61889840E+08   7.18011047E+08   7.18011047E+08   8.71187885E+08   7.08896092E+08   7.08896092E+08
   2.96000000E-02   6.49781063E+08   7.04424399E+08   7.04424399E+08   8.55181392E+08   6.95927692E+08   6.95927692E+08
   2.98000000E-02   6.37885900E+08   6.91078550E+08   6.91078550E+08   8.39457443E+08   6.83188070E+08   6.83188070E+08
   3.00000000E-02   6.26199399E+08   6.77967909E+08   6.77967909E+08   8.24009487E+08   6.70671923E+08   6.70671923E+08
   3.02000000E-02   6.14716755E+08   6.65087047E+08   6.65087047E+08   8.08831166E+08   6.58374103E+08   6.58374103E+08
   3.04000000E-02   6.03433300E+08   6.52430691E+08   6.52430691E+08   7.93916305E+08   6.46289613E+08   6.46289613E+08
   3.06000000E-02   5.92344502E+08   6.39993724E+08   6.39993724E+08   7.79258908E+08   6.34413598E+08   6.34413598E+08
   3.08000000E-02   5.81445958E+08   6.27771174E+08   6.27771174E+08   7.64853150E+08   6.22741343E+08   6.22741343E+08
   3.10000000E-02   5.70733391E+08   6.15758208E+08   6.15758208E+08   7.50693372E+08   6.11268267E+08   6.11268267E+08
   3.12000000E-02   5.60202645E+08   6.03950136E+08   6.03950136E+08   7.36774077E+08   5.99989920E+08   5.99989920E+08
   3.14000000E-02   5.49849682E+08   5.92342394E+08   5.92342394E+08   7.23089920E+08   5.88901976E+08   5.88901976E+08
   3.16000000E-02   5.39670574E+08   5.80930550E+08   5.80930550E+08   7.09635706E+08   5.78000228E+08   5.78000228E+08
   3.18000000E-02   5.29661505E+08   5.69710294E+08   5.69710294E+08   6.96406387E+08   5.67280591E+08   5.67280591E+08
   3.20000000E-02   5.19818764E+08   5.58677434E+08   5.58677434E+08   6.83397052E+08   5.56739088E+08   5.56739088E+08
   3.22000000E-02   5.10138740E+08   5.47827895E+08   5.47827895E+08   6.70602925E+08   5.46371854E+08   5.46371854E+08
   3.24000000E-02   5.00617922E+08   5.37157712E+08   5.37157712E+08   6.58019362E+08   5.36175128E+08   5.36175128E+08
   3.26000000E-02   4.91252896E+08   5.26663030E+08   5.26663030E+08   6.45641843E+08   5.26145252E+08   5.26145252E+08
   3.28000000E-02   4.82040336E+08   5.16340095E+08   5.16340095E+08   6.33465971E+08   5.16278667E+08   5.16278667E+08
   3.30000000E-02   4.72977009E+08   5.06185257E+08   5.06185257E+08   6.21487468E+08   5.06571908E+08   5.06571908E+08
   3.32000000E-02   4.64059766E+08   4.96194960E+08   4.96194960E+08   6.09702168E+08   4.97021603E+08   4.97021603E+08
   3.34000000E-02   4.55285543E+08   4.86365747E+08   4.86365747E+08   5.98106018E+08   4.87624471E+08   4.87624471E+08
   3.36000000E-02   4.46651355E+08   4.76694247E+08   4.76694247E+08   5.86695068E+08   4.78377316E+08   4.78377316E+08
   3.38000000E-02   4.38154298E+08   4.67177182E+08   4.67177182E+08   5.75465477E+08   4.69277026E+08   4.69277026E+08
   3.40000000E-02   4.29791541E+08   4.57811356E+08   4.57811356E+08   5.64413500E+08   4.60320570E+08   4.60320570E+08
   3.42000000E-02   4.21560328E+08   4.48593660E+08   4.48593660E+08   5.53535489E+08   4.51504995E+08   4.51504995E+08
   3.44000000E-02   4.13457972E+08   4.39521061E+08   4.39521061E+08   5.42827894E+08   4.42827426E+08   4.42827426E+08
   3.46000000E-02   4.05481858E+08   4.30590606E+08   4.30590606E+08   5.32287251E+08   4.34285061E+08   4.34285061E+08
   3.48000000E-02   3.97629436E+08   4.21799419E+08   4.21799419E+08   5.21910189E+08   4.25875167E+08   4.25875167E+08
   3.50000000E-02   3.89898220E+08   4.13144693E+08   4.13144693E+08   5.11693418E+08   4.17595085E+08   4.17595085E+08
   3.52000000E-02   3.82285789E+08   4.04623695E+08   4.04623695E+08   5.01633736E+08   4.09442218E+08   4.09442218E+08
   3.54000000E-02   3.74789779E+08   3.96233760E+08   3.96233760E+08   4.91728016E+08   4.01414039E+08   4.01414039E+08
   3.56000000E-02   3.67407888E+08   3.87972289E+08   3.87972289E+08   4.81973213E+08   3.93508080E+08   3.93508080E+08
   3.58000000E-02   3.60189951E+08   3.80983355E+08   3.80983355E+08   4.72366356E+08   3.85721936E+08   3.85721936E+08
   3.60000000E-02   3.53100410E+08   3.74529860E+08   3.74529860E+08   4.62904548E+08   3.78053262E+08   3.78053262E+08
   3.62000000E-02   3.46117242E+08   3.68171569E+08   3.68171569E+08   4.53584962E+08   3.70499769E+08   3.70499769E+08
   3.64000000E-02   3.39238386E+08   3.61906651E+08   3.61906651E+08   4.44404841E+08   3.63059225E+08   3.63059225E+08
   3.66000000E-02   3.32461832E+08   3.55733319E+08   3.55733319E+08   4.35361496E+08   3.55729453E+08   3.55729453E+08
   3.68000000E-02   3.25785617E+08   3.49649829E+08   3.49649829E+08   4.26452301E+08   3.48508327E+08   3.48508327E+08
   3.70000000E-02   3.19207828E+08   3.43654479E+08   3.43654479E+08   4.17674693E+08   3.41393772E+08   3.41393772E+08
   3.72000000E-02   3.12726594E+08   3.37745608E+08   3.37745608E+08   4.09026173E+08   3.34383764E+08   3.34383764E+08
   3.74000000E-02   3.06340092E+08   3.31921593E+08   3.31921593E+08   4.00504300E+08   3.27476327E+08   3.27476327E+08
   3.76000000E-02   3.00046540E+08   3.26180850E+08   3.26180850E+08   3.92106689E+08   3.20669532E+08   3.20669532E+08
   3.78000000E-02   2.93844199E+08   3.20521833E+08   3.20521833E+08   3.83831015E+08   3.13961493E+08   3.13961493E+08
   3.80000000E-02   2.87731370E+08   3.14943031E+08   3.14943031E+08   3.75675004E+08   3.07350371E+08   3.07350371E+08
   3.82000000E-02   2.81706394E+08   3.09442969E+08   3.09442969E+08   3.67636436E+08   3.00834370E+08   3.00834370E+08
   3.84000000E-02   2.75767651E+08   3.04020205E+08   3.04020205E+08   3.59713145E+08   2.94411733E+08   2.94411733E+08
   3.86000000E-02   2.69913558E+08   2.98673331E+08   2.98673331E+08   3.51903012E+08   2.88080747E+08   2.88080747E+08
   3.88000000E-02   2.65505690E+08   2.94113488E+08   2.94113488E+08   3.46109325E+08   2.83353637E+08   2.83353637E+08
   3.90000000E-02   2.61726779E+08   2.89912928E+08   2.89912928E+08   3.41189515E+08   2.79322707E+08   2.79322707E+08
   3.92000000E-02   2.57998729E+08   2.85768932E+08   2.85768932E+08   3.36335912E+08   2.75346028E+08   2.75346028E+08
   3.94000000E-02   2.54320643E+08   2.81680500E+08   2.81680500E+08   3.31547345E+08   2.71422640E+08   2.71422640E+08
   3.96000000E-02   2.50691641E+08   2.77646653E+08   2.77646653E+08   3.26822670E+08   2.67551607E+08   2.67551607E+08
   3.98000000E-02   2.47110864E+08   2.73666437E+08   2.73666437E+08   3.22160768E+08   2.63732010E+08   2.63732010E+08
   4.00000000E-02   2.43577470E+08   2.69738915E+08   2.69738915E+08   3.17560546E+08   2.59962955E+08   2.59962955E+08
   4.02000000E-02   2.40090638E+08   2.65863174E+08   2.65863174E+08   3.13020932E+08   2.56243562E+08   2.56243562E+08
   4.04000000E-02   2.36649563E+08   2.62038319E+08   2.62038319E+08   3.08540881E+08   2.52572976E+08   2.52572976E+08
   4.06000000E-02   2.33253460E+08   2.58263474E+08   2.58263474E+08   3.04119368E+08   2.48950357E+08   2.48950357E+08
   4.08000000E-02   2.29901557E+08   2.54537785E+08   2.54537785E+08   2.99755393E+08   2.45374884E+08   2.45374884E+08
   4.10000000E-02   2.26593104E+08   2.50860413E+08   2.50860413E+08   2.95447973E+08   2.41845754E+08   2.41845754E+08
   4.12000000E-02   2.23327361E+08   2.47230539E+08   2.47230539E+08   2.91196152E+08   2.38362182E+08   2.38362182E+08
   4.14000000E-02   2.20103610E+08   2.43647360E+08   2.43647360E+08   2.86998990E+08   2.34923397E+08   2.34923397E+08
   4.16000000E-02   2.16921142E+08   2.40110093E+08   2.40110093E+08   2.82855568E+08   2.31528648E+08   2.31528648E+08
   4.18000000E-02   2.13779269E+08   2.36617967E+08   2.36617967E+08   2.78764988E+08   2.28177197E+08   2.28177197E+08
   4.20000000E-02   2.10677314E+08   2.33170232E+08   2.33170232E+08   2.74726369E+08   2.24868323E+08   2.24868323E+08
   4.22000000E-02   2.07614614E+08   2.29766151E+08   2.29766151E+08   2.70738849E+08   2.21601320E+08   2.21601320E+08
   4.24000000E-02   2.04590521E+08   2.26405003E+08   2.26405003E+08   2.66801585E+08   2.18375497E+08   2.18375497E+08
   4.26000000E-02   2.01604401E+08   2.23086081E+08   2.23086081E+08   2.62913750E+08   2.15190177E+08   2.15190177E+08
   4.28000000E-02   1.98655632E+08   2.19808694E+08   2.19808694E+08   2.59074536E+08   2.12044696E+08   2.12044696E+08
   4.30000000E-02   1.95743605E+08   2.16572166E+08   2.16572166E+08   2.55283150E+08   2.08938406E+08   2.08938406E+08
   4.32000000E-02   1.92867724E+08   2.13375832E+08   2.13375832E+08   2.51538815E+08   2.05870670E+08   2.05870670E+08
   4.34000000E-02   1.90027404E+08   2.10219044E+08   2.10219044E+08   2.47840771E+08   2.02840864E+08   2.02840864E+08
   4.36000000E-02   1.87222074E+08   2.07101164E+08   2.07101164E+08   2.44188275E+08   1.99848380E+08   1.99848380E+08
   4.38000000E-02   1.84451173E+08   2.04021570E+08   2.04021570E+08   2.40580595E+08   1.96892618E+08   1.96892618E+08
   4.40000000E-02   1.81714151E+08   2.00979649E+08   2.00979649E+08   2.37017016E+08   1.93972993E+08   1.93972993E+08
   4.42000000E-02   1.79010470E+08   1.97974803E+08   1.97974803E+08   2.33496838E+08   1.91088931E+08   1.91088931E+08
   4.44000000E-02   1.76339602E+08   1.95006446E+08   1.95006446E+08   2.30019375E+08   1.88239868E+08   1.88239868E+08
   4.46000000E-02   1.73701031E+08   1.92074001E+08   1.92074001E+08   2.26583953E+08   1.85425254E+08   1.85425254E+08
   4.48000000E-02   1.71094249E+08   1.89176907E+08   1.89176907E+08   2.23189911E+08   1.82644547E+08   1.82644547E+08
   4.50000000E-02   1.68518759E+08   1.86314608E+08   1.86314608E+08   2.19836605E+08   1.79897219E+08   1.79897219E+08
   4.52000000E-02   1.65974075E+08   1.83486565E+08   1.83486565E+08   2.16523399E+08   1.77182748E+08   1.77182748E+08
   4.54000000E-02   1.63459719E+08   1.80692246E+08   1.80692246E+08   2.13249672E+08   1.74500626E+08   1.74500626E+08
   4.56000000E-02   1.60975222E+08   1.77931130E+08   1.77931130E+08   2.10014815E+08   1.71850353E+08   1.71850353E+08
   4.58000000E-02   1.58520126E+08   1.75202706E+08   1.75202706E+08   2.06818229E+08   1.69231440E+08   1.69231440E+08
   4.60000000E-02   1.56093980E+08   1.72506474E+08   1.72506474E+08   2.03659330E+08   1.66643407E+08   1.66643407E+08
   4.62000000E-02   1.53696342E+08   1.69841942E+08   1.69841942E+08   2.00537540E+08   1.64085781E+08   1.64085781E+08
   4.64000000E-02   1.51326780E+08   1.67208628E+08   1.67208628E+08   1.97452298E+08   1.61558102E+08   1.61558102E+08
   4.66000000E-02   1.48984868E+08   1.64606060E+08   1.64606060E+08   1.94403050E+08   1.59059916E+08   1.59059916E+08
   4.68000000E-02   1.46670190E+08   1.62033774E+08   1.62033774E+08   1.91389253E+08   1.56590778E+08   1.56590778E+08
   4.70000000E-02   1.44382336E+08   1.59491316E+08   1.59491316E+08   1.88410375E+08   1.54150252E+08   1.54150252E+08
   4.72000000E-02   1.42120906E+08   1.56978239E+08   1.56978239E+08   1.85465894E+08   1.51737910E+08   1.51737910E+08
   4.74000000E-02   1.39885505E+08   1.54494105E+08   1.54494105E+08   1.82555297E+08   1.49353333E+08   1.49353333E+08
   4.76000000E-02   1.37675747E+08   1.52038484E+08   1.52038484E+08   1.79678081E+08   1.46996108E+08   1.46996108E+08
   4.78000000E-02   1.35491254E+08   1.49610956E+08   1.49610956E+08   1.76833753E+08   1.44665831E+08   1.44665831E+08
   4.80000000E-02   1.33331652E+08   1.47211105E+08   1.47211105E+08   1.74021829E+08   1.42362104E+08   1.42362104E+08
   4.82000000E-02   1.31196578E+08   1.44838526E+08   1.44838526E+08   1.71241832E+08   1.40084539E+08   1.40084539E+08
   4.84000000E-02   1.29085671E+08   1.42492820E+08   1.42492820E+08   1.68493297E+08   1.37832753E+08   1.37832753E+08
   4.86000000E-02   1.26998581E+08   1.40173595E+08   1.40173595E+08   1.65775766E+08   1.35606370E+08   1.35606370E+08
   4.88000000E-02   1.24934961E+08   1.37880468E+08   1.37880468E+08   1.63088787E+08   1.33405022E+08   1.33405022E+08
   4.90000000E-02   1.22894474E+08   1.35613061E+08   1.35613061E+08   1.60431921E+08   1.31228347E+08   1.31228347E+08
   4.92000000E-02   1.20876784E+08   1.33371003E+08   1.33371003E+08   1.57804733E+08   1.29075991E+08   1.29075991E+08
   4.94000000E-02   1.18881566E+08   1.31153931E+08   1.31153931E+08   1.55206798E+08   1.26947603E+08   1.26947603E+08
   4.96000000E-02   1.16908498E+08   1.28961488E+08   1.28961488E+08   1.52637697E+08   1.24842842E+08   1.24842842E+08
   4.98000000E-02   1.14957264E+08   1.26793322E+08   1.26793322E+08   1.50097020E+08   1.22761370E+08   1.22761370E+08
   5.00000000E-02   1.13027556E+08   1.24649089E+08   1.24649089E+08   1.47584364E+08   1.20702858E+08   1.20702858E+08
   5.02000000E-02   1.11119068E+08   1.22528451E+08   1.22528451E+08   1.45099333E+08   1.18666981E+08   1.18666981E+08
   5.04000000E-02   1.09231502E+08   1.20431075E+08   1.20431075E+08   1.42641536E+08   1.16653420E+08   1.16653420E+08
   5.06000000E-02   1.07364564E+08   1.18356635E+08   1.18356635E+08   1.40210594E+08   1.14661862E+08   1.14661862E+08
   5.08000000E-02   1.05517965E+08   1.16304810E+08   1.16304810E+08   1.37806129E+08   1.12691999E+08   1.12691999E+08
   5.10000000E-02   1.03691423E+08   1.14275284E+08   1.14275284E+08   1.35427772E+08   1.10743529E+08   1.10743529E+08
   5.12000000E-02   1.01884658E+08   1.12267748E+08   1.12267748E+08   1.33075163E+08   1.08816155E+08   1.08816155E+08
   5.14000000E-02   1.00097397E+08   1.10281897E+08   1.10281897E+08   1.30747943E+08   1.06909585E+08   1.06909585E+08
   5.16000000E-02   9.83293709E+07   1.08317433E+08   1.08317433E+08   1.28445763E+08   1.05023532E+08   1.05023532E+08
   5.18000000E-02   9.65803158E+07   1.06374062E+08   1.06374062E+08   1.26168280E+08   1.03157715E+08   1.03157715E+08
   5.20000000E-02   9.48499718E+07   1.04451494E+08   1.04451494E+08   1.23915154E+08   1.01311855E+08   1.01311855E+08
   5.22000000E-02   9.31380836E+07   1.02549446E+08   1.02549446E+08   1.21686055E+08   9.94856817E+07   9.94856817E+07
   5.24000000E-02   9.14444003E+07   1.00667639E+08   1.00667639E+08   1.19480654E+08   9.76789266E+07   9.76789266E+07
   5.26000000E-02   8.97686753E+07   9.88057987E+07   9.88057987E+07   1.17298632E+08   9.58913267E+07   9.58913267E+07
   5.28000000E-02   8.81106659E+07   9.69636548E+07   9.69636548E+07   1.15139672E+08   9.41226235E+07   9.41226235E+07
   5.30000000E-02   8.64701340E+07   9.51409426E+07   9.51409426E+07   1.13003464E+08   9.23725627E+07   9.23725627E+07
   5.32000000E-02   8.48468451E+07   9.33374014E+07   9.33374014E+07   1.10889703E+08   9.06408942E+07   9.06408942E+07
   5.34000000E-02   8.32405688E+07   9.15527750E+07   9.15527750E+07   1.08798090E+08   8.89273724E+07   8.89273724E+07
   5.36000000E-02   8.16510784E+07   8.97868114E+07   8.97868114E+07   1.06728328E+08   8.72317555E+07   8.72317555E+07
   5.38000000E-02   8.00781513E+07   8.80392628E+07   8.80392628E+07   1.04680129E+08   8.55538059E+07   8.55538059E+07
   5.40000000E-02   7.85215681E+07   8.63098854E+07   8.63098854E+07   1.02653207E+08   8.38932898E+07   8.38932898E+07
   5.42000000E-02   7.69811136E+07   8.45984396E+07   8.45984396E+07   1.00647281E+08   8.22499775E+07   8.22499775E+07
   5.44000000E-02   7.54565756E+07   8.29046898E+07   8.29046898E+07   9.86620762E+07   8.06236427E+07   8.06236427E+07
   5.46000000E-02   7.39477458E+07   8.12284040E+07   8.12284040E+07   9.66973202E+07   7.90140633E+07   7.90140633E+07
   5.48000000E-02   7.24544190E+07   7.95693543E+07   7.95693543E+07   9.47527465E+07   7.74210203E+07   7.74210203E+07
   5.50000000E-02   7.09763936E+07   7.79273162E+07   7.79273162E+07   9.28280925E+07   7.58442988E+07   7.58442988E+07
   5.52000000E-02   6.95134711E+07   7.63020692E+07   7.63020692E+07   9.09230999E+07   7.42836870E+07   7.42836870E+07
   5.54000000E-02   6.80654563E+07   7.46933961E+07   7.46933961E+07   8.90375145E+07   7.27389767E+07   7.27389767E+07
   5.56000000E-02   6.66321571E+07   7.31010832E+07   7.31010832E+07   8.71710864E+07   7.12099630E+07   7.12099630E+07
   5.58000000E-02   6.52133845E+07   7.15249205E+07   7.15249205E+07   8.53235694E+07   6.96964444E+07   6.96964444E+07
   5.60000000E-02   6.38089526E+07   6.99647011E+07   6.99647011E+07   8.34947217E+07   6.81982224E+07   6.81982224E+07
   5.62000000E-02   6.24186783E+07   6.84202215E+07   6.84202215E+07   8.16843049E+07   6.67151020E+07   6.67151020E+07
   5.64000000E-02   6.10423816E+07   6.68912815E+07   6.68912815E+07   7.98920847E+07   6.52468910E+07   6.52468910E+07
   5.66000000E-02   5.96798853E+07   6.53776839E+07   6.53776839E+07   7.81178304E+07   6.37934004E+07   6.37934004E+07
   5.68000000E-02   5.85641754E+07   6.40011103E+07   6.40011103E+07   7.66650503E+07   6.26081988E+07   6.26081988E+07
   5.70000000E-02   5.80510998E+07   6.29474649E+07   6.29474649E+07   7.59959019E+07   6.20782396E+07   6.20782396E+07
   5.72000000E-02   5.75426856E+07   6.19040814E+07   6.19040814E+07   7.53328295E+07   6.15530694E+07   6.15530694E+07
   5.74000000E-02   5.70442494E+07   6.09891173E+07   6.09891173E+07   7.46757599E+07   6.10326307E+07   6.10326307E+07
   5.76000000E-02   5.65669798E+07   6.04499952E+07   6.04499952E+07   7.40246211E+07   6.05168667E+07   6.05168667E+07
   5.78000000E-02   5.60939775E+07   5.99157349E+07   5.99157349E+07   7.33793418E+07   6.00057215E+07   6.00057215E+07
   5.80000000E-02   5.56251918E+07   5.93862781E+07   5.93862781E+07   7.27398524E+07   5.94991402E+07   5.94991402E+07
   5.82000000E-02   5.51605725E+07   5.88615678E+07   5.88615678E+07   7.21060838E+07   5.89970685E+07   5.89970685E+07
   5.84000000E-02   5.47000705E+07   5.83415476E+07   5.83415476E+07   7.14779682E+07   5.84994531E+07   5.84994531E+07
   5.86000000E-02   5.42436373E+07   5.78261620E+07   5.78261620E+07   7.08554388E+07   5.80062415E+07   5.80062415E+07
   5.88000000E-02   5.37912249E+07   5.73153563E+07   5.73153563E+07   7.02384299E+07   5.75173818E+07   5.75173818E+07
   5.90000000E-02   5.33427864E+07   5.68090767E+07   5.68090767E+07   6.96268764E+07   5.70328231E+07   5.70328231E+07
   5.92000000E-02   5.28982753E+07   5.63072701E+07   5.63072701E+07   6.90207146E+07   5.65525151E+07   5.65525151E+07
   5.94000000E-02   5.24576460E+07   5.58098843E+07   5.58098843E+07   6.84198816E+07   5.60764084E+07   5.60764084E+07
   5.96000000E-02   5.20208534E+07   5.53168679E+07   5.53168679E+07   6.78243153E+07   5.56044540E+07   5.56044540E+07
   5.98000000E-02   5.15878531E+07   5.48281700E+07   5.48281700E+07   6.72339546E+07   5.51366041E+07   5.51366041E+07
   6.00000000E-02   5.11586014E+07   5.43437407E+07   5.43437407E+07   6.66487394E+07   5.46728112E+07   5.46728112E+07
   6.02000000E-02   5.07330553E+07   5.38635308E+07   5.38635308E+07   6.60686104E+07   5.42130287E+07   5.42130287E+07
   6.04000000E-02   5.03111723E+07   5.33874917E+07   5.33874917E+07   6.54935090E+07   5.37572106E+07   5.37572106E+07
   6.06000000E-02   4.98929105E+07   5.29155756E+07   5.29155756E+07   6.49233778E+07   5.33053116E+07   5.33053116E+07
   6.08000000E-02   4.94782287E+07   5.24477354E+07   5.24477354E+07   6.43581599E+07   5.28572870E+07   5.28572870E+07
   6.10000000E-02   4.90670863E+07   5.19839246E+07   5.19839246E+07   6.37977995E+07   5.24130928E+07   5.24130928E+07
   6.12000000E-02   4.86594433E+07   5.15240975E+07   5.15240975E+07   6.32422414E+07   5.19726857E+07   5.19726857E+07
   6.14000000E-02   4.82552601E+07   5.10682088E+07   5.10682088E+07   6.26914312E+07   5.15360229E+07   5.15360229E+07
   6.16000000E-02   4.78544979E+07   5.06162143E+07   5.06162143E+07   6.21453153E+07   5.11030623E+07   5.11030623E+07
   6.18000000E-02   4.74571182E+07   5.01680699E+07   5.01680699E+07   6.16038411E+07   5.06737622E+07   5.06737622E+07
   6.20000000E-02   4.70630833E+07   4.97237325E+07   4.97237325E+07   6.10669564E+07   5.02480818E+07   5.02480818E+07
   6.22000000E-02   4.66723559E+07   4.92831595E+07   4.92831595E+07   6.05346099E+07   4.98259807E+07   4.98259807E+07
   6.24000000E-02   4.62848993E+07   4.88463090E+07   4.88463090E+07   6.00067511E+07   4.94074190E+07   4.94074190E+07
   6.26000000E-02   4.59006771E+07   4.84131393E+07   4.84131393E+07   5.94833300E+07   4.89923576E+07   4.89923576E+07
   6.28000000E-02   4.55196537E+07   4.79836099E+07   4.79836099E+07   5.89642975E+07   4.85807577E+07   4.85807577E+07
   6.30000000E-02   4.51417939E+07   4.75576803E+07   4.75576803E+07   5.84496052E+07   4.81725812E+07   4.81725812E+07
   6.32000000E-02   4.47670628E+07   4.71353110E+07   4.71353110E+07   5.79392051E+07   4.77677905E+07   4.77677905E+07
   6.34000000E-02   4.43954264E+07   4.67164627E+07   4.67164627E+07   5.74330502E+07   4.73663485E+07   4.73663485E+07
   6.36000000E-02   4.40268507E+07   4.63010969E+07   4.63010969E+07   5.69310941E+07   4.69682185E+07   4.69682185E+07
   6.38000000E-02   4.36613024E+07   4.58891755E+07   4.58891755E+07   5.64332907E+07   4.65733645E+07   4.65733645E+07
   6.40000000E-02   4.32987488E+07   4.54806610E+07   4.54806610E+07   5.59395950E+07   4.61817510E+07   4.61817510E+07
   6.42000000E-02   4.29391573E+07   4.50755164E+07   4.50755164E+07   5.54499624E+07   4.57933429E+07   4.57933429E+07
   6.44000000E-02   4.25824961E+07   4.46737051E+07   4.46737051E+07   5.49643488E+07   4.54081054E+07   4.54081054E+07
   6.46000000E-02   4.22287337E+07   4.42751912E+07   4.42751912E+07   5.44827109E+07   4.50260046E+07   4.50260046E+07
   6.48000000E-02   4.18778388E+07   4.38799391E+07   4.38799391E+07   5.40050059E+07   4.46470067E+07   4.46470067E+07
   6.50000000E-02   4.15297809E+07   4.34879138E+07   4.34879138E+07   5.35311917E+07   4.42710785E+07   4.42710785E+07
   6.52000000E-02   4.11845297E+07   4.30990807E+07   4.30990807E+07   5.30612265E+07   4.38981872E+07   4.38981872E+07
   6.54000000E-02   4.08420554E+07   4.27134058E+07   4.27134058E+07   5.25950693E+07   4.35283005E+07   4.35283005E+07
   6.56000000E-02   4.05023284E+07   4.23308553E+07   4.23308553E+07   5.21326797E+07   4.31613866E+07   4.31613866E+07
   6.58000000E-02   4.01653198E+07   4.19513962E+07   4.19513962E+07   5.16740176E+07   4.27974140E+07   4.27974140E+07
   6.60000000E-02   3.98310009E+07   4.15749956E+07   4.15749956E+07   5.12190435E+07   4.24363516E+07   4.24363516E+07
   6.62000000E-02   3.94993433E+07   4.12016214E+07   4.12016214E+07   5.07677187E+07   4.20781687E+07   4.20781687E+07
   6.64000000E-02   3.91703193E+07   4.08312415E+07   4.08312415E+07   5.03200047E+07   4.17228353E+07   4.17228353E+07
   6.66000000E-02   3.88439012E+07   4.04638246E+07   4.04638246E+07   4.98758636E+07   4.13703214E+07   4.13703214E+07
   6.68000000E-02   3.85200619E+07   4.00993397E+07   4.00993397E+07   4.94352581E+07   4.10205977E+07   4.10205977E+07
   6.70000000E-02   3.81987745E+07   3.97377560E+07   3.97377560E+07   4.89981512E+07   4.06736351E+07   4.06736351E+07
   6.72000000E-02   3.78800127E+07   3.93790435E+07   3.93790435E+07   4.85645066E+07   4.03294049E+07   4.03294049E+07
   6.74000000E-02   3.75637502E+07   3.90231723E+07   3.90231723E+07   4.81342883E+07   3.99878789E+07   3.99878789E+07
   6.76000000E-02   3.72499614E+07   3.86701129E+07   3.86701129E+07   4.77074609E+07   3.96490292E+07   3.96490292E+07
   6.78000000E-02   3.69386207E+07   3.83198363E+07   3.83198363E+07   4.72839895E+07   3.93128282E+07   3.93128282E+07
   6.80000000E-02   3.66297031E+07   3.79723139E+07   3.79723139E+07   4.68638394E+07   3.89792487E+07   3.89792487E+07
   6.82000000E-02   3.63231838E+07   3.76275174E+07   3.76275174E+07   4.64469766E+07   3.86482639E+07   3.86482639E+07
   6.84000000E-02   3.60190383E+07   3.72854187E+07   3.72854187E+07   4.60333675E+07   3.83198474E+07   3.83198474E+07
   6.86000000E-02   3.57172425E+07   3.69459905E+07   3.69459905E+07   4.56229788E+07   3.79939729E+07   3.79939729E+07
   6.88000000E-02   3.54177726E+07   3.66092054E+07   3.66092054E+07   4.52157778E+07   3.76706147E+07   3.76706147E+07
   6.90000000E-02   3.51206049E+07   3.62750366E+07   3.62750366E+07   4.48117320E+07   3.73497472E+07   3.73497472E+07
   6.92000000E-02   3.48257164E+07   3.59434575E+07   3.59434575E+07   4.44108097E+07   3.70313454E+07   3.70313454E+07
   6.94000000E-02   3.45330839E+07   3.56144421E+07   3.56144421E+07   4.40129791E+07   3.67153843E+07   3.67153843E+07
   6.96000000E-02   3.42426850E+07   3.52879644E+07   3.52879644E+07   4.36182093E+07   3.64018396E+07   3.64018396E+07
   6.98000000E-02   3.39544972E+07   3.49639990E+07   3.49639990E+07   4.32264694E+07   3.60906869E+07   3.60906869E+07
   7.00000000E-02   3.36684985E+07   3.46425206E+07   3.46425206E+07   4.28377291E+07   3.57819023E+07   3.57819023E+07
   7.02000000E-02   3.33846671E+07   3.43235044E+07   3.43235044E+07   4.24519584E+07   3.54754624E+07   3.54754624E+07
   7.04000000E-02   3.31029814E+07   3.40069258E+07   3.40069258E+07   4.20691277E+07   3.51713437E+07   3.51713437E+07
   7.06000000E-02   3.28234203E+07   3.36927605E+07   3.36927605E+07   4.16892079E+07   3.48695233E+07   3.48695233E+07
   7.08000000E-02   3.25459626E+07   3.33809847E+07   3.33809847E+07   4.13121700E+07   3.45699784E+07   3.45699784E+07
   7.10000000E-02   3.22705877E+07   3.30715746E+07   3.30715746E+07   4.09379856E+07   3.42726866E+07   3.42726866E+07
   7.12000000E-02   3.19972752E+07   3.27645069E+07   3.27645069E+07   4.05666265E+07   3.39776257E+07   3.39776257E+07
   7.14000000E-02   3.17260048E+07   3.24597586E+07   3.24597586E+07   4.01980650E+07   3.36847739E+07   3.36847739E+07
   7.16000000E-02   3.14567565E+07   3.21573068E+07   3.21573068E+07   3.98322736E+07   3.33941095E+07   3.33941095E+07
   7.18000000E-02   3.11895107E+07   3.18571291E+07   3.18571291E+07   3.94692251E+07   3.31056113E+07   3.31056113E+07
   7.20000000E-02   3.09242478E+07   3.15592033E+07   3.15592033E+07   3.91088929E+07   3.28192580E+07   3.28192580E+07
   7.22000000E-02   3.06609486E+07   3.12635073E+07   3.12635073E+07   3.87512505E+07   3.25350289E+07   3.25350289E+07
   7.24000000E-02   3.03995942E+07   3.09700196E+07   3.09700196E+07   3.83962718E+07   3.22529035E+07   3.22529035E+07
   7.26000000E-02   3.01401657E+07   3.06787187E+07   3.06787187E+07   3.80439309E+07   3.19728613E+07   3.19728613E+07
   7.28000000E-02   2.98826446E+07   3.03895835E+07   3.03895835E+07   3.76942024E+07   3.16948824E+07   3.16948824E+07
   7.30000000E-02   2.96270126E+07   3.01025930E+07   3.01025930E+07   3.73470611E+07   3.14189468E+07   3.14189468E+07
   7.32000000E-02   2.93732516E+07   2.98177267E+07   2.98177267E+07   3.70024822E+07   3.11450351E+07   3.11450351E+07
   7.34000000E-02   2.91213438E+07   2.95349641E+07   2.95349641E+07   3.66604411E+07   3.08731278E+07   3.08731278E+07
   7.36000000E-02   2.88712714E+07   2.92542852E+07   2.92542852E+07   3.63209134E+07   3.06032058E+07   3.06032058E+07
   7.38000000E-02   2.86230171E+07   2.89756699E+07   2.89756699E+07   3.59838753E+07   3.03352503E+07   3.03352503E+07
   7.40000000E-02   2.83765635E+07   2.86990987E+07   2.86990987E+07   3.56493030E+07   3.00692426E+07   3.00692426E+07
   7.42000000E-02   2.81318937E+07   2.84245521E+07   2.84245521E+07   3.53171732E+07   2.98051642E+07   2.98051642E+07
   7.44000000E-02   2.78889909E+07   2.81520109E+07   2.81520109E+07   3.49874627E+07   2.95429970E+07   2.95429970E+07
   7.46000000E-02   2.76478383E+07   2.78814562E+07   2.78814562E+07   3.46601486E+07   2.92827229E+07   2.92827229E+07
   7.48000000E-02   2.74084196E+07   2.76128692E+07   2.76128692E+07   3.43352084E+07   2.90243241E+07   2.90243241E+07
   7.50000000E-02   2.71707185E+07   2.73462314E+07   2.73462314E+07   3.40126198E+07   2.87677831E+07   2.87677831E+07
   7.52000000E-02   2.69347190E+07   2.70815245E+07   2.70815245E+07   3.36923607E+07   2.85130824E+07   2.85130824E+07
   7.54000000E-02   2.67004052E+07   2.68187305E+07   2.68187305E+07   3.33744093E+07   2.82602050E+07   2.82602050E+07
   7.56000000E-02   2.64677615E+07   2.65578314E+07   2.65578314E+07   3.30587441E+07   2.80091339E+07   2.80091339E+07
   7.58000000E-02   2.62367723E+07   2.62988096E+07   2.62988096E+07   3.27453438E+07   2.77598522E+07   2.77598522E+07
   7.60000000E-02   2.60074224E+07   2.60416477E+07   2.60416477E+07   3.24341874E+07   2.75123435E+07   2.75123435E+07
   7.62000000E-02   2.57796967E+07   2.57863284E+07   2.57863284E+07   3.21252541E+07   2.72665913E+07   2.72665913E+07
   7.64000000E-02   2.55535801E+07   2.55328346E+07   2.55328346E+07   3.18185234E+07   2.70225795E+07   2.70225795E+07
   7.66000000E-02   2.53290579E+07   2.52811495E+07   2.52811495E+07   3.15139749E+07   2.67802921E+07   2.67802921E+07
   7.68000000E-02   2.51061156E+07   2.50312565E+07   2.50312565E+07   3.12115887E+07   2.65397132E+07   2.65397132E+07
   7.70000000E-02   2.48847386E+07   2.47831391E+07   2.47831391E+07   3.09113447E+07   2.63008272E+07   2.63008272E+07
   7.72000000E-02   2.46649126E+07   2.45367810E+07   2.45367810E+07   3.06132235E+07   2.60636187E+07   2.60636187E+07
   7.74000000E-02   2.44466237E+07   2.42921661E+07   2.42921661E+07   3.03172057E+07   2.58280723E+07   2.58280723E+07
   7.76000000E-02   2.42298577E+07   2.40492786E+07   2.40492786E+07   3.00232721E+07   2.55941731E+07   2.55941731E+07
   7.78000000E-02   2.40146010E+07   2.38081027E+07   2.38081027E+07   2.97314037E+07   2.53619061E+07   2.53619061E+07
   7.80000000E-02   2.38008399E+07   2.35686229E+07   2.35686229E+07   2.94415819E+07   2.51312565E+07   2.51312565E+07
   7.82000000E-02   2.35885610E+07   2.33308239E+07   2.33308239E+07   2.91537881E+07   2.49022097E+07   2.49022097E+07
   7.84000000E-02   2.33777508E+07   2.30946903E+07   2.30946903E+07   2.88680040E+07   2.46747513E+07   2.46747513E+07
   7.86000000E-02   2.31683963E+07   2.28602073E+07   2.28602073E+07   2.85842115E+07   2.44488670E+07   2.44488670E+07
   7.88000000E-02   2.29604844E+07   2.26273600E+07   2.26273600E+07   2.83023928E+07   2.42245429E+07   2.42245429E+07
   7.90000000E-02   2.27540022E+07   2.23961337E+07   2.23961337E+07   2.80225302E+07   2.40017648E+07   2.40017648E+07
   7.92000000E-02   2.25489370E+07   2.21665139E+07   2.21665139E+07   2.77446061E+07   2.37805190E+07   2.37805190E+07
   7.94000000E-02   2.23452762E+07   2.19384863E+07   2.19384863E+07   2.74686033E+07   2.35607920E+07   2.35607920E+07
   7.96000000E-02   2.21430074E+07   2.17120366E+07   2.17120366E+07   2.71945047E+07   2.33425702E+07   2.33425702E+07
   7.98000000E-02   2.19421182E+07   2.14871509E+07   2.14871509E+07   2.69222933E+07   2.31258402E+07   2.31258402E+07
   8.00000000E-02   2.17425965E+07   2.12638152E+07   2.12638152E+07   2.66519525E+07   2.29105890E+07   2.29105890E+07
   8.02000000E-02   2.15444303E+07   2.10420159E+07   2.10420159E+07   2.63834657E+07   2.26968035E+07   2.26968035E+07
   8.04000000E-02   2.13476075E+07   2.08217394E+07   2.08217394E+07   2.61168166E+07   2.24844708E+07   2.24844708E+07
   8.06000000E-02   2.11521166E+07   2.06029722E+07   2.06029722E+07   2.58519891E+07   2.22735782E+07   2.22735782E+07
   8.08000000E-02   2.09579457E+07   2.03857012E+07   2.03857012E+07   2.55889670E+07   2.20641130E+07   2.20641130E+07
   8.10000000E-02   2.07650834E+07   2.01699132E+07   2.01699132E+07   2.53277346E+07   2.18560628E+07   2.18560628E+07
   8.12000000E-02   2.05735183E+07   1.99555951E+07   1.99555951E+07   2.50682763E+07   2.16494153E+07   2.16494153E+07
   8.14000000E-02   2.03832392E+07   1.97427343E+07   1.97427343E+07   2.48105766E+07   2.14441583E+07   2.14441583E+07
   8.16000000E-02   2.01942349E+07   1.95313179E+07   1.95313179E+07   2.45546202E+07   2.12402796E+07   2.12402796E+07
   8.18000000E-02   2.00064943E+07   1.93213335E+07   1.93213335E+07   2.43003920E+07   2.10377675E+07   2.10377675E+07
   8.20000000E-02   1.98200066E+07   1.91127685E+07   1.91127685E+07   2.40478769E+07   2.08366100E+07   2.08366100E+07
   8.22000000E-02   1.96347610E+07   1.89056108E+07   1.89056108E+07   2.37970603E+07   2.06367955E+07   2.06367955E+07
   8.24000000E-02   1.94507469E+07   1.86998482E+07   1.86998482E+07   2.35479274E+07   2.04383126E+07   2.04383126E+07
   8.26000000E-02   1.92679536E+07   1.84954687E+07   1.84954687E+07   2.33004638E+07   2.02411496E+07   2.02411496E+07
   8.28000000E-02   1.90863707E+07   1.82924603E+07   1.82924603E+07   2.30546551E+07   2.00452954E+07   2.00452954E+07
   8.30000000E-02   1.89059880E+07   1.80908114E+07   1.80908114E+07   2.28104871E+07   1.98507388E+07   1.98507388E+07
   8.32000000E-02   1.87267951E+07   1.78905103E+07   1.78905103E+07   2.25679460E+07   1.96574687E+07   1.96574687E+07
   8.34000000E-02   1.85573321E+07   1.76960146E+07   1.76960146E+07   2.23533296E+07   1.94783356E+07   1.94783356E+07
   8.36000000E-02   1.83953070E+07   1.75061202E+07   1.75061202E+07   2.21601852E+07   1.93100327E+07   1.93100327E+07
   8.38000000E-02   1.82343356E+07   1.73174840E+07   1.73174840E+07   2.19682958E+07   1.91428233E+07   1.91428233E+07
   8.40000000E-02   1.80744092E+07   1.71300953E+07   1.71300953E+07   2.17776506E+07   1.89766982E+07   1.89766982E+07
   8.42000000E-02   1.79155190E+07   1.69439436E+07   1.69439436E+07   2.15882394E+07   1.88116482E+07   1.88116482E+07
   8.44000000E-02   1.77576562E+07   1.67590184E+07   1.67590184E+07   2.14000517E+07   1.86476645E+07   1.86476645E+07
   8.46000000E-02   1.76008124E+07   1.65753093E+07   1.65753093E+07   2.12130773E+07   1.84847380E+07   1.84847380E+07
   8.48000000E-02   1.74449789E+07   1.63928063E+07   1.63928063E+07   2.10273062E+07   1.83228600E+07   1.83228600E+07
   8.50000000E-02   1.72901475E+07   1.62114992E+07   1.62114992E+07   2.08427283E+07   1.81620218E+07   1.81620218E+07
   8.52000000E-02   1.71363098E+07   1.60313779E+07   1.60313779E+07   2.06593338E+07   1.80022147E+07   1.80022147E+07
   8.54000000E-02   1.69834575E+07   1.58524326E+07   1.58524326E+07   2.04771127E+07   1.78434302E+07   1.78434302E+07
   8.56000000E-02   1.68315825E+07   1.56746534E+07   1.56746534E+07   2.02960556E+07   1.76856599E+07   1.76856599E+07
   8.58000000E-02   1.66806769E+07   1.54980308E+07   1.54980308E+07   2.01161526E+07   1.75288953E+07   1.75288953E+07
   8.60000000E-02   1.65307325E+07   1.53225551E+07   1.53225551E+07   1.99373945E+07   1.73731283E+07   1.73731283E+07
   8.62000000E-02   1.63817414E+07   1.51482168E+07   1.51482168E+07   1.97597716E+07   1.72183506E+07   1.72183506E+07
   8.64000000E-02   1.62336960E+07   1.49750065E+07   1.49750065E+07   1.95832749E+07   1.70645541E+07   1.70645541E+07
   8.66000000E-02   1.60865884E+07   1.48029149E+07   1.48029149E+07   1.94078950E+07   1.69117309E+07   1.69117309E+07
   8.68000000E-02   1.59404111E+07   1.46319328E+07   1.46319328E+07   1.92336228E+07   1.67598729E+07   1.67598729E+07
   8.70000000E-02   1.57951563E+07   1.44620512E+07   1.44620512E+07   1.90604494E+07   1.66089724E+07   1.66089724E+07
   8.72000000E-02   1.56508167E+07   1.42932609E+07   1.42932609E+07   1.88883658E+07   1.64590214E+07   1.64590214E+07
   8.74000000E-02   1.55073847E+07   1.41255532E+07   1.41255532E+07   1.87173631E+07   1.63100125E+07   1.63100125E+07
   8.76000000E-02   1.53648532E+07   1.39589191E+07   1.39589191E+07   1.85474327E+07   1.61619378E+07   1.61619378E+07
   8.78000000E-02   1.52232147E+07   1.37933499E+07   1.37933499E+07   1.83785659E+07   1.60147900E+07   1.60147900E+07
   8.80000000E-02   1.50824621E+07   1.36288370E+07   1.36288370E+07   1.82107541E+07   1.58685614E+07   1.58685614E+07
   8.82000000E-02   1.49425883E+07   1.34653718E+07   1.34653718E+07   1.80439889E+07   1.57232449E+07   1.57232449E+07
   8.84000000E-02   1.48035862E+07   1.33029458E+07   1.33029458E+07   1.78782618E+07   1.55788329E+07   1.55788329E+07
   8.86000000E-02   1.46654489E+07   1.31415507E+07   1.31415507E+07   1.77135645E+07   1.54353183E+07   1.54353183E+07
   8.88000000E-02   1.45281694E+07   1.29811781E+07   1.29811781E+07   1.75498888E+07   1.52926939E+07   1.52926939E+07
   8.90000000E-02   1.43917409E+07   1.28218198E+07   1.28218198E+07   1.73872266E+07   1.51509527E+07   1.51509527E+07
   8.92000000E-02   1.42561566E+07   1.26634677E+07   1.26634677E+07   1.72255698E+07   1.50100875E+07   1.50100875E+07
   8.94000000E-02   1.41214098E+07   1.25061138E+07   1.25061138E+07   1.70649104E+07   1.48700915E+07   1.48700915E+07
   8.96000000E-02   1.39874939E+07   1.23497500E+07   1.23497500E+07   1.69052405E+07   1.47309577E+07   1.47309577E+07
   8.98000000E-02   1.38544023E+07   1.21943684E+07   1.21943684E+07   1.67465524E+07   1.45926794E+07   1.45926794E+07
   9.00000000E-02   1.37221285E+07   1.20399613E+07   1.20399613E+07   1.65888382E+07   1.44552497E+07   1.44552497E+07
   9.02000000E-02   1.35906660E+07   1.18865209E+07   1.18865209E+07   1.64320903E+07   1.43186621E+07   1.43186621E+07
   9.04000000E-02   1.34600085E+07   1.17340395E+07   1.17340395E+07   1.62763010E+07   1.41829099E+07   1.41829099E+07
   9.06000000E-02   1.33301497E+07   1.15825096E+07   1.15825096E+07   1.61214630E+07   1.40479864E+07   1.40479864E+07
   9.08000000E-02   1.32010833E+07   1.14319236E+07   1.14319236E+07   1.59675686E+07   1.39138854E+07   1.39138854E+07
   9.10000000E-02   1.30728031E+07   1.12822741E+07   1.12822741E+07   1.58146107E+07   1.37806002E+07   1.37806002E+07
   9.12000000E-02   1.29453030E+07   1.11335538E+07   1.11335538E+07   1.56625818E+07   1.36481247E+07   1.36481247E+07
   9.14000000E-02   1.28185769E+07   1.09857553E+07   1.09857553E+07   1.55114747E+07   1.35164524E+07   1.35164524E+07
   9.16000000E-02   1.26926188E+07   1.08388714E+07   1.08388714E+07   1.53612823E+07   1.33855771E+07   1.33855771E+07
   9.18000000E-02   1.25674228E+07   1.06928950E+07   1.06928950E+07   1.52119975E+07   1.32554927E+07   1.32554927E+07
   9.20000000E-02   1.24429829E+07   1.05478190E+07   1.05478190E+07   1.50636132E+07   1.31261930E+07   1.31261930E+07
   9.22000000E-02   1.23192933E+07   1.04036364E+07   1.04036364E+07   1.49161226E+07   1.29976721E+07   1.29976721E+07
   9.24000000E-02   1.21983576E+07   1.03045780E+07   1.03045780E+07   1.47695187E+07   1.28699238E+07   1.28699238E+07
   9.26000000E-02   1.20788305E+07   1.02211468E+07   1.02211468E+07   1.46237947E+07   1.27429422E+07   1.27429422E+07
   9.28000000E-02   1.19600193E+07   1.01382069E+07   1.01382069E+07   1.44789439E+07   1.26167215E+07   1.26167215E+07
   9.30000000E-02   1.18419183E+07   1.00557545E+07   1.00557545E+07   1.43349596E+07   1.24912559E+07   1.24912559E+07
   9.32000000E-02   1.17245223E+07   9.97378610E+06   9.97378610E+06   1.41918351E+07   1.23665395E+07   1.23665395E+07
   9.34000000E-02   1.16078258E+07   9.89229788E+06   9.89229788E+06   1.40495640E+07   1.22425667E+07   1.22425667E+07
   9.36000000E-02   1.14918235E+07   9.81128625E+06   9.81128625E+06   1.39081396E+07   1.21193318E+07   1.21193318E+07
   9.38000000E-02   1.13765101E+07   9.73074761E+06   9.73074761E+06   1.37675556E+07   1.19968291E+07   1.19968291E+07
   9.40000000E-02   1.12618804E+07   9.65067840E+06   9.65067840E+06   1.36278056E+07   1.18750532E+07   1.18750532E+07
   9.42000000E-02   1.11479293E+07   9.57107510E+06   9.57107510E+06   1.34888833E+07   1.17539985E+07   1.17539985E+07
   9.44000000E-02   1.10346515E+07   9.49193421E+06   9.49193421E+06   1.33507824E+07   1.16336596E+07   1.16336596E+07
   9.46000000E-02   1.09220421E+07   9.41325226E+06   9.41325226E+06   1.32134968E+07   1.15140311E+07   1.15140311E+07
   9.48000000E-02   1.08100960E+07   9.33502584E+06   9.33502584E+06   1.30770203E+07   1.13951076E+07   1.13951076E+07
   9.50000000E-02   1.06988082E+07   9.25725153E+06   9.25725153E+06   1.29413468E+07   1.12768839E+07   1.12768839E+07
   9.52000000E-02   1.05881738E+07   9.17992599E+06   9.17992599E+06   1.28064703E+07   1.11593547E+07   1.11593547E+07
   9.54000000E-02   1.04781879E+07   9.10304587E+06   9.10304587E+06   1.26723848E+07   1.10425148E+07   1.10425148E+07
   9.56000000E-02   1.03688456E+07   9.02660788E+06   9.02660788E+06   1.25390845E+07   1.09263590E+07   1.09263590E+07
   9.58000000E-02   1.02601423E+07   8.95060874E+06   8.95060874E+06   1.24065635E+07   1.08108823E+07   1.08108823E+07
   9.60000000E-02   1.01520730E+07   8.87504521E+06   8.87504521E+06   1.22748160E+07   1.06960796E+07   1.06960796E+07
   9.62000000E-02   1.00446331E+07   8.79991408E+06   8.79991408E+06   1.21438362E+07   1.05819459E+07   1.05819459E+07
   9.64000000E-02   9.93781798E+06   8.72521216E+06   8.72521216E+06   1.20136185E+07   1.04684762E+07   1.04684762E+07
   9.66000000E-02   9.83162296E+06   8.65093632E+06   8.65093632E+06   1.18841571E+07   1.03556657E+07   1.03556657E+07
   9.68000000E-02   9.72604348E+06   8.57708341E+06   8.57708341E+06   1.17554467E+07   1.02435095E+07   1.02435095E+07
   9.70000000E-02   9.62107501E+06   8.50365036E+06   8.50365036E+06   1.16274815E+07   1.01320026E+07   1.01320026E+07
   9.72000000E-02   9.51671305E+06   8.43063409E+06   8.43063409E+06   1.15002561E+07   1.00211405E+07   1.00211405E+07
   9.74000000E-02   9.41295314E+06   8.35803157E+06   8.35803157E+06   1.13737651E+07   9.91091827E+06   9.91091827E+06
   9.76000000E-02   9.30979089E+06   8.28583978E+06   8.28583978E+06   1.12480032E+07   9.80133128E+06   9.80133128E+06
   9.78000000E-02   9.20722191E+06   8.21405575E+06   8.21405575E+06   1.11229649E+07   9.69237489E+06   9.69237489E+06
   9.80000000E-02   9.10524187E+06   8.14267652E+06   8.14267652E+06   1.09986449E+07   9.58404449E+06   9.58404449E+06
   9.82000000E-02   9.00384649E+06   8.07169916E+06   8.07169916E+06   1.08750382E+07   9.47633552E+06   9.47633552E+06
   9.84000000E-02   8.90303151E+06   8.00112077E+06   8.00112077E+06   1.07521393E+07   9.36924345E+06   9.36924345E+06
   9.86000000E-02   8.80279272E+06   7.93093847E+06   7.93093847E+06   1.06299433E+07   9.26276381E+06   9.26276381E+06
   9.88000000E-02   8.70312594E+06   7.86114942E+06   7.86114942E+06   1.05084451E+07   9.15689216E+06   9.15689216E+06
   9.90000000E-02   8.60402704E+06   7.79175079E+06   7.79175079E+06   1.03876395E+07   9.05162410E+06   9.05162410E+06
   9.92000000E-02   8.50549191E+06   7.72273978E+06   7.72273978E+06   1.02675216E+07   8.94695526E+06   8.94695526E+06
   9.94000000E-02   8.40751650E+06   7.65411362E+06   7.65411362E+06   1.01480864E+07   8.84288134E+06   8.84288134E+06
   9.96000000E-02   8.31009677E+06   7.58586956E+06   7.58586956E+06   1.00293290E+07   8.73939804E+06   8.73939804E+06
   9.98000000E-02   8.21322873E+06   7.51800488E+06   7.51800488E+06   9.91124454E+06   8.63650114E+06   8.63650114E+06
   1.00000000E-01   8.11690844E+06   7.45051688E+06   7.45051688E+06   9.79382820E+06   8.53418641E+06   8.53418641E+06