# TBinMid=2.9515 ssec TBinWidth=0.1 ss EBinWidth=0.2MeV Fluence at Earth for this timebin in neutrinos per cm^2
# E(GeV)	NuE	NuMu	NuTau	aNuE	aNuMu	aNuTau
   1.38589050E-13   8.61666808E+17   6.67538367E+17   6.67538367E+17   6.93891742E+17   8.29419571E+17   8.29419571E+17
   2.00000000E-04   1.54076951E+09   1.19364324E+09   1.19364324E+09   1.24076642E+09   1.48310736E+09   1.48310736E+09
   4.00000000E-04   7.85892293E+08   6.08835402E+08   6.08835402E+08   6.32871276E+08   7.56480861E+08   7.56480861E+08
   6.00000000E-04   5.29975749E+08   4.10575343E+08   4.10575343E+08   4.26784219E+08   5.10141802E+08   5.10141802E+08
   8.00000000E-04   4.00699917E+08   3.10424593E+08   3.10424593E+08   3.22679672E+08   3.85704022E+08   3.85704022E+08
   1.00000000E-03   3.22556859E+08   2.49886704E+08   2.49886704E+08   2.59751842E+08   3.10485409E+08   3.10485409E+08
   1.20000000E-03   2.70157054E+08   2.09292266E+08   2.09292266E+08   2.17554799E+08   2.60046628E+08   2.60046628E+08
   1.40000000E-03   3.41285589E+08   3.07527737E+08   3.07527737E+08   2.64051541E+08   3.24414956E+08   3.24414956E+08
   1.60000000E-03   3.94170966E+08   4.10496564E+08   4.10496564E+08   2.97576245E+08   3.70938400E+08   3.70938400E+08
   1.80000000E-03   4.33477253E+08   4.80039777E+08   4.80039777E+08   3.22410804E+08   4.05751550E+08   4.05751550E+08
   2.00000000E-03   6.64873996E+08   6.33383840E+08   6.33383840E+08   4.82366501E+08   6.23249006E+08   6.23249006E+08
   2.20000000E-03   8.39421451E+08   9.40593022E+08   9.40593022E+08   5.96572396E+08   7.78821891E+08   7.78821891E+08
   2.40000000E-03   9.69326990E+08   1.23805171E+09   1.23805171E+09   6.79128535E+08   8.91526554E+08   8.91526554E+08
   2.60000000E-03   1.06447191E+09   1.46196215E+09   1.46196215E+09   7.39205173E+08   9.73761862E+08   9.73761862E+08
   2.80000000E-03   1.32380893E+09   1.73094983E+09   1.73094983E+09   9.79949208E+08   1.22838986E+09   1.22838986E+09
   3.00000000E-03   1.56010672E+09   1.95734155E+09   1.95734155E+09   1.20413576E+09   1.46221017E+09   1.46221017E+09
   3.20000000E-03   1.74722304E+09   2.13474678E+09   2.13474678E+09   1.38277534E+09   1.64769368E+09   1.64769368E+09
   3.40000000E-03   1.89974738E+09   2.35490916E+09   2.35490916E+09   1.52590673E+09   1.79555258E+09   1.79555258E+09
   3.60000000E-03   2.02561388E+09   2.62166147E+09   2.62166147E+09   1.64101353E+09   1.91376483E+09   1.91376483E+09
   3.80000000E-03   2.12637514E+09   2.83996464E+09   2.83996464E+09   1.73376305E+09   2.00836630E+09   2.00836630E+09
   4.00000000E-03   2.28430812E+09   3.05950654E+09   3.05950654E+09   1.92791391E+09   2.17254278E+09   2.17254278E+09
   4.20000000E-03   2.44873640E+09   3.25901360E+09   3.25901360E+09   2.14271539E+09   2.34749849E+09   2.34749849E+09
   4.40000000E-03   2.58608257E+09   3.42505209E+09   3.42505209E+09   2.32437186E+09   2.49418387E+09   2.49418387E+09
   4.60000000E-03   2.70091130E+09   3.56329170E+09   3.56329170E+09   2.47836501E+09   2.61733824E+09   2.61733824E+09
   4.80000000E-03   2.79690013E+09   3.67829750E+09   3.67829750E+09   2.60912110E+09   2.72078227E+09   2.72078227E+09
   5.00000000E-03   2.87703668E+09   3.77377595E+09   3.77377595E+09   2.72024429E+09   2.80762189E+09   2.80762189E+09
   5.20000000E-03   2.94376670E+09   3.85275930E+09   3.85275930E+09   2.81469192E+09   2.88040137E+09   2.88040137E+09
   5.40000000E-03   2.99918056E+09   3.91937986E+09   3.91937986E+09   2.89490774E+09   2.94121951E+09   2.94121951E+09
   5.60000000E-03   3.04498235E+09   3.97639989E+09   3.97639989E+09   2.96292420E+09   2.99181881E+09   2.99181881E+09
   5.80000000E-03   3.09112350E+09   4.02734919E+09   4.02734919E+09   3.05560749E+09   3.04869235E+09   3.04869235E+09
   6.00000000E-03   3.13383245E+09   4.07114117E+09   4.07114117E+09   3.15434193E+09   3.10449189E+09   3.10449189E+09
   6.20000000E-03   3.16916071E+09   4.10645786E+09   4.10645786E+09   3.24034074E+09   3.15169566E+09   3.15169566E+09
   6.40000000E-03   3.19808479E+09   4.13444142E+09   4.13444142E+09   3.31518953E+09   3.19141686E+09   3.19141686E+09
   6.60000000E-03   3.22143736E+09   4.15606445E+09   4.15606445E+09   3.38024663E+09   3.22460625E+09   3.22460625E+09
   6.80000000E-03   3.23993133E+09   4.17215853E+09   4.17215853E+09   3.43668063E+09   3.25207922E+09   3.25207922E+09
   7.00000000E-03   3.25417945E+09   4.18343736E+09   4.18343736E+09   3.48550079E+09   3.27453778E+09   3.27453778E+09
   7.20000000E-03   3.26471025E+09   4.19051561E+09   4.19051561E+09   3.52758206E+09   3.29258848E+09   3.29258848E+09
   7.40000000E-03   3.27198115E+09   4.19392446E+09   4.19392446E+09   3.56368555E+09   3.30675725E+09   3.30675725E+09
   7.60000000E-03   3.27638926E+09   4.19412431E+09   4.19412431E+09   3.59447552E+09   3.31750148E+09   3.31750148E+09
   7.80000000E-03   3.27828035E+09   4.19151538E+09   4.19151538E+09   3.62053351E+09   3.32522024E+09   3.32522024E+09
   8.00000000E-03   3.27795631E+09   4.18644651E+09   4.18644651E+09   3.64237010E+09   3.33026259E+09   3.33026259E+09
   8.20000000E-03   3.27568141E+09   4.17922250E+09   4.17922250E+09   3.66043479E+09   3.33293475E+09   3.33293475E+09
   8.40000000E-03   3.26169671E+09   4.16488803E+09   4.16488803E+09   3.66588894E+09   3.32351846E+09   3.32351846E+09
   8.60000000E-03   3.23066633E+09   4.13496762E+09   4.13496762E+09   3.65421441E+09   3.29698385E+09   3.29698385E+09
   8.80000000E-03   3.19889326E+09   4.07967109E+09   4.07967109E+09   3.64141738E+09   3.27051496E+09   3.27051496E+09
   9.00000000E-03   3.16761707E+09   4.02598222E+09   4.02598222E+09   3.62764532E+09   3.24415753E+09   3.24415753E+09
   9.20000000E-03   3.13684471E+09   3.97383270E+09   3.97383270E+09   3.61302823E+09   3.21795009E+09   3.21795009E+09
   9.40000000E-03   3.10658006E+09   3.92315776E+09   3.92315776E+09   3.59768083E+09   3.19192500E+09   3.19192500E+09
   9.60000000E-03   3.07682445E+09   3.87389593E+09   3.87389593E+09   3.58170451E+09   3.16610932E+09   3.16610932E+09
   9.80000000E-03   3.04757710E+09   3.82598890E+09   3.82598890E+09   3.56518904E+09   3.14052558E+09   3.14052558E+09
   1.00000000E-02   3.01883547E+09   3.77938136E+09   3.77938136E+09   3.54821392E+09   3.11519241E+09   3.11519241E+09
   1.02000000E-02   2.99059561E+09   3.73402082E+09   3.73402082E+09   3.53084971E+09   3.09012507E+09   3.09012507E+09
   1.04000000E-02   2.96285238E+09   3.68985747E+09   3.68985747E+09   3.51315902E+09   3.06533595E+09   3.06533595E+09
   1.06000000E-02   2.93559973E+09   3.64684399E+09   3.64684399E+09   3.49519751E+09   3.04083494E+09   3.04083494E+09
   1.08000000E-02   2.90883079E+09   3.60493547E+09   3.60493547E+09   3.47701465E+09   3.01662978E+09   3.01662978E+09
   1.10000000E-02   2.88253814E+09   3.56408922E+09   3.56408922E+09   3.45865447E+09   2.99272637E+09   2.99272637E+09
   1.12000000E-02   2.85671386E+09   3.52426468E+09   3.52426468E+09   3.44015614E+09   2.96912903E+09   2.96912903E+09
   1.14000000E-02   2.83134965E+09   3.48542328E+09   3.48542328E+09   3.42155455E+09   2.94584069E+09   2.94584069E+09
   1.16000000E-02   2.80643697E+09   3.44752832E+09   3.44752832E+09   3.40288075E+09   2.92286311E+09   2.92286311E+09
   1.18000000E-02   2.78196709E+09   3.41054488E+09   3.41054488E+09   3.38416240E+09   2.90019703E+09   2.90019703E+09
   1.20000000E-02   2.75793114E+09   3.37443973E+09   3.37443973E+09   3.36542413E+09   2.87784233E+09   2.87784233E+09
   1.22000000E-02   2.73432019E+09   3.33918119E+09   3.33918119E+09   3.34668786E+09   2.85579814E+09   2.85579814E+09
   1.24000000E-02   2.68967702E+09   3.29352784E+09   3.29352784E+09   3.29899946E+09   2.81047809E+09   2.81047809E+09
   1.26000000E-02   2.64427410E+09   3.24805223E+09   3.24805223E+09   3.24977433E+09   2.76418205E+09   2.76418205E+09
   1.28000000E-02   2.60033202E+09   3.20389226E+09   3.20389226E+09   3.20203881E+09   2.71935889E+09   2.71935889E+09
   1.30000000E-02   2.55778209E+09   3.16099045E+09   3.16099045E+09   3.15572563E+09   2.67593982E+09   2.67593982E+09
   1.32000000E-02   2.51655981E+09   3.11929263E+09   3.11929263E+09   3.11077154E+09   2.63386028E+09   2.63386028E+09
   1.34000000E-02   2.47660461E+09   3.07874773E+09   3.07874773E+09   3.06711699E+09   2.59305959E+09   2.59305959E+09
   1.36000000E-02   2.43785951E+09   3.03930758E+09   3.03930758E+09   3.02470590E+09   2.55348066E+09   2.55348066E+09
   1.38000000E-02   2.40013052E+09   2.99783586E+09   2.99783586E+09   2.98348536E+09   2.51506975E+09   2.51506975E+09
   1.40000000E-02   2.36260928E+09   2.93760493E+09   2.93760493E+09   2.94340545E+09   2.47777620E+09   2.47777620E+09
   1.42000000E-02   2.32619021E+09   2.87931404E+09   2.87931404E+09   2.90441901E+09   2.44155225E+09   2.44155225E+09
   1.44000000E-02   2.29082612E+09   2.82287566E+09   2.82287566E+09   2.86648146E+09   2.40635280E+09   2.40635280E+09
   1.46000000E-02   2.25647248E+09   2.76820731E+09   2.76820731E+09   2.82955062E+09   2.37213526E+09   2.37213526E+09
   1.48000000E-02   2.22308721E+09   2.71523121E+09   2.71523121E+09   2.79358656E+09   2.33885935E+09   2.33885935E+09
   1.50000000E-02   2.19063053E+09   2.66387400E+09   2.66387400E+09   2.75855143E+09   2.30648695E+09   2.30648695E+09
   1.52000000E-02   2.15906477E+09   2.61406637E+09   2.61406637E+09   2.72440936E+09   2.27498199E+09   2.27498199E+09
   1.54000000E-02   2.12835428E+09   2.56574284E+09   2.56574284E+09   2.69112630E+09   2.24431025E+09   2.24431025E+09
   1.56000000E-02   2.09846526E+09   2.51884149E+09   2.51884149E+09   2.65866991E+09   2.21443932E+09   2.21443932E+09
   1.58000000E-02   2.06936565E+09   2.47330369E+09   2.47330369E+09   2.62700948E+09   2.18533842E+09   2.18533842E+09
   1.60000000E-02   2.04102504E+09   2.42907394E+09   2.42907394E+09   2.59611579E+09   2.15697833E+09   2.15697833E+09
   1.62000000E-02   2.01341455E+09   2.38609963E+09   2.38609963E+09   2.56596106E+09   2.12933130E+09   2.12933130E+09
   1.64000000E-02   1.98650673E+09   2.34433087E+09   2.34433087E+09   2.53651883E+09   2.10237092E+09   2.10237092E+09
   1.66000000E-02   1.96027548E+09   2.30372032E+09   2.30372032E+09   2.50776390E+09   2.07607207E+09   2.07607207E+09
   1.68000000E-02   1.93469597E+09   2.26422301E+09   2.26422301E+09   2.47967224E+09   2.05041086E+09   2.05041086E+09
   1.70000000E-02   1.90974457E+09   2.22579624E+09   2.22579624E+09   2.45222095E+09   2.02536451E+09   2.02536451E+09
   1.72000000E-02   1.88539875E+09   2.18839940E+09   2.18839940E+09   2.42538816E+09   2.00091131E+09   2.00091131E+09
   1.74000000E-02   1.86163705E+09   2.15199385E+09   2.15199385E+09   2.39915300E+09   1.97703056E+09   1.97703056E+09
   1.76000000E-02   1.83843901E+09   2.11654283E+09   2.11654283E+09   2.37349553E+09   1.95370252E+09   1.95370252E+09
   1.78000000E-02   1.81578510E+09   2.08201133E+09   2.08201133E+09   2.34839670E+09   1.93090834E+09   1.93090834E+09
   1.80000000E-02   1.78889734E+09   2.04587822E+09   2.04587822E+09   2.31694295E+09   1.90328731E+09   1.90328731E+09
   1.82000000E-02   1.75295190E+09   2.00559952E+09   2.00559952E+09   2.27216473E+09   1.86542970E+09   1.86542970E+09
   1.84000000E-02   1.71796394E+09   1.96638884E+09   1.96638884E+09   2.22856878E+09   1.82857823E+09   1.82857823E+09
   1.86000000E-02   1.68389883E+09   1.92820760E+09   1.92820760E+09   2.18611249E+09   1.79269652E+09   1.79269652E+09
   1.88000000E-02   1.65072351E+09   1.89101901E+09   1.89101901E+09   2.14475522E+09   1.75774989E+09   1.75774989E+09
   1.90000000E-02   1.61840641E+09   1.85478794E+09   1.85478794E+09   2.10445815E+09   1.72370521E+09   1.72370521E+09
   1.92000000E-02   1.58691740E+09   1.81948086E+09   1.81948086E+09   2.06518423E+09   1.69053084E+09   1.69053084E+09
   1.94000000E-02   1.55622771E+09   1.78506572E+09   1.78506572E+09   2.02689805E+09   1.65819657E+09   1.65819657E+09
   1.96000000E-02   1.52630981E+09   1.75151188E+09   1.75151188E+09   1.98956576E+09   1.62667350E+09   1.62667350E+09
   1.98000000E-02   1.49713740E+09   1.71879006E+09   1.71879006E+09   1.95315499E+09   1.59593403E+09   1.59593403E+09
   2.00000000E-02   1.46868529E+09   1.68687221E+09   1.68687221E+09   1.91763476E+09   1.56595170E+09   1.56595170E+09
   2.02000000E-02   1.44092941E+09   1.65573152E+09   1.65573152E+09   1.88297541E+09   1.53670125E+09   1.53670125E+09
   2.04000000E-02   1.41384667E+09   1.62534229E+09   1.62534229E+09   1.84914856E+09   1.50815843E+09   1.50815843E+09
   2.06000000E-02   1.38741499E+09   1.59567992E+09   1.59567992E+09   1.81612701E+09   1.48030005E+09   1.48030005E+09
   2.08000000E-02   1.36161318E+09   1.56672083E+09   1.56672083E+09   1.78388468E+09   1.45310387E+09   1.45310387E+09
   2.10000000E-02   1.33642095E+09   1.53844239E+09   1.53844239E+09   1.75239657E+09   1.42654859E+09   1.42654859E+09
   2.12000000E-02   1.31181883E+09   1.51082292E+09   1.51082292E+09   1.72163872E+09   1.40061374E+09   1.40061374E+09
   2.14000000E-02   1.28778813E+09   1.48384162E+09   1.48384162E+09   1.69158811E+09   1.37527971E+09   1.37527971E+09
   2.16000000E-02   1.26431093E+09   1.45747850E+09   1.45747850E+09   1.66222265E+09   1.35052768E+09   1.35052768E+09
   2.18000000E-02   1.24137000E+09   1.43171440E+09   1.43171440E+09   1.63352115E+09   1.32633957E+09   1.32633957E+09
   2.20000000E-02   1.21894883E+09   1.40653088E+09   1.40653088E+09   1.60546322E+09   1.30269801E+09   1.30269801E+09
   2.22000000E-02   1.19701070E+09   1.38145215E+09   1.38145215E+09   1.57802929E+09   1.27958631E+09   1.27958631E+09
   2.24000000E-02   1.17548980E+09   1.35534841E+09   1.35534841E+09   1.55120054E+09   1.25698843E+09   1.25698843E+09
   2.26000000E-02   1.15444526E+09   1.32982799E+09   1.32982799E+09   1.52495888E+09   1.23488895E+09   1.23488895E+09
   2.28000000E-02   1.13386285E+09   1.30487344E+09   1.30487344E+09   1.49928688E+09   1.21327304E+09   1.21327304E+09
   2.30000000E-02   1.11372892E+09   1.28046793E+09   1.28046793E+09   1.47416781E+09   1.19212642E+09   1.19212642E+09
   2.32000000E-02   1.09403032E+09   1.25659529E+09   1.25659529E+09   1.44958552E+09   1.17143535E+09   1.17143535E+09
   2.34000000E-02   1.07475438E+09   1.23323996E+09   1.23323996E+09   1.42552450E+09   1.15118660E+09   1.15118660E+09
   2.36000000E-02   1.05588891E+09   1.21038694E+09   1.21038694E+09   1.40196979E+09   1.13136743E+09   1.13136743E+09
   2.38000000E-02   1.03742216E+09   1.18802178E+09   1.18802178E+09   1.37890696E+09   1.11196557E+09   1.11196557E+09
   2.40000000E-02   1.01934279E+09   1.16613057E+09   1.16613057E+09   1.35632214E+09   1.09296918E+09   1.09296918E+09
   2.42000000E-02   1.00163991E+09   1.14469988E+09   1.14469988E+09   1.33420192E+09   1.07436687E+09   1.07436687E+09
   2.44000000E-02   9.84302977E+08   1.12371678E+09   1.12371678E+09   1.31253340E+09   1.05614762E+09   1.05614762E+09
   2.46000000E-02   9.67321846E+08   1.10316880E+09   1.10316880E+09   1.29130411E+09   1.03830085E+09   1.03830085E+09
   2.48000000E-02   9.50686720E+08   1.08304390E+09   1.08304390E+09   1.27050204E+09   1.02081629E+09   1.02081629E+09
   2.50000000E-02   9.34388147E+08   1.06333047E+09   1.06333047E+09   1.25011557E+09   1.00368409E+09   1.00368409E+09
   2.52000000E-02   9.18417000E+08   1.04401729E+09   1.04401729E+09   1.23013350E+09   9.86894708E+08   9.86894708E+08
   2.54000000E-02   9.02764466E+08   1.02509354E+09   1.02509354E+09   1.21054502E+09   9.70438924E+08   9.70438924E+08
   2.56000000E-02   8.87422034E+08   1.00654876E+09   1.00654876E+09   1.19133966E+09   9.54307848E+08   9.54307848E+08
   2.58000000E-02   8.72381481E+08   9.88372862E+08   9.88372862E+08   1.17250734E+09   9.38492884E+08   9.38492884E+08
   2.60000000E-02   8.57634858E+08   9.70556077E+08   9.70556077E+08   1.15403828E+09   9.22985726E+08   9.22985726E+08
   2.62000000E-02   8.43174483E+08   9.53088975E+08   9.53088975E+08   1.13592306E+09   9.07778343E+08   9.07778343E+08
   2.64000000E-02   8.28537902E+08   9.35724590E+08   9.35724590E+08   1.11707909E+09   8.92255100E+08   8.92255100E+08
   2.66000000E-02   8.13414270E+08   9.18295374E+08   9.18295374E+08   1.09680058E+09   8.76007373E+08   8.76007373E+08
   2.68000000E-02   7.98582489E+08   9.01203570E+08   9.01203570E+08   1.07691306E+09   8.60073071E+08   8.60073071E+08
   2.70000000E-02   7.84035097E+08   8.84440541E+08   8.84440541E+08   1.05740653E+09   8.44444181E+08   8.44444181E+08
   2.72000000E-02   7.69764874E+08   8.67997926E+08   8.67997926E+08   1.03827132E+09   8.29112950E+08   8.29112950E+08
   2.74000000E-02   7.55764832E+08   8.51867635E+08   8.51867635E+08   1.01949808E+09   8.14071874E+08   8.14071874E+08
   2.76000000E-02   7.42028202E+08   8.36041833E+08   8.36041833E+08   1.00107774E+09   7.99313687E+08   7.99313687E+08
   2.78000000E-02   7.28548432E+08   8.20512936E+08   8.20512936E+08   9.83001533E+08   7.84831354E+08   7.84831354E+08
   2.80000000E-02   7.15319176E+08   8.05273595E+08   8.05273595E+08   9.65260948E+08   7.70618058E+08   7.70618058E+08
   2.82000000E-02   7.02334284E+08   7.90316694E+08   7.90316694E+08   9.47847755E+08   7.56667198E+08   7.56667198E+08
   2.84000000E-02   6.89587798E+08   7.75635335E+08   7.75635335E+08   9.30753974E+08   7.42972375E+08   7.42972375E+08
   2.86000000E-02   6.77073942E+08   7.61222832E+08   7.61222832E+08   9.13971870E+08   7.29527388E+08   7.29527388E+08
   2.88000000E-02   6.64787118E+08   7.47072707E+08   7.47072707E+08   8.97493946E+08   7.16326225E+08   7.16326225E+08
   2.90000000E-02   6.52721896E+08   7.33178674E+08   7.33178674E+08   8.81312931E+08   7.03363057E+08   7.03363057E+08
   2.92000000E-02   6.40873012E+08   7.19534641E+08   7.19534641E+08   8.65421773E+08   6.90632230E+08   6.90632230E+08
   2.94000000E-02   6.29235358E+08   7.06134696E+08   7.06134696E+08   8.49813632E+08   6.78128260E+08   6.78128260E+08
   2.96000000E-02   6.17803978E+08   6.92973104E+08   6.92973104E+08   8.34481872E+08   6.65845826E+08   6.65845826E+08
   2.98000000E-02   6.06574065E+08   6.80044300E+08   6.80044300E+08   8.19420052E+08   6.53779765E+08   6.53779765E+08
   3.00000000E-02   5.95540950E+08   6.67342883E+08   6.67342883E+08   8.04621920E+08   6.41925064E+08   6.41925064E+08
   3.02000000E-02   5.84700102E+08   6.54863608E+08   6.54863608E+08   7.90081409E+08   6.30276858E+08   6.30276858E+08
   3.04000000E-02   5.74047122E+08   6.42601385E+08   6.42601385E+08   7.75792626E+08   6.18830422E+08   6.18830422E+08
   3.06000000E-02   5.63577736E+08   6.30551268E+08   6.30551268E+08   7.61749847E+08   6.07581168E+08   6.07581168E+08
   3.08000000E-02   5.53287794E+08   6.18708456E+08   6.18708456E+08   7.47947513E+08   5.96524640E+08   5.96524640E+08
   3.10000000E-02   5.43173265E+08   6.07068281E+08   6.07068281E+08   7.34380225E+08   5.85656507E+08   5.85656507E+08
   3.12000000E-02   5.33230228E+08   5.95626211E+08   5.95626211E+08   7.21042734E+08   5.74972562E+08   5.74972562E+08
   3.14000000E-02   5.23454877E+08   5.84377840E+08   5.84377840E+08   7.07929940E+08   5.64468716E+08   5.64468716E+08
   3.16000000E-02   5.13843510E+08   5.73318885E+08   5.73318885E+08   6.95036884E+08   5.54140994E+08   5.54140994E+08
   3.18000000E-02   5.04392529E+08   5.62445182E+08   5.62445182E+08   6.82358748E+08   5.43985532E+08   5.43985532E+08
   3.20000000E-02   4.95098433E+08   5.51752682E+08   5.51752682E+08   6.69890843E+08   5.33998572E+08   5.33998572E+08
   3.22000000E-02   4.85957821E+08   5.41237449E+08   5.41237449E+08   6.57628613E+08   5.24176461E+08   5.24176461E+08
   3.24000000E-02   4.76967381E+08   5.30895653E+08   5.30895653E+08   6.45567622E+08   5.14515642E+08   5.14515642E+08
   3.26000000E-02   4.68123893E+08   5.20723568E+08   5.20723568E+08   6.33703557E+08   5.05012657E+08   5.05012657E+08
   3.28000000E-02   4.59424223E+08   5.10717569E+08   5.10717569E+08   6.22032221E+08   4.95664143E+08   4.95664143E+08
   3.30000000E-02   4.50865322E+08   5.00874129E+08   5.00874129E+08   6.10549529E+08   4.86466824E+08   4.86466824E+08
   3.32000000E-02   4.42444222E+08   4.91189813E+08   4.91189813E+08   5.99251506E+08   4.77417512E+08   4.77417512E+08
   3.34000000E-02   4.34158033E+08   4.81661280E+08   4.81661280E+08   5.88134280E+08   4.68513105E+08   4.68513105E+08
   3.36000000E-02   4.26003942E+08   4.72285274E+08   4.72285274E+08   5.77194084E+08   4.59750582E+08   4.59750582E+08
   3.38000000E-02   4.17979208E+08   4.63058628E+08   4.63058628E+08   5.66427247E+08   4.51126999E+08   4.51126999E+08
   3.40000000E-02   4.10081165E+08   4.53978255E+08   4.53978255E+08   5.55830195E+08   4.42639494E+08   4.42639494E+08
   3.42000000E-02   4.02307212E+08   4.45041149E+08   4.45041149E+08   5.45399448E+08   4.34285273E+08   4.34285273E+08
   3.44000000E-02   3.94654818E+08   4.36244382E+08   4.36244382E+08   5.35131612E+08   4.26061618E+08   4.26061618E+08
   3.46000000E-02   3.87121515E+08   4.27585099E+08   4.27585099E+08   5.25023384E+08   4.17965880E+08   4.17965880E+08
   3.48000000E-02   3.79704899E+08   4.19060520E+08   4.19060520E+08   5.15071542E+08   4.09995476E+08   4.09995476E+08
   3.50000000E-02   3.72402627E+08   4.10667936E+08   4.10667936E+08   5.05272948E+08   4.02147891E+08   4.02147891E+08
   3.52000000E-02   3.65212415E+08   4.02404704E+08   4.02404704E+08   4.95624541E+08   3.94420670E+08   3.94420670E+08
   3.54000000E-02   3.58132035E+08   3.94268250E+08   3.94268250E+08   4.86123339E+08   3.86811424E+08   3.86811424E+08
   3.56000000E-02   3.51159316E+08   3.86256062E+08   3.86256062E+08   4.76766433E+08   3.79317819E+08   3.79317819E+08
   3.58000000E-02   3.44346026E+08   3.79552018E+08   3.79552018E+08   4.67550985E+08   3.71937582E+08   3.71937582E+08
   3.60000000E-02   3.37647488E+08   3.73215620E+08   3.73215620E+08   4.58474230E+08   3.64668495E+08   3.64668495E+08
   3.62000000E-02   3.31049333E+08   3.66972530E+08   3.66972530E+08   4.49533468E+08   3.57508395E+08   3.57508395E+08
   3.64000000E-02   3.24549617E+08   3.60820955E+08   3.60820955E+08   4.40726068E+08   3.50455170E+08   3.50455170E+08
   3.66000000E-02   3.18146445E+08   3.54759146E+08   3.54759146E+08   4.32049459E+08   3.43506762E+08   3.43506762E+08
   3.68000000E-02   3.11837965E+08   3.48785395E+08   3.48785395E+08   4.23501135E+08   3.36661161E+08   3.36661161E+08
   3.70000000E-02   3.05622372E+08   3.42898034E+08   3.42898034E+08   4.15078649E+08   3.29916405E+08   3.29916405E+08
   3.72000000E-02   2.99497902E+08   3.37095437E+08   3.37095437E+08   4.06779614E+08   3.23270581E+08   3.23270581E+08
   3.74000000E-02   2.93462835E+08   3.31376014E+08   3.31376014E+08   3.98601698E+08   3.16721820E+08   3.16721820E+08
   3.76000000E-02   2.87515490E+08   3.25738215E+08   3.25738215E+08   3.90542625E+08   3.10268296E+08   3.10268296E+08
   3.78000000E-02   2.81654227E+08   3.20180524E+08   3.20180524E+08   3.82600172E+08   3.03908229E+08   3.03908229E+08
   3.80000000E-02   2.75877443E+08   3.14701462E+08   3.14701462E+08   3.74772170E+08   2.97639878E+08   2.97639878E+08
   3.82000000E-02   2.70183574E+08   3.09299584E+08   3.09299584E+08   3.67056497E+08   2.91461544E+08   2.91461544E+08
   3.84000000E-02   2.64571092E+08   3.03973477E+08   3.03973477E+08   3.59451085E+08   2.85371568E+08   2.85371568E+08
   3.86000000E-02   2.59038502E+08   2.98721763E+08   2.98721763E+08   3.51953909E+08   2.79368328E+08   2.79368328E+08
   3.88000000E-02   2.55017853E+08   2.94292403E+08   2.94292403E+08   3.46539626E+08   2.75035959E+08   2.75035959E+08
   3.90000000E-02   2.51405782E+08   2.90108086E+08   2.90108086E+08   3.41687531E+08   2.71154126E+08   2.71154126E+08
   3.92000000E-02   2.47842296E+08   2.85980079E+08   2.85980079E+08   3.36900597E+08   2.67324480E+08   2.67324480E+08
   3.94000000E-02   2.44326535E+08   2.81907388E+08   2.81907388E+08   3.32177671E+08   2.63546099E+08   2.63546099E+08
   3.96000000E-02   2.40857661E+08   2.77889039E+08   2.77889039E+08   3.27517629E+08   2.59818082E+08   2.59818082E+08
   3.98000000E-02   2.37434852E+08   2.73924081E+08   2.73924081E+08   3.22919371E+08   2.56139548E+08   2.56139548E+08
   4.00000000E-02   2.34057306E+08   2.70011582E+08   2.70011582E+08   3.18381821E+08   2.52509634E+08   2.52509634E+08
   4.02000000E-02   2.30724238E+08   2.66150634E+08   2.66150634E+08   3.13903927E+08   2.48927497E+08   2.48927497E+08
   4.04000000E-02   2.27434879E+08   2.62340346E+08   2.62340346E+08   3.09484659E+08   2.45392312E+08   2.45392312E+08
   4.06000000E-02   2.24188479E+08   2.58579846E+08   2.58579846E+08   3.05123010E+08   2.41903273E+08   2.41903273E+08
   4.08000000E-02   2.20984303E+08   2.54868283E+08   2.54868283E+08   3.00817996E+08   2.38459590E+08   2.38459590E+08
   4.10000000E-02   2.17821631E+08   2.51204824E+08   2.51204824E+08   2.96568652E+08   2.35060492E+08   2.35060492E+08
   4.12000000E-02   2.14699760E+08   2.47588652E+08   2.47588652E+08   2.92374036E+08   2.31705221E+08   2.31705221E+08
   4.14000000E-02   2.11618001E+08   2.44018970E+08   2.44018970E+08   2.88233225E+08   2.28393040E+08   2.28393040E+08
   4.16000000E-02   2.08575680E+08   2.40494995E+08   2.40494995E+08   2.84145314E+08   2.25123224E+08   2.25123224E+08
   4.18000000E-02   2.05572138E+08   2.37015964E+08   2.37015964E+08   2.80109421E+08   2.21895064E+08   2.21895064E+08
   4.20000000E-02   2.02606729E+08   2.33581127E+08   2.33581127E+08   2.76124678E+08   2.18707867E+08   2.18707867E+08
   4.22000000E-02   1.99678820E+08   2.30189752E+08   2.30189752E+08   2.72190240E+08   2.15560954E+08   2.15560954E+08
   4.24000000E-02   1.96787793E+08   2.26841120E+08   2.26841120E+08   2.68305275E+08   2.12453659E+08   2.12453659E+08
   4.26000000E-02   1.93933041E+08   2.23534530E+08   2.23534530E+08   2.64468972E+08   2.09385333E+08   2.09385333E+08
   4.28000000E-02   1.91113970E+08   2.20269293E+08   2.20269293E+08   2.60680534E+08   2.06355337E+08   2.06355337E+08
   4.30000000E-02   1.88330000E+08   2.17044735E+08   2.17044735E+08   2.56939183E+08   2.03363047E+08   2.03363047E+08
   4.32000000E-02   1.85580560E+08   2.13860196E+08   2.13860196E+08   2.53244154E+08   2.00407852E+08   2.00407852E+08
   4.34000000E-02   1.82865093E+08   2.10715029E+08   2.10715029E+08   2.49594700E+08   1.97489151E+08   1.97489151E+08
   4.36000000E-02   1.80183053E+08   2.07608600E+08   2.07608600E+08   2.45990089E+08   1.94606359E+08   1.94606359E+08
   4.38000000E-02   1.77533903E+08   2.04540289E+08   2.04540289E+08   2.42429602E+08   1.91758900E+08   1.91758900E+08
   4.40000000E-02   1.74917119E+08   2.01509488E+08   2.01509488E+08   2.38912537E+08   1.88946210E+08   1.88946210E+08
   4.42000000E-02   1.72332187E+08   1.98515601E+08   1.98515601E+08   2.35438203E+08   1.86167738E+08   1.86167738E+08
   4.44000000E-02   1.69778603E+08   1.95558043E+08   1.95558043E+08   2.32005926E+08   1.83422942E+08   1.83422942E+08
   4.46000000E-02   1.67255873E+08   1.92636243E+08   1.92636243E+08   2.28615044E+08   1.80711292E+08   1.80711292E+08
   4.48000000E-02   1.64763514E+08   1.89749638E+08   1.89749638E+08   2.25264907E+08   1.78032268E+08   1.78032268E+08
   4.50000000E-02   1.62301050E+08   1.86897679E+08   1.86897679E+08   2.21954880E+08   1.75385360E+08   1.75385360E+08
   4.52000000E-02   1.59868017E+08   1.84079827E+08   1.84079827E+08   2.18684338E+08   1.72770069E+08   1.72770069E+08
   4.54000000E-02   1.57463958E+08   1.81295552E+08   1.81295552E+08   2.15452671E+08   1.70185904E+08   1.70185904E+08
   4.56000000E-02   1.55088426E+08   1.78544338E+08   1.78544338E+08   2.12259279E+08   1.67632386E+08   1.67632386E+08
   4.58000000E-02   1.52740982E+08   1.75825674E+08   1.75825674E+08   2.09103573E+08   1.65109043E+08   1.65109043E+08
   4.60000000E-02   1.50421197E+08   1.73139063E+08   1.73139063E+08   2.05984978E+08   1.62615414E+08   1.62615414E+08
   4.62000000E-02   1.48128649E+08   1.70484016E+08   1.70484016E+08   2.02902928E+08   1.60151046E+08   1.60151046E+08
   4.64000000E-02   1.45862924E+08   1.67860052E+08   1.67860052E+08   1.99856867E+08   1.57715493E+08   1.57715493E+08
   4.66000000E-02   1.43623616E+08   1.65266703E+08   1.65266703E+08   1.96846253E+08   1.55308321E+08   1.55308321E+08
   4.68000000E-02   1.41410327E+08   1.62703505E+08   1.62703505E+08   1.93870551E+08   1.52929101E+08   1.52929101E+08
   4.70000000E-02   1.39222666E+08   1.60170007E+08   1.60170007E+08   1.90929238E+08   1.50577415E+08   1.50577415E+08
   4.72000000E-02   1.37060251E+08   1.57665765E+08   1.57665765E+08   1.88021800E+08   1.48252850E+08   1.48252850E+08
   4.74000000E-02   1.34922705E+08   1.55190341E+08   1.55190341E+08   1.85147733E+08   1.45955003E+08   1.45955003E+08
   4.76000000E-02   1.32809659E+08   1.52743310E+08   1.52743310E+08   1.82306541E+08   1.43683478E+08   1.43683478E+08
   4.78000000E-02   1.30720751E+08   1.50324250E+08   1.50324250E+08   1.79497740E+08   1.41437884E+08   1.41437884E+08
   4.80000000E-02   1.28655626E+08   1.47932750E+08   1.47932750E+08   1.76720853E+08   1.39217842E+08   1.39217842E+08
   4.82000000E-02   1.26613934E+08   1.45568406E+08   1.45568406E+08   1.73975412E+08   1.37022975E+08   1.37022975E+08
   4.84000000E-02   1.24595334E+08   1.43230820E+08   1.43230820E+08   1.71260958E+08   1.34852917E+08   1.34852917E+08
   4.86000000E-02   1.22599490E+08   1.40919603E+08   1.40919603E+08   1.68577041E+08   1.32707306E+08   1.32707306E+08
   4.88000000E-02   1.20626070E+08   1.38634373E+08   1.38634373E+08   1.65923217E+08   1.30585787E+08   1.30585787E+08
   4.90000000E-02   1.18674752E+08   1.36374753E+08   1.36374753E+08   1.63299053E+08   1.28488013E+08   1.28488013E+08
   4.92000000E-02   1.16745217E+08   1.34140376E+08   1.34140376E+08   1.60704122E+08   1.26413642E+08   1.26413642E+08
   4.94000000E-02   1.14837152E+08   1.31930878E+08   1.31930878E+08   1.58138005E+08   1.24362339E+08   1.24362339E+08
   4.96000000E-02   1.12950251E+08   1.29745905E+08   1.29745905E+08   1.55600291E+08   1.22333774E+08   1.22333774E+08
   4.98000000E-02   1.11084213E+08   1.27585108E+08   1.27585108E+08   1.53090575E+08   1.20327623E+08   1.20327623E+08
   5.00000000E-02   1.09238742E+08   1.25448142E+08   1.25448142E+08   1.50608462E+08   1.18343568E+08   1.18343568E+08
   5.02000000E-02   1.07413546E+08   1.23334672E+08   1.23334672E+08   1.48153560E+08   1.16381298E+08   1.16381298E+08
   5.04000000E-02   1.05608342E+08   1.21244366E+08   1.21244366E+08   1.45725488E+08   1.14440505E+08   1.14440505E+08
   5.06000000E-02   1.03822847E+08   1.19176899E+08   1.19176899E+08   1.43323869E+08   1.12520889E+08   1.12520889E+08
   5.08000000E-02   1.02056786E+08   1.17131952E+08   1.17131952E+08   1.40948333E+08   1.10622153E+08   1.10622153E+08
   5.10000000E-02   1.00309890E+08   1.15109211E+08   1.15109211E+08   1.38598519E+08   1.08744006E+08   1.08744006E+08
   5.12000000E-02   9.85818913E+07   1.13108368E+08   1.13108368E+08   1.36274068E+08   1.06886164E+08   1.06886164E+08
   5.14000000E-02   9.68725290E+07   1.11129120E+08   1.11129120E+08   1.33974631E+08   1.05048345E+08   1.05048345E+08
   5.16000000E-02   9.51815463E+07   1.09171169E+08   1.09171169E+08   1.31699863E+08   1.03230273E+08   1.03230273E+08
   5.18000000E-02   9.35086907E+07   1.07234222E+08   1.07234222E+08   1.29449426E+08   1.01431677E+08   1.01431677E+08
   5.20000000E-02   9.18537142E+07   1.05317992E+08   1.05317992E+08   1.27222986E+08   9.96522913E+07   9.96522913E+07
   5.22000000E-02   9.02163730E+07   1.03422197E+08   1.03422197E+08   1.25020218E+08   9.78918531E+07   9.78918531E+07
   5.24000000E-02   8.85964273E+07   1.01546558E+08   1.01546558E+08   1.22840799E+08   9.61501052E+07   9.61501052E+07
   5.26000000E-02   8.69936416E+07   9.96908029E+07   9.96908029E+07   1.20684414E+08   9.44267946E+07   9.44267946E+07
   5.28000000E-02   8.54077842E+07   9.78546627E+07   9.78546627E+07   1.18550752E+08   9.27216725E+07   9.27216725E+07
   5.30000000E-02   8.38386276E+07   9.60378736E+07   9.60378736E+07   1.16439507E+08   9.10344944E+07   9.10344944E+07
   5.32000000E-02   8.22859477E+07   9.42401761E+07   9.42401761E+07   1.14350380E+08   8.93650197E+07   8.93650197E+07
   5.34000000E-02   8.07495245E+07   9.24613152E+07   9.24613152E+07   1.12283076E+08   8.77130121E+07   8.77130121E+07
   5.36000000E-02   7.92291416E+07   9.07010400E+07   9.07010400E+07   1.10237303E+08   8.60782391E+07   8.60782391E+07
   5.38000000E-02   7.77245862E+07   8.89591038E+07   8.89591038E+07   1.08212777E+08   8.44604720E+07   8.44604720E+07
   5.40000000E-02   7.62356488E+07   8.72352640E+07   8.72352640E+07   1.06209216E+08   8.28594860E+07   8.28594860E+07
   5.42000000E-02   7.47621237E+07   8.55292819E+07   8.55292819E+07   1.04226346E+08   8.12750601E+07   8.12750601E+07
   5.44000000E-02   7.33038084E+07   8.38409231E+07   8.38409231E+07   1.02263893E+08   7.97069767E+07   7.97069767E+07
   5.46000000E-02   7.18605039E+07   8.21699566E+07   8.21699566E+07   1.00321592E+08   7.81550219E+07   7.81550219E+07
   5.48000000E-02   7.04320141E+07   8.05161554E+07   8.05161554E+07   9.83991797E+07   7.66189854E+07   7.66189854E+07
   5.50000000E-02   6.90181464E+07   7.88792962E+07   7.88792962E+07   9.64963971E+07   7.50986601E+07   7.50986601E+07
   5.52000000E-02   6.76187113E+07   7.72591593E+07   7.72591593E+07   9.46129905E+07   7.35938425E+07   7.35938425E+07
   5.54000000E-02   6.62335223E+07   7.56555286E+07   7.56555286E+07   9.27487095E+07   7.21043322E+07   7.21043322E+07
   5.56000000E-02   6.48623959E+07   7.40681914E+07   7.40681914E+07   9.09033082E+07   7.06299321E+07   7.06299321E+07
   5.58000000E-02   6.35051515E+07   7.24969384E+07   7.24969384E+07   8.90765443E+07   6.91704484E+07   6.91704484E+07
   5.60000000E-02   6.21616116E+07   7.09415639E+07   7.09415639E+07   8.72681798E+07   6.77256901E+07   6.77256901E+07
   5.62000000E-02   6.08316013E+07   6.94018651E+07   6.94018651E+07   8.54779800E+07   6.62954696E+07   6.62954696E+07
   5.64000000E-02   5.95149487E+07   6.78776428E+07   6.78776428E+07   8.37057143E+07   6.48796021E+07   6.48796021E+07
   5.66000000E-02   5.82114843E+07   6.63687006E+07   6.63687006E+07   8.19511557E+07   6.34779057E+07   6.34779057E+07
   5.68000000E-02   5.72506487E+07   6.50471347E+07   6.50471347E+07   8.06488858E+07   6.24501938E+07   6.24501938E+07
   5.70000000E-02   5.67493381E+07   6.39739435E+07   6.39739435E+07   7.99517686E+07   6.19238284E+07   6.19238284E+07
   5.72000000E-02   5.62525818E+07   6.29112063E+07   6.29112063E+07   7.92609718E+07   6.14022163E+07   6.14022163E+07
   5.74000000E-02   5.57690032E+07   6.20498581E+07   6.20498581E+07   7.85764194E+07   6.08853003E+07   6.08853003E+07
   5.76000000E-02   5.53036197E+07   6.15014217E+07   6.15014217E+07   7.78980363E+07   6.03730241E+07   6.03730241E+07
   5.78000000E-02   5.48423954E+07   6.09579309E+07   6.09579309E+07   7.72257487E+07   5.98653324E+07   5.98653324E+07
   5.80000000E-02   5.43852810E+07   6.04193267E+07   6.04193267E+07   7.65594841E+07   5.93621706E+07   5.93621706E+07
   5.82000000E-02   5.39322276E+07   5.98855508E+07   5.98855508E+07   7.58991706E+07   5.88634848E+07   5.88634848E+07
   5.84000000E-02   5.34831873E+07   5.93565459E+07   5.93565459E+07   7.52447379E+07   5.83692222E+07   5.83692222E+07
   5.86000000E-02   5.30381127E+07   5.88322556E+07   5.88322556E+07   7.45961164E+07   5.78793306E+07   5.78793306E+07
   5.88000000E-02   5.25969574E+07   5.83126243E+07   5.83126243E+07   7.39532377E+07   5.73937586E+07   5.73937586E+07
   5.90000000E-02   5.21596753E+07   5.77975972E+07   5.77975972E+07   7.33160345E+07   5.69124556E+07   5.69124556E+07
   5.92000000E-02   5.17262213E+07   5.72871204E+07   5.72871204E+07   7.26844402E+07   5.64353718E+07   5.64353718E+07
   5.94000000E-02   5.12965509E+07   5.67811406E+07   5.67811406E+07   7.20583896E+07   5.59624580E+07   5.59624580E+07
   5.96000000E-02   5.08706201E+07   5.62796056E+07   5.62796056E+07   7.14378181E+07   5.54936658E+07   5.54936658E+07
   5.98000000E-02   5.04483858E+07   5.57824637E+07   5.57824637E+07   7.08226622E+07   5.50289476E+07   5.50289476E+07
   6.00000000E-02   5.00298052E+07   5.52896641E+07   5.52896641E+07   7.02128594E+07   5.45682563E+07   5.45682563E+07
   6.02000000E-02   4.96148366E+07   5.48011567E+07   5.48011567E+07   6.96083480E+07   5.41115458E+07   5.41115458E+07
   6.04000000E-02   4.92034384E+07   5.43168921E+07   5.43168921E+07   6.90090672E+07   5.36587703E+07   5.36587703E+07
   6.06000000E-02   4.87955698E+07   5.38368216E+07   5.38368216E+07   6.84149572E+07   5.32098848E+07   5.32098848E+07
   6.08000000E-02   4.83911909E+07   5.33608974E+07   5.33608974E+07   6.78259590E+07   5.27648452E+07   5.27648452E+07
   6.10000000E-02   4.79902618E+07   5.28890721E+07   5.28890721E+07   6.72420143E+07   5.23236077E+07   5.23236077E+07
   6.12000000E-02   4.75927436E+07   5.24212993E+07   5.24212993E+07   6.66630660E+07   5.18861292E+07   5.18861292E+07
   6.14000000E-02   4.71985978E+07   5.19575330E+07   5.19575330E+07   6.60890574E+07   5.14523674E+07   5.14523674E+07
   6.16000000E-02   4.68077865E+07   5.14977279E+07   5.14977279E+07   6.55199329E+07   5.10222804E+07   5.10222804E+07
   6.18000000E-02   4.64202724E+07   5.10418395E+07   5.10418395E+07   6.49556377E+07   5.05958270E+07   5.05958270E+07
   6.20000000E-02   4.60360185E+07   5.05898238E+07   5.05898238E+07   6.43961175E+07   5.01729665E+07   5.01729665E+07
   6.22000000E-02   4.56549885E+07   5.01416375E+07   5.01416375E+07   6.38413190E+07   4.97536590E+07   4.97536590E+07
   6.24000000E-02   4.52771466E+07   4.96972378E+07   4.96972378E+07   6.32911898E+07   4.93378648E+07   4.93378648E+07
   6.26000000E-02   4.49024576E+07   4.92565827E+07   4.92565827E+07   6.27456778E+07   4.89255452E+07   4.89255452E+07
   6.28000000E-02   4.45308865E+07   4.88196305E+07   4.88196305E+07   6.22047320E+07   4.85166615E+07   4.85166615E+07
   6.30000000E-02   4.41623990E+07   4.83863404E+07   4.83863404E+07   6.16683020E+07   4.81111761E+07   4.81111761E+07
   6.32000000E-02   4.37969614E+07   4.79566720E+07   4.79566720E+07   6.11363380E+07   4.77090516E+07   4.77090516E+07
   6.34000000E-02   4.34345401E+07   4.75305854E+07   4.75305854E+07   6.06087912E+07   4.73102511E+07   4.73102511E+07
   6.36000000E-02   4.30751024E+07   4.71080414E+07   4.71080414E+07   6.00856130E+07   4.69147384E+07   4.69147384E+07
   6.38000000E-02   4.27186156E+07   4.66890012E+07   4.66890012E+07   5.95667559E+07   4.65224777E+07   4.65224777E+07
   6.40000000E-02   4.23650479E+07   4.62734268E+07   4.62734268E+07   5.90521729E+07   4.61334336E+07   4.61334336E+07
   6.42000000E-02   4.20143676E+07   4.58612804E+07   4.58612804E+07   5.85418175E+07   4.57475714E+07   4.57475714E+07
   6.44000000E-02   4.16665436E+07   4.54525249E+07   4.54525249E+07   5.80356441E+07   4.53648566E+07   4.53648566E+07
   6.46000000E-02   4.13215452E+07   4.50471237E+07   4.50471237E+07   5.75336076E+07   4.49852555E+07   4.49852555E+07
   6.48000000E-02   4.09793420E+07   4.46450406E+07   4.46450406E+07   5.70356635E+07   4.46087345E+07   4.46087345E+07
   6.50000000E-02   4.06399042E+07   4.42462399E+07   4.42462399E+07   5.65417680E+07   4.42352608E+07   4.42352608E+07
   6.52000000E-02   4.03032022E+07   4.38506867E+07   4.38506867E+07   5.60518776E+07   4.38648019E+07   4.38648019E+07
   6.54000000E-02   3.99692071E+07   4.34583460E+07   4.34583460E+07   5.55659498E+07   4.34973256E+07   4.34973256E+07
   6.56000000E-02   3.96378900E+07   4.30691839E+07   4.30691839E+07   5.50839423E+07   4.31328003E+07   4.31328003E+07
   6.58000000E-02   3.93092227E+07   4.26831664E+07   4.26831664E+07   5.46058137E+07   4.27711947E+07   4.27711947E+07
   6.60000000E-02   3.89831772E+07   4.23002603E+07   4.23002603E+07   5.41315230E+07   4.24124782E+07   4.24124782E+07
   6.62000000E-02   3.86597260E+07   4.19204327E+07   4.19204327E+07   5.36610296E+07   4.20566203E+07   4.20566203E+07
   6.64000000E-02   3.83388419E+07   4.15436512E+07   4.15436512E+07   5.31942937E+07   4.17035909E+07   4.17035909E+07
   6.66000000E-02   3.80204980E+07   4.11698838E+07   4.11698838E+07   5.27312758E+07   4.13533606E+07   4.13533606E+07
   6.68000000E-02   3.77046679E+07   4.07990990E+07   4.07990990E+07   5.22719372E+07   4.10059001E+07   4.10059001E+07
   6.70000000E-02   3.73913255E+07   4.04312656E+07   4.04312656E+07   5.18162394E+07   4.06611806E+07   4.06611806E+07
   6.72000000E-02   3.70804448E+07   4.00663529E+07   4.00663529E+07   5.13641447E+07   4.03191736E+07   4.03191736E+07
   6.74000000E-02   3.67720005E+07   3.97043305E+07   3.97043305E+07   5.09156156E+07   3.99798512E+07   3.99798512E+07
   6.76000000E-02   3.64659675E+07   3.93451685E+07   3.93451685E+07   5.04706153E+07   3.96431855E+07   3.96431855E+07
   6.78000000E-02   3.61623210E+07   3.89888374E+07   3.89888374E+07   5.00291074E+07   3.93091494E+07   3.93091494E+07
   6.80000000E-02   3.58610365E+07   3.86353080E+07   3.86353080E+07   4.95910560E+07   3.89777157E+07   3.89777157E+07
   6.82000000E-02   3.55620898E+07   3.82845514E+07   3.82845514E+07   4.91564257E+07   3.86488579E+07   3.86488579E+07
   6.84000000E-02   3.52654572E+07   3.79365394E+07   3.79365394E+07   4.87251815E+07   3.83225496E+07   3.83225496E+07
   6.86000000E-02   3.49711150E+07   3.75912439E+07   3.75912439E+07   4.82972888E+07   3.79987650E+07   3.79987650E+07
   6.88000000E-02   3.46790401E+07   3.72486372E+07   3.72486372E+07   4.78727136E+07   3.76774784E+07   3.76774784E+07
   6.90000000E-02   3.43892095E+07   3.69086919E+07   3.69086919E+07   4.74514222E+07   3.73586646E+07   3.73586646E+07
   6.92000000E-02   3.41016006E+07   3.65713811E+07   3.65713811E+07   4.70333813E+07   3.70422985E+07   3.70422985E+07
   6.94000000E-02   3.38161909E+07   3.62366782E+07   3.62366782E+07   4.66185583E+07   3.67283555E+07   3.67283555E+07
   6.96000000E-02   3.35329586E+07   3.59045568E+07   3.59045568E+07   4.62069207E+07   3.64168114E+07   3.64168114E+07
   6.98000000E-02   3.32518817E+07   3.55749910E+07   3.55749910E+07   4.57984365E+07   3.61076420E+07   3.61076420E+07
   7.00000000E-02   3.29729388E+07   3.52479553E+07   3.52479553E+07   4.53930743E+07   3.58008237E+07   3.58008237E+07
   7.02000000E-02   3.26961085E+07   3.49234242E+07   3.49234242E+07   4.49908027E+07   3.54963330E+07   3.54963330E+07
   7.04000000E-02   3.24213700E+07   3.46013728E+07   3.46013728E+07   4.45915911E+07   3.51941468E+07   3.51941468E+07
   7.06000000E-02   3.21487025E+07   3.42817764E+07   3.42817764E+07   4.41954090E+07   3.48942423E+07   3.48942423E+07
   7.08000000E-02   3.18780856E+07   3.39646107E+07   3.39646107E+07   4.38022266E+07   3.45965969E+07   3.45965969E+07
   7.10000000E-02   3.16094991E+07   3.36498517E+07   3.36498517E+07   4.34120140E+07   3.43011883E+07   3.43011883E+07
   7.12000000E-02   3.13429230E+07   3.33374754E+07   3.33374754E+07   4.30247421E+07   3.40079947E+07   3.40079947E+07
   7.14000000E-02   3.10783376E+07   3.30274586E+07   3.30274586E+07   4.26403819E+07   3.37169942E+07   3.37169942E+07
   7.16000000E-02   3.08157235E+07   3.27197779E+07   3.27197779E+07   4.22589050E+07   3.34281653E+07   3.34281653E+07
   7.18000000E-02   3.05550614E+07   3.24144106E+07   3.24144106E+07   4.18802832E+07   3.31414870E+07   3.31414870E+07
   7.20000000E-02   3.02963324E+07   3.21113340E+07   3.21113340E+07   4.15044885E+07   3.28569383E+07   3.28569383E+07
   7.22000000E-02   3.00395178E+07   3.18105259E+07   3.18105259E+07   4.11314935E+07   3.25744985E+07   3.25744985E+07
   7.24000000E-02   2.97845989E+07   3.15119641E+07   3.15119641E+07   4.07612710E+07   3.22941472E+07   3.22941472E+07
   7.26000000E-02   2.95315576E+07   3.12156268E+07   3.12156268E+07   4.03937943E+07   3.20158642E+07   3.20158642E+07
   7.28000000E-02   2.92803757E+07   3.09214927E+07   3.09214927E+07   4.00290367E+07   3.17396297E+07   3.17396297E+07
   7.30000000E-02   2.90310353E+07   3.06295403E+07   3.06295403E+07   3.96669722E+07   3.14654239E+07   3.14654239E+07
   7.32000000E-02   2.87835190E+07   3.03397487E+07   3.03397487E+07   3.93075749E+07   3.11932274E+07   3.11932274E+07
   7.34000000E-02   2.85378092E+07   3.00520972E+07   3.00520972E+07   3.89508191E+07   3.09230210E+07   3.09230210E+07
   7.36000000E-02   2.82938887E+07   2.97665653E+07   2.97665653E+07   3.85966797E+07   3.06547857E+07   3.06547857E+07
   7.38000000E-02   2.80517405E+07   2.94831328E+07   2.94831328E+07   3.82451318E+07   3.03885028E+07   3.03885028E+07
   7.40000000E-02   2.78113479E+07   2.92017795E+07   2.92017795E+07   3.78961506E+07   3.01241537E+07   3.01241537E+07
   7.42000000E-02   2.75726942E+07   2.89224859E+07   2.89224859E+07   3.75497119E+07   2.98617202E+07   2.98617202E+07
   7.44000000E-02   2.73357630E+07   2.86452323E+07   2.86452323E+07   3.72057915E+07   2.96011842E+07   2.96011842E+07
   7.46000000E-02   2.71005381E+07   2.83699995E+07   2.83699995E+07   3.68643658E+07   2.93425277E+07   2.93425277E+07
   7.48000000E-02   2.68670035E+07   2.80967683E+07   2.80967683E+07   3.65254112E+07   2.90857333E+07   2.90857333E+07
   7.50000000E-02   2.66351434E+07   2.78255201E+07   2.78255201E+07   3.61889046E+07   2.88307833E+07   2.88307833E+07
   7.52000000E-02   2.64049422E+07   2.75562361E+07   2.75562361E+07   3.58548230E+07   2.85776606E+07   2.85776606E+07
   7.54000000E-02   2.61763843E+07   2.72888979E+07   2.72888979E+07   3.55231437E+07   2.83263481E+07   2.83263481E+07
   7.56000000E-02   2.59494545E+07   2.70234875E+07   2.70234875E+07   3.51938443E+07   2.80768290E+07   2.80768290E+07
   7.58000000E-02   2.57241377E+07   2.67599867E+07   2.67599867E+07   3.48669028E+07   2.78290867E+07   2.78290867E+07
   7.60000000E-02   2.55004190E+07   2.64983779E+07   2.64983779E+07   3.45422972E+07   2.75831047E+07   2.75831047E+07
   7.62000000E-02   2.52782837E+07   2.62386436E+07   2.62386436E+07   3.42200059E+07   2.73388667E+07   2.73388667E+07
   7.64000000E-02   2.50577172E+07   2.59807663E+07   2.59807663E+07   3.39000076E+07   2.70963567E+07   2.70963567E+07
   7.66000000E-02   2.48387050E+07   2.57247289E+07   2.57247289E+07   3.35822811E+07   2.68555588E+07   2.68555588E+07
   7.68000000E-02   2.46212329E+07   2.54705146E+07   2.54705146E+07   3.32668056E+07   2.66164574E+07   2.66164574E+07
   7.70000000E-02   2.44052869E+07   2.52181065E+07   2.52181065E+07   3.29535604E+07   2.63790369E+07   2.63790369E+07
   7.72000000E-02   2.41908531E+07   2.49674881E+07   2.49674881E+07   3.26425251E+07   2.61432819E+07   2.61432819E+07
   7.74000000E-02   2.39779177E+07   2.47186431E+07   2.47186431E+07   3.23336796E+07   2.59091773E+07   2.59091773E+07
   7.76000000E-02   2.37664670E+07   2.44715552E+07   2.44715552E+07   3.20270040E+07   2.56767082E+07   2.56767082E+07
   7.78000000E-02   2.35564878E+07   2.42262085E+07   2.42262085E+07   3.17224785E+07   2.54458596E+07   2.54458596E+07
   7.80000000E-02   2.33479666E+07   2.39825872E+07   2.39825872E+07   3.14200836E+07   2.52166171E+07   2.52166171E+07
   7.82000000E-02   2.31408903E+07   2.37406756E+07   2.37406756E+07   3.11198002E+07   2.49889660E+07   2.49889660E+07
   7.84000000E-02   2.29352460E+07   2.35004584E+07   2.35004584E+07   3.08216091E+07   2.47628921E+07   2.47628921E+07
   7.86000000E-02   2.27310209E+07   2.32619202E+07   2.32619202E+07   3.05254916E+07   2.45383812E+07   2.45383812E+07
   7.88000000E-02   2.25282021E+07   2.30250459E+07   2.30250459E+07   3.02314291E+07   2.43154194E+07   2.43154194E+07
   7.90000000E-02   2.23267772E+07   2.27898206E+07   2.27898206E+07   2.99394031E+07   2.40939928E+07   2.40939928E+07
   7.92000000E-02   2.21267338E+07   2.25562296E+07   2.25562296E+07   2.96493955E+07   2.38740876E+07   2.38740876E+07
   7.94000000E-02   2.19280596E+07   2.23242582E+07   2.23242582E+07   2.93613882E+07   2.36556905E+07   2.36556905E+07
   7.96000000E-02   2.17307424E+07   2.20938920E+07   2.20938920E+07   2.90753635E+07   2.34387879E+07   2.34387879E+07
   7.98000000E-02   2.15347703E+07   2.18651168E+07   2.18651168E+07   2.87913039E+07   2.32233668E+07   2.32233668E+07
   8.00000000E-02   2.13401314E+07   2.16379184E+07   2.16379184E+07   2.85091918E+07   2.30094140E+07   2.30094140E+07
   8.02000000E-02   2.11468139E+07   2.14122829E+07   2.14122829E+07   2.82290101E+07   2.27969165E+07   2.27969165E+07
   8.04000000E-02   2.09548063E+07   2.11881965E+07   2.11881965E+07   2.79507419E+07   2.25858616E+07   2.25858616E+07
   8.06000000E-02   2.07640971E+07   2.09656456E+07   2.09656456E+07   2.76743702E+07   2.23762367E+07   2.23762367E+07
   8.08000000E-02   2.05746749E+07   2.07446166E+07   2.07446166E+07   2.73998785E+07   2.21680292E+07   2.21680292E+07
   8.10000000E-02   2.03865285E+07   2.05250962E+07   2.05250962E+07   2.71272503E+07   2.19612267E+07   2.19612267E+07
   8.12000000E-02   2.01996467E+07   2.03070711E+07   2.03070711E+07   2.68564694E+07   2.17558171E+07   2.17558171E+07
   8.14000000E-02   2.00140188E+07   2.00905285E+07   2.00905285E+07   2.65875196E+07   2.15517882E+07   2.15517882E+07
   8.16000000E-02   1.98296336E+07   1.98754552E+07   1.98754552E+07   2.63203850E+07   2.13491280E+07   2.13491280E+07
   8.18000000E-02   1.96464806E+07   1.96618387E+07   1.96618387E+07   2.60550499E+07   2.11478247E+07   2.11478247E+07
   8.20000000E-02   1.94645491E+07   1.94496661E+07   1.94496661E+07   2.57914987E+07   2.09478666E+07   2.09478666E+07
   8.22000000E-02   1.92838286E+07   1.92389251E+07   1.92389251E+07   2.55297161E+07   2.07492422E+07   2.07492422E+07
   8.24000000E-02   1.91043086E+07   1.90296033E+07   1.90296033E+07   2.52696867E+07   2.05519399E+07   2.05519399E+07
   8.26000000E-02   1.89259790E+07   1.88216884E+07   1.88216884E+07   2.50113956E+07   2.03559483E+07   2.03559483E+07
   8.28000000E-02   1.87488294E+07   1.86151684E+07   1.86151684E+07   2.47548277E+07   2.01612564E+07   2.01612564E+07
   8.30000000E-02   1.85728500E+07   1.84100313E+07   1.84100313E+07   2.44999684E+07   1.99678531E+07   1.99678531E+07
   8.32000000E-02   1.83980306E+07   1.82062653E+07   1.82062653E+07   2.42468031E+07   1.97757272E+07   1.97757272E+07
   8.34000000E-02   1.82343084E+07   1.80090580E+07   1.80090580E+07   2.40273266E+07   1.96001584E+07   1.96001584E+07
   8.36000000E-02   1.80748570E+07   1.78148346E+07   1.78148346E+07   2.38195179E+07   1.94306408E+07   1.94306408E+07
   8.38000000E-02   1.79164427E+07   1.76218986E+07   1.76218986E+07   2.36130596E+07   1.92622247E+07   1.92622247E+07
   8.40000000E-02   1.77590570E+07   1.74302391E+07   1.74302391E+07   2.34079401E+07   1.90949007E+07   1.90949007E+07
   8.42000000E-02   1.76026911E+07   1.72398452E+07   1.72398452E+07   2.32041484E+07   1.89286598E+07   1.89286598E+07
   8.44000000E-02   1.74473365E+07   1.70507063E+07   1.70507063E+07   2.30016732E+07   1.87634930E+07   1.87634930E+07
   8.46000000E-02   1.72929848E+07   1.68628119E+07   1.68628119E+07   2.28005036E+07   1.85993911E+07   1.85993911E+07
   8.48000000E-02   1.71396276E+07   1.66761513E+07   1.66761513E+07   2.26006287E+07   1.84363454E+07   1.84363454E+07
   8.50000000E-02   1.69872567E+07   1.64907145E+07   1.64907145E+07   2.24020378E+07   1.82743470E+07   1.82743470E+07
   8.52000000E-02   1.68358638E+07   1.63064910E+07   1.63064910E+07   2.22047202E+07   1.81133873E+07   1.81133873E+07
   8.54000000E-02   1.66854409E+07   1.61234707E+07   1.61234707E+07   2.20086653E+07   1.79534577E+07   1.79534577E+07
   8.56000000E-02   1.65359800E+07   1.59416437E+07   1.59416437E+07   2.18138628E+07   1.77945497E+07   1.77945497E+07
   8.58000000E-02   1.63874730E+07   1.57610000E+07   1.57610000E+07   2.16203022E+07   1.76366548E+07   1.76366548E+07
   8.60000000E-02   1.62399122E+07   1.55815298E+07   1.55815298E+07   2.14279735E+07   1.74797647E+07   1.74797647E+07
   8.62000000E-02   1.60932898E+07   1.54032233E+07   1.54032233E+07   2.12368664E+07   1.73238712E+07   1.73238712E+07
   8.64000000E-02   1.59475980E+07   1.52260711E+07   1.52260711E+07   2.10469710E+07   1.71689661E+07   1.71689661E+07
   8.66000000E-02   1.58028294E+07   1.50500635E+07   1.50500635E+07   2.08582773E+07   1.70150414E+07   1.70150414E+07
   8.68000000E-02   1.56589763E+07   1.48751911E+07   1.48751911E+07   2.06707756E+07   1.68620889E+07   1.68620889E+07
   8.70000000E-02   1.55160314E+07   1.47014447E+07   1.47014447E+07   2.04844562E+07   1.67101009E+07   1.67101009E+07
   8.72000000E-02   1.53739871E+07   1.45288150E+07   1.45288150E+07   2.02993094E+07   1.65590695E+07   1.65590695E+07
   8.74000000E-02   1.52328363E+07   1.43572929E+07   1.43572929E+07   2.01153258E+07   1.64089868E+07   1.64089868E+07
   8.76000000E-02   1.50925716E+07   1.41868693E+07   1.41868693E+07   1.99324960E+07   1.62598454E+07   1.62598454E+07
   8.78000000E-02   1.49531860E+07   1.40175353E+07   1.40175353E+07   1.97508106E+07   1.61116375E+07   1.61116375E+07
   8.80000000E-02   1.48146723E+07   1.38492820E+07   1.38492820E+07   1.95702604E+07   1.59643557E+07   1.59643557E+07
   8.82000000E-02   1.46770236E+07   1.36821008E+07   1.36821008E+07   1.93908363E+07   1.58179924E+07   1.58179924E+07
   8.84000000E-02   1.45402329E+07   1.35159828E+07   1.35159828E+07   1.92125292E+07   1.56725404E+07   1.56725404E+07
   8.86000000E-02   1.44042933E+07   1.33509196E+07   1.33509196E+07   1.90353303E+07   1.55279923E+07   1.55279923E+07
   8.88000000E-02   1.42691980E+07   1.31869027E+07   1.31869027E+07   1.88592307E+07   1.53843410E+07   1.53843410E+07
   8.90000000E-02   1.41349403E+07   1.30239235E+07   1.30239235E+07   1.86842215E+07   1.52415792E+07   1.52415792E+07
   8.92000000E-02   1.40015136E+07   1.28619739E+07   1.28619739E+07   1.85102942E+07   1.50996999E+07   1.50996999E+07
   8.94000000E-02   1.38689111E+07   1.27010455E+07   1.27010455E+07   1.83374402E+07   1.49586961E+07   1.49586961E+07
   8.96000000E-02   1.37371265E+07   1.25411301E+07   1.25411301E+07   1.81656509E+07   1.48185608E+07   1.48185608E+07
   8.98000000E-02   1.36061532E+07   1.23822198E+07   1.23822198E+07   1.79949179E+07   1.46792873E+07   1.46792873E+07
   9.00000000E-02   1.34759848E+07   1.22243065E+07   1.22243065E+07   1.78252329E+07   1.45408686E+07   1.45408686E+07
   9.02000000E-02   1.33466149E+07   1.20673823E+07   1.20673823E+07   1.76565876E+07   1.44032981E+07   1.44032981E+07
   9.04000000E-02   1.32180374E+07   1.19114394E+07   1.19114394E+07   1.74889739E+07   1.42665690E+07   1.42665690E+07
   9.06000000E-02   1.30902460E+07   1.17564699E+07   1.17564699E+07   1.73223837E+07   1.41306749E+07   1.41306749E+07
   9.08000000E-02   1.29632345E+07   1.16024662E+07   1.16024662E+07   1.71568090E+07   1.39956091E+07   1.39956091E+07
   9.10000000E-02   1.28369968E+07   1.14494207E+07   1.14494207E+07   1.69922418E+07   1.38613652E+07   1.38613652E+07
   9.12000000E-02   1.27115269E+07   1.12973259E+07   1.12973259E+07   1.68286743E+07   1.37279368E+07   1.37279368E+07
   9.14000000E-02   1.25868188E+07   1.11461742E+07   1.11461742E+07   1.66660987E+07   1.35953175E+07   1.35953175E+07
   9.16000000E-02   1.24628667E+07   1.09959583E+07   1.09959583E+07   1.65045073E+07   1.34635011E+07   1.34635011E+07
   9.18000000E-02   1.23396645E+07   1.08466710E+07   1.08466710E+07   1.63438924E+07   1.33324813E+07   1.33324813E+07
   9.20000000E-02   1.22172067E+07   1.06983048E+07   1.06983048E+07   1.61842466E+07   1.32022519E+07   1.32022519E+07
   9.22000000E-02   1.20955932E+07   1.05531850E+07   1.05531850E+07   1.60255624E+07   1.30728070E+07   1.30728070E+07
   9.24000000E-02   1.19772693E+07   1.04652630E+07   1.04652630E+07   1.58678322E+07   1.29441403E+07   1.29441403E+07
   9.26000000E-02   1.18598336E+07   1.03817847E+07   1.03817847E+07   1.57110489E+07   1.28162461E+07   1.28162461E+07
   9.28000000E-02   1.17431012E+07   1.02987973E+07   1.02987973E+07   1.55552052E+07   1.26891182E+07   1.26891182E+07
   9.30000000E-02   1.16270667E+07   1.02162970E+07   1.02162970E+07   1.54002937E+07   1.25627509E+07   1.25627509E+07
   9.32000000E-02   1.15117248E+07   1.01342802E+07   1.01342802E+07   1.52463075E+07   1.24371383E+07   1.24371383E+07
   9.34000000E-02   1.13970703E+07   1.00527432E+07   1.00527432E+07   1.50932394E+07   1.23122747E+07   1.23122747E+07
   9.36000000E-02   1.12830978E+07   9.97168234E+06   9.97168234E+06   1.49410826E+07   1.21881543E+07   1.21881543E+07
   9.38000000E-02   1.11698022E+07   9.89109406E+06   9.89109406E+06   1.47898299E+07   1.20647717E+07   1.20647717E+07
   9.40000000E-02   1.10571784E+07   9.81097480E+06   9.81097480E+06   1.46394747E+07   1.19421210E+07   1.19421210E+07
   9.42000000E-02   1.09452213E+07   9.73132104E+06   9.73132104E+06   1.44900100E+07   1.18201968E+07   1.18201968E+07
   9.44000000E-02   1.08339259E+07   9.65212930E+06   9.65212930E+06   1.43414293E+07   1.16989937E+07   1.16989937E+07
   9.46000000E-02   1.07232871E+07   9.57339610E+06   9.57339610E+06   1.41937257E+07   1.15785061E+07   1.15785061E+07
   9.48000000E-02   1.06133000E+07   9.49511804E+06   9.49511804E+06   1.40468927E+07   1.14587287E+07   1.14587287E+07
   9.50000000E-02   1.05039598E+07   9.41729172E+06   9.41729172E+06   1.39009238E+07   1.13396561E+07   1.13396561E+07
   9.52000000E-02   1.03952616E+07   9.33991377E+06   9.33991377E+06   1.37558125E+07   1.12212831E+07   1.12212831E+07
   9.54000000E-02   1.02872005E+07   9.26298088E+06   9.26298088E+06   1.36115524E+07   1.11036045E+07   1.11036045E+07
   9.56000000E-02   1.01797719E+07   9.18648974E+06   9.18648974E+06   1.34681370E+07   1.09866150E+07   1.09866150E+07
   9.58000000E-02   1.00729710E+07   9.11043708E+06   9.11043708E+06   1.33255602E+07   1.08703095E+07   1.08703095E+07
   9.60000000E-02   9.96679313E+06   9.03481968E+06   9.03481968E+06   1.31838157E+07   1.07546829E+07   1.07546829E+07
   9.62000000E-02   9.86123369E+06   8.95963432E+06   8.95963432E+06   1.30428973E+07   1.06397302E+07   1.06397302E+07
   9.64000000E-02   9.75628808E+06   8.88487783E+06   8.88487783E+06   1.29027988E+07   1.05254464E+07   1.05254464E+07
   9.66000000E-02   9.65195177E+06   8.81054706E+06   8.81054706E+06   1.27635143E+07   1.04118266E+07   1.04118266E+07
   9.68000000E-02   9.54822026E+06   8.73663889E+06   8.73663889E+06   1.26250376E+07   1.02988657E+07   1.02988657E+07
   9.70000000E-02   9.44508909E+06   8.66315023E+06   8.66315023E+06   1.24873629E+07   1.01865591E+07   1.01865591E+07
   9.72000000E-02   9.34255384E+06   8.59007802E+06   8.59007802E+06   1.23504843E+07   1.00749018E+07   1.00749018E+07
   9.74000000E-02   9.24061015E+06   8.51741924E+06   8.51741924E+06   1.22143958E+07   9.96388912E+06   9.96388912E+06
   9.76000000E-02   9.13925368E+06   8.44517086E+06   8.44517086E+06   1.20790918E+07   9.85351630E+06   9.85351630E+06
   9.78000000E-02   9.03848013E+06   8.37332992E+06   8.37332992E+06   1.19445664E+07   9.74377868E+06   9.74377868E+06
   9.80000000E-02   8.93828525E+06   8.30189346E+06   8.30189346E+06   1.18108140E+07   9.63467160E+06   9.63467160E+06
   9.82000000E-02   8.83866482E+06   8.23085856E+06   8.23085856E+06   1.16778290E+07   9.52619049E+06   9.52619049E+06
   9.84000000E-02   8.73961466E+06   8.16022232E+06   8.16022232E+06   1.15456057E+07   9.41833078E+06   9.41833078E+06
   9.86000000E-02   8.64113064E+06   8.08998187E+06   8.08998187E+06   1.14141387E+07   9.31108796E+06   9.31108796E+06
   9.88000000E-02   8.54320865E+06   8.02013437E+06   8.02013437E+06   1.12834224E+07   9.20445755E+06   9.20445755E+06
   9.90000000E-02   8.44584462E+06   7.95067699E+06   7.95067699E+06   1.11534514E+07   9.09843514E+06   9.09843514E+06
   9.92000000E-02   8.34903452E+06   7.88160695E+06   7.88160695E+06   1.10242204E+07   8.99301632E+06   8.99301632E+06
   9.94000000E-02   8.25277437E+06   7.81292146E+06   7.81292146E+06   1.08957240E+07   8.88819675E+06   8.88819675E+06
   9.96000000E-02   8.15706021E+06   7.74461780E+06   7.74461780E+06   1.07679569E+07   8.78397212E+06   8.78397212E+06
   9.98000000E-02   8.06188812E+06   7.67669323E+06   7.67669323E+06   1.06409139E+07   8.68033814E+06   8.68033814E+06
   1.00000000E-01   7.96725420E+06   7.60914506E+06   7.60914506E+06   1.05145897E+07   8.57729059E+06   8.57729059E+06