# TBinMid=-0.0135 ssec TBinWidth=0.01 ss EBinWidth=0.2MeV Fluence at Earth for this timebin in neutrinos per cm^2
# E(GeV)	NuE	NuMu	NuTau	aNuE	aNuMu	aNuTau
   1.38589050E-13   3.15549996E+15   6.62219841E+16   6.62219841E+16   1.15606860E+14   1.45497494E+14   1.45497494E+14
   2.00000000E-04   5.64243402E+06   1.18413304E+08   1.18413304E+08   2.06719724E+05   2.60167967E+05   2.60167967E+05
   4.00000000E-04   2.87800699E+06   6.03984585E+07   6.03984585E+07   1.05440455E+05   1.32702523E+05   1.32702523E+05
   6.00000000E-04   1.94081800E+06   4.07304138E+07   4.07304138E+07   7.11050162E+04   8.94895132E+04   8.94895132E+04
   8.00000000E-04   1.46739849E+06   3.07951325E+07   3.07951325E+07   5.37605243E+04   6.76605309E+04   6.76605309E+04
   1.00000000E-03   1.18123171E+06   2.47895764E+07   2.47895764E+07   4.32763400E+04   5.44656172E+04   5.44656172E+04
   1.20000000E-03   9.89338996E+05   2.07624757E+07   2.07624757E+07   3.62460392E+04   4.56176030E+04   4.56176030E+04
   1.40000000E-03   1.35620131E+06   2.87676794E+07   2.87676794E+07   5.53317454E+04   5.27027888E+04   5.27027888E+04
   1.60000000E-03   1.77454548E+06   3.79405306E+07   3.79405306E+07   6.78392878E+04   5.69998908E+04   5.69998908E+04
   1.80000000E-03   2.03807796E+06   4.37362596E+07   4.37362596E+07   7.80029661E+04   5.96095649E+04   5.96095649E+04
   2.00000000E-03   2.20381227E+06   4.74218292E+07   4.74218292E+07   9.98781813E+04   6.33980106E+04   6.33980106E+04
   2.20000000E-03   3.12229211E+06   6.76799574E+07   6.76799574E+07   1.15202679E+05   6.56521979E+04   6.56521979E+04
   2.40000000E-03   3.96271492E+06   8.62184851E+07   8.62184851E+07   1.26025249E+05   6.68907546E+04   6.68907546E+04
   2.60000000E-03   4.59247522E+06   1.00117450E+08   1.00117450E+08   1.33672981E+05   6.74427356E+04   6.74427356E+04
   2.80000000E-03   5.06538533E+06   1.10615981E+08   1.10615981E+08   1.44455976E+05   6.68056335E+04   6.68056335E+04
   3.00000000E-03   5.42356371E+06   1.18577653E+08   1.18577653E+08   1.52661405E+05   6.59616827E+04   6.59616827E+04
   3.20000000E-03   5.69485061E+06   1.24615866E+08   1.24615866E+08   1.58761601E+05   6.50047367E+04   6.50047367E+04
   3.40000000E-03   7.10935245E+06   1.55814819E+08   1.55814819E+08   1.63251353E+05   6.39796861E+04   6.39796861E+04
   3.60000000E-03   8.96939921E+06   1.96815981E+08   1.96815981E+08   1.66495517E+05   6.29174012E+04   6.29174012E+04
   3.80000000E-03   1.05181166E+07   2.30957038E+08   2.30957038E+08   1.68767300E+05   6.18392514E+04   6.18392514E+04
   4.00000000E-03   1.18123288E+07   2.59514479E+08   2.59514479E+08   1.62818836E+05   5.81199636E+04   5.81199636E+04
   4.20000000E-03   1.28985306E+07   2.83488125E+08   2.83488125E+08   1.56279465E+05   5.44151541E+04   5.44151541E+04
   4.40000000E-03   1.38127620E+07   3.03668728E+08   3.03668728E+08   1.50280668E+05   5.10887697E+04   5.10887697E+04
   4.60000000E-03   1.45836829E+07   3.20688300E+08   3.20688300E+08   1.44756522E+05   4.80879099E+04   4.80879099E+04
   4.80000000E-03   1.52344141E+07   3.35056713E+08   3.35056713E+08   1.39651530E+05   4.53689241E+04   4.53689241E+04
   5.00000000E-03   1.57837647E+07   3.47188765E+08   3.47188765E+08   1.34918621E+05   4.28954940E+04   4.28954940E+04
   5.20000000E-03   1.62471536E+07   3.57424498E+08   3.57424498E+08   1.30517604E+05   4.06371712E+04   4.06371712E+04
   5.40000000E-03   1.60601255E+07   3.53337244E+08   3.53337244E+08   1.26413941E+05   3.85682485E+04   3.85682485E+04
   5.60000000E-03   1.55688904E+07   3.42549634E+08   3.42549634E+08   1.22577782E+05   3.66668816E+04   3.66668816E+04
   5.80000000E-03   1.51089955E+07   3.32444066E+08   3.32444066E+08   1.13217277E+05   3.37604851E+04   3.37604851E+04
   6.00000000E-03   1.46772587E+07   3.22956283E+08   3.22956283E+08   1.04172532E+05   3.10063008E+04   3.10063008E+04
   6.20000000E-03   1.42710942E+07   3.14030040E+08   3.14030040E+08   9.58785886E+04   2.84814969E+04   2.84814969E+04
   6.40000000E-03   1.38882451E+07   3.05615804E+08   3.05615804E+08   8.82547685E+04   2.61613888E+04   2.61613888E+04
   6.60000000E-03   1.35267152E+07   2.97669767E+08   2.97669767E+08   8.12310936E+04   2.40245686E+04   2.40245686E+04
   6.80000000E-03   1.31847327E+07   2.90153037E+08   2.90153037E+08   7.47466061E+04   2.20523905E+04   2.20523905E+04
   7.00000000E-03   1.28607189E+07   2.83030964E+08   2.83030964E+08   6.87479909E+04   2.02285485E+04   2.02285485E+04
   7.20000000E-03   1.25532626E+07   2.76272569E+08   2.76272569E+08   6.31884405E+04   1.85387288E+04   1.85387288E+04
   7.40000000E-03   1.22610983E+07   2.69850071E+08   2.69850071E+08   5.80267129E+04   1.69703212E+04   1.69703212E+04
   7.60000000E-03   1.19830876E+07   2.63738481E+08   2.63738481E+08   5.32263470E+04   1.55121786E+04   1.55121786E+04
   7.80000000E-03   1.17182038E+07   2.57915254E+08   2.57915254E+08   4.87550051E+04   1.41544159E+04   1.41544159E+04
   8.00000000E-03   1.14655180E+07   2.52360001E+08   2.52360001E+08   4.45839196E+04   1.28882404E+04   1.28882404E+04
   8.20000000E-03   1.12241883E+07   2.47054231E+08   2.47054231E+08   4.06874251E+04   1.17058088E+04   1.17058088E+04
   8.40000000E-03   1.09936514E+07   2.41981242E+08   2.41981242E+08   3.75291566E+04   1.08726642E+04   1.08726642E+04
   8.60000000E-03   1.04863765E+07   2.30814235E+08   2.30814235E+08   3.46973706E+04   1.01634175E+04   1.01634175E+04
   8.80000000E-03   9.82678583E+06   2.16293761E+08   2.16293761E+08   3.20383173E+04   9.49666365E+03   9.49666365E+03
   9.00000000E-03   9.20576731E+06   2.02622447E+08   2.02622447E+08   2.95385468E+04   8.86911898E+03   8.86911898E+03
   9.20000000E-03   8.62040728E+06   1.89736148E+08   1.89736148E+08   2.71859034E+04   8.27781461E+03   8.27781461E+03
   9.40000000E-03   8.06806516E+06   1.77576733E+08   1.77576733E+08   2.49693776E+04   7.72006028E+03   7.72006028E+03
   9.60000000E-03   7.54634298E+06   1.66091410E+08   1.66091410E+08   2.28789775E+04   7.19341325E+03   7.19341325E+03
   9.80000000E-03   7.05305879E+06   1.55232142E+08   1.55232142E+08   2.09056167E+04   6.69565115E+03   6.69565115E+03
   1.00000000E-02   6.58622343E+06   1.44955140E+08   1.44955140E+08   1.90410169E+04   6.22474825E+03   6.22474825E+03
   1.02000000E-02   6.14402024E+06   1.35220408E+08   1.35220408E+08   1.72776222E+04   5.77885480E+03   5.77885480E+03
   1.04000000E-02   5.72478721E+06   1.25991358E+08   1.25991358E+08   1.56085241E+04   5.35627870E+03   5.35627870E+03
   1.06000000E-02   5.32700126E+06   1.17234460E+08   1.17234460E+08   1.40273955E+04   4.95546957E+03   4.95546957E+03
   1.08000000E-02   4.94926442E+06   1.08918936E+08   1.08918936E+08   1.25284323E+04   4.57500454E+03   4.57500454E+03
   1.10000000E-02   4.59029154E+06   1.01016495E+08   1.01016495E+08   1.11063023E+04   4.21357578E+03   4.21357578E+03
   1.12000000E-02   4.24889943E+06   9.35010889E+07   9.35010889E+07   9.75609921E+03   3.86997939E+03   3.86997939E+03
   1.14000000E-02   3.92399722E+06   8.63487021E+07   8.63487021E+07   8.47330221E+03   3.54310556E+03   3.54310556E+03
   1.16000000E-02   3.61457778E+06   7.95371625E+07   7.95371625E+07   7.25374006E+03   3.23192981E+03   3.23192981E+03
   1.18000000E-02   3.31971001E+06   7.30459722E+07   7.30459722E+07   6.09355879E+03   2.93550513E+03   2.93550513E+03
   1.20000000E-02   3.03853202E+06   6.68561571E+07   6.68561571E+07   4.98919305E+03   2.65295506E+03   2.65295506E+03
   1.22000000E-02   2.77023134E+06   6.09501241E+07   6.09501241E+07   4.33878204E+03   2.46684583E+03   2.46684583E+03
   1.24000000E-02   2.51406787E+06   5.53115552E+07   5.53115552E+07   4.10480244E+03   2.36926487E+03   2.36926487E+03
   1.26000000E-02   2.26936673E+06   4.99252973E+07   4.99252973E+07   3.88083321E+03   2.27569177E+03   2.27569177E+03
   1.28000000E-02   2.03548737E+06   4.47772504E+07   4.47772504E+07   3.66632504E+03   2.18591045E+03   2.18591045E+03
   1.30000000E-02   1.81183337E+06   3.98542862E+07   3.98542862E+07   3.46076610E+03   2.09971940E+03   2.09971940E+03
   1.32000000E-02   1.59784886E+06   3.51441682E+07   3.51441682E+07   3.26367897E+03   2.01693054E+03   2.01693054E+03
   1.34000000E-02   1.39301518E+06   3.06354798E+07   3.06354798E+07   3.07461786E+03   1.93736813E+03   1.93736813E+03
   1.36000000E-02   1.19684796E+06   2.63175585E+07   2.63175585E+07   2.89316612E+03   1.86086776E+03   1.86086776E+03
   1.38000000E-02   1.11795988E+06   2.45816432E+07   2.45816432E+07   2.71893395E+03   1.78727552E+03   1.78727552E+03
   1.40000000E-02   1.06783921E+06   2.34790448E+07   2.34790448E+07   2.55155635E+03   1.71644721E+03   1.71644721E+03
   1.42000000E-02   1.01960799E+06   2.24180143E+07   2.24180143E+07   2.39069119E+03   1.64824752E+03   1.64824752E+03
   1.44000000E-02   9.73174296E+05   2.13965299E+07   2.13965299E+07   2.23601753E+03   1.58254946E+03   1.58254946E+03
   1.46000000E-02   9.28451815E+05   2.04126924E+07   2.04126924E+07   2.08723406E+03   1.51923370E+03   1.51923370E+03
   1.48000000E-02   8.85359385E+05   1.94647161E+07   1.94647161E+07   1.94405761E+03   1.45818803E+03   1.45818803E+03
   1.50000000E-02   8.43820642E+05   1.85509210E+07   1.85509210E+07   1.80622190E+03   1.39930684E+03   1.39930684E+03
   1.52000000E-02   8.03763680E+05   1.76697251E+07   1.76697251E+07   1.67347630E+03   1.34249066E+03   1.34249066E+03
   1.54000000E-02   7.65120739E+05   1.68196377E+07   1.68196377E+07   1.54558475E+03   1.28764575E+03   1.28764575E+03
   1.56000000E-02   7.27827915E+05   1.59992528E+07   1.59992528E+07   1.42232473E+03   1.23468364E+03   1.23468364E+03
   1.58000000E-02   6.91824900E+05   1.52072437E+07   1.52072437E+07   1.30348633E+03   1.18352086E+03   1.18352086E+03
   1.60000000E-02   6.57054738E+05   1.44423572E+07   1.44423572E+07   1.18887143E+03   1.13407854E+03   1.13407854E+03
   1.62000000E-02   6.23463602E+05   1.37034091E+07   1.37034091E+07   1.07829287E+03   1.08628214E+03   1.08628214E+03
   1.64000000E-02   5.91000588E+05   1.29892796E+07   1.29892796E+07   9.71573719E+02   1.04006112E+03   1.04006112E+03
   1.66000000E-02   5.59617522E+05   1.22989088E+07   1.22989088E+07   8.68546653E+02   9.95348730E+02   9.95348730E+02
   1.68000000E-02   5.29268790E+05   1.16312931E+07   1.16312931E+07   7.69053286E+02   9.52081753E+02   9.52081753E+02
   1.70000000E-02   4.99911170E+05   1.09854816E+07   1.09854816E+07   6.72943624E+02   9.10200263E+02   9.10200263E+02
   1.72000000E-02   4.71503682E+05   1.03605728E+07   1.03605728E+07   5.80075521E+02   8.69647433E+02   8.69647433E+02
   1.74000000E-02   4.44007452E+05   9.75571147E+06   9.75571147E+06   4.90314197E+02   8.30369341E+02   8.30369341E+02
   1.76000000E-02   4.17385579E+05   9.17008570E+06   9.17008570E+06   4.03531775E+02   7.92314791E+02   7.92314791E+02
   1.78000000E-02   3.91603586E+05   8.60292477E+06   8.60292477E+06   3.34761328E+02   7.59432077E+02   7.59432077E+02
   1.80000000E-02   3.66629772E+05   8.05349682E+06   8.05349682E+06   3.26646783E+02   7.42952417E+02   7.42952417E+02
   1.82000000E-02   3.42430209E+05   7.52110400E+06   7.52110400E+06   3.18758610E+02   7.26922830E+02   7.26922830E+02
   1.84000000E-02   3.18974776E+05   7.00508360E+06   7.00508360E+06   3.11088388E+02   7.11326738E+02   7.11326738E+02
   1.86000000E-02   2.96234804E+05   6.50480482E+06   6.50480482E+06   3.03628095E+02   6.96148340E+02   6.96148340E+02
   1.88000000E-02   2.74182994E+05   6.01966699E+06   6.01966699E+06   2.96370077E+02   6.81372563E+02   6.81372563E+02
   1.90000000E-02   2.52793335E+05   5.54909779E+06   5.54909779E+06   2.89307035E+02   6.66985025E+02   6.66985025E+02
   1.92000000E-02   2.32041034E+05   5.09255169E+06   5.09255169E+06   2.82432002E+02   6.52971993E+02   6.52971993E+02
   1.94000000E-02   2.11902444E+05   4.64950845E+06   4.64950845E+06   2.75738325E+02   6.39320352E+02   6.39320352E+02
   1.96000000E-02   1.92355007E+05   4.21947166E+06   4.21947166E+06   2.69219649E+02   6.26017566E+02   6.26017566E+02
   1.98000000E-02   1.73377186E+05   3.80196751E+06   3.80196751E+06   2.62869898E+02   6.13051653E+02   6.13051653E+02
   2.00000000E-02   1.54948418E+05   3.39654351E+06   3.39654351E+06   2.56683264E+02   6.00411151E+02   6.00411151E+02
   2.02000000E-02   1.37049053E+05   3.00276732E+06   3.00276732E+06   2.50654190E+02   5.88085091E+02   5.88085091E+02
   2.04000000E-02   1.19660311E+05   2.62022576E+06   2.62022576E+06   2.44777357E+02   5.76062974E+02   5.76062974E+02
   2.06000000E-02   1.02764235E+05   2.24852370E+06   2.24852370E+06   2.39047676E+02   5.64334745E+02   5.64334745E+02
   2.08000000E-02   8.63436470E+04   1.88728318E+06   1.88728318E+06   2.33460267E+02   5.52890768E+02   5.52890768E+02
   2.10000000E-02   7.03821069E+04   1.53614248E+06   1.53614248E+06   2.28010458E+02   5.41721810E+02   5.41721810E+02
   2.12000000E-02   5.48638760E+04   1.19475530E+06   1.19475530E+06   2.22693770E+02   5.30819015E+02   5.30819015E+02
   2.14000000E-02   3.97738806E+04   8.62789998E+05   8.62789998E+05   2.17505906E+02   5.20173891E+02   5.20173891E+02
   2.16000000E-02   2.50976781E+04   5.39928789E+05   5.39928789E+05   2.12442745E+02   5.09778286E+02   5.09778286E+02
   2.18000000E-02   1.08214261E+04   2.25867106E+05   2.25867106E+05   2.07500333E+02   4.99624376E+02   4.99624376E+02
   2.20000000E-02   1.17486914E+03   1.37279676E+04   1.37279676E+04   2.02674871E+02   4.89704647E+02   4.89704647E+02
   2.22000000E-02   1.14682365E+03   1.33462579E+04   1.33462579E+04   1.97962713E+02   4.80011881E+02   4.80011881E+02
   2.24000000E-02   1.11943418E+03   1.29736579E+04   1.29736579E+04   1.93360356E+02   4.70539141E+02   4.70539141E+02
   2.26000000E-02   1.09268057E+03   1.26098855E+04   1.26098855E+04   1.88864432E+02   4.61279759E+02   4.61279759E+02
   2.28000000E-02   1.06654346E+03   1.22546694E+04   1.22546694E+04   1.84471705E+02   4.52227322E+02   4.52227322E+02
   2.30000000E-02   1.04100421E+03   1.19077487E+04   1.19077487E+04   1.80179061E+02   4.43375660E+02   4.43375660E+02
   2.32000000E-02   1.01604491E+03   1.15688724E+04   1.15688724E+04   1.75983505E+02   4.34718838E+02   4.34718838E+02
   2.34000000E-02   9.91648300E+02   1.12377993E+04   1.12377993E+04   1.71882155E+02   4.26251140E+02   4.26251140E+02
   2.36000000E-02   9.67797783E+02   1.09142970E+04   1.09142970E+04   1.67872236E+02   4.17967064E+02   4.17967064E+02
   2.38000000E-02   9.44477374E+02   1.05981418E+04   1.05981418E+04   1.63951077E+02   4.09861310E+02   4.09861310E+02
   2.40000000E-02   9.21671674E+02   1.02891184E+04   1.02891184E+04   1.60116104E+02   4.01928770E+02   4.01928770E+02
   2.42000000E-02   8.99365847E+02   9.98701933E+03   9.98701933E+03   1.56364836E+02   3.94164523E+02   3.94164523E+02
   2.44000000E-02   8.77545595E+02   9.69164459E+03   9.69164459E+03   1.52694885E+02   3.86563823E+02   3.86563823E+02
   2.46000000E-02   8.56197131E+02   9.40280151E+03   9.40280151E+03   1.49103946E+02   3.79122095E+02   3.79122095E+02
   2.48000000E-02   8.35307164E+02   9.12030430E+03   9.12030430E+03   1.45589797E+02   3.71834923E+02   3.71834923E+02
   2.50000000E-02   8.14862869E+02   8.84397376E+03   8.84397376E+03   1.42150293E+02   3.64698049E+02   3.64698049E+02
   2.52000000E-02   7.94851874E+02   8.57363704E+03   8.57363704E+03   1.38783367E+02   3.57707360E+02   3.57707360E+02
   2.54000000E-02   7.75262237E+02   8.30912734E+03   8.30912734E+03   1.35487021E+02   3.50858888E+02   3.50858888E+02
   2.56000000E-02   7.56082428E+02   8.05028365E+03   8.05028365E+03   1.32259329E+02   3.44148799E+02   3.44148799E+02
   2.58000000E-02   7.37301315E+02   7.79695053E+03   7.79695053E+03   1.29098429E+02   3.37573390E+02   3.37573390E+02
   2.60000000E-02   7.18908145E+02   7.54897786E+03   7.54897786E+03   1.26002523E+02   3.31129084E+02   3.31129084E+02
   2.62000000E-02   7.13645041E+02   7.31288651E+03   7.31288651E+03   1.27591547E+02   3.35881148E+02   3.35881148E+02
   2.64000000E-02   7.14834385E+02   7.08505115E+03   7.08505115E+03   1.31447402E+02   3.46039018E+02   3.46039018E+02
   2.66000000E-02   7.15956439E+02   6.86193351E+03   6.86193351E+03   1.35209151E+02   3.55948991E+02   3.55948991E+02
   2.68000000E-02   7.17013443E+02   6.64340875E+03   6.64340875E+03   1.38879439E+02   3.65618032E+02   3.65618032E+02
   2.70000000E-02   7.18007557E+02   6.42935619E+03   6.42935619E+03   1.42460819E+02   3.75052867E+02   3.75052867E+02
   2.72000000E-02   7.18940859E+02   6.21965907E+03   6.21965907E+03   1.45955759E+02   3.84259995E+02   3.84259995E+02
   2.74000000E-02   7.19815354E+02   6.01420445E+03   6.01420445E+03   1.49366642E+02   3.93245697E+02   3.93245697E+02
   2.76000000E-02   7.20632972E+02   5.81288306E+03   5.81288306E+03   1.52695773E+02   4.02016043E+02   4.02016043E+02
   2.78000000E-02   7.21395574E+02   5.61558911E+03   5.61558911E+03   1.55945380E+02   4.10576901E+02   4.10576901E+02
   2.80000000E-02   7.22104955E+02   5.42222020E+03   5.42222020E+03   1.59117617E+02   4.18933946E+02   4.18933946E+02
   2.82000000E-02   7.22762845E+02   5.23267720E+03   5.23267720E+03   1.62214567E+02   4.27092667E+02   4.27092667E+02
   2.84000000E-02   7.23370914E+02   5.04686405E+03   5.04686405E+03   1.65238247E+02   4.35058373E+02   4.35058373E+02
   2.86000000E-02   7.23930773E+02   4.86468775E+03   4.86468775E+03   1.68190606E+02   4.42836202E+02   4.42836202E+02
   2.88000000E-02   7.24443975E+02   4.68605816E+03   4.68605816E+03   1.71073533E+02   4.50431127E+02   4.50431127E+02
   2.90000000E-02   7.24912019E+02   4.51088791E+03   4.51088791E+03   1.73888854E+02   4.57847960E+02   4.57847960E+02
   2.92000000E-02   7.25336354E+02   4.33909235E+03   4.33909235E+03   1.76638339E+02   4.65091364E+02   4.65091364E+02
   2.94000000E-02   7.25718378E+02   4.17058937E+03   4.17058937E+03   1.79323701E+02   4.72165850E+02   4.72165850E+02
   2.96000000E-02   7.26059440E+02   4.00529938E+03   4.00529938E+03   1.81946600E+02   4.79075791E+02   4.79075791E+02
   2.98000000E-02   7.26360844E+02   3.84314515E+03   3.84314515E+03   1.84508644E+02   4.85825421E+02   4.85825421E+02
   3.00000000E-02   7.26623848E+02   3.68405180E+03   3.68405180E+03   1.87011390E+02   4.92418846E+02   4.92418846E+02
   3.02000000E-02   7.26849671E+02   3.52794663E+03   3.52794663E+03   1.89456348E+02   4.98860042E+02   4.98860042E+02
   3.04000000E-02   7.27039488E+02   3.37475912E+03   3.37475912E+03   1.91844983E+02   5.05152865E+02   5.05152865E+02
   3.06000000E-02   7.27194434E+02   3.22442081E+03   3.22442081E+03   1.94178712E+02   5.11301053E+02   5.11301053E+02
   3.08000000E-02   7.27315609E+02   3.07686523E+03   3.07686523E+03   1.96458913E+02   5.17308232E+02   5.17308232E+02
   3.10000000E-02   7.27404075E+02   2.93202784E+03   2.93202784E+03   1.98686920E+02   5.23177916E+02   5.23177916E+02
   3.12000000E-02   7.27460859E+02   2.78984597E+03   2.78984597E+03   2.00864028E+02   5.28913518E+02   5.28913518E+02
   3.14000000E-02   7.27486954E+02   2.65025873E+03   2.65025873E+03   2.02991493E+02   5.34518345E+02   5.34518345E+02
   3.16000000E-02   7.27483321E+02   2.51320697E+03   2.51320697E+03   2.05070534E+02   5.39995609E+02   5.39995609E+02
   3.18000000E-02   7.27450889E+02   2.37863322E+03   2.37863322E+03   2.07102334E+02   5.45348428E+02   5.45348428E+02
   3.20000000E-02   7.27390559E+02   2.24648162E+03   2.24648162E+03   2.09088041E+02   5.50579826E+02   5.50579826E+02
   3.22000000E-02   7.27303199E+02   2.11669786E+03   2.11669786E+03   2.11028772E+02   5.55692741E+02   5.55692741E+02
   3.24000000E-02   7.27189653E+02   1.98922916E+03   1.98922916E+03   2.12925608E+02   5.60690025E+02   5.60690025E+02
   3.26000000E-02   7.27050737E+02   1.86402420E+03   1.86402420E+03   2.14779602E+02   5.65574449E+02   5.65574449E+02
   3.28000000E-02   7.26887239E+02   1.74103306E+03   1.74103306E+03   2.16591775E+02   5.70348705E+02   5.70348705E+02
   3.30000000E-02   7.26699924E+02   1.62020719E+03   1.62020719E+03   2.18363120E+02   5.75015406E+02   5.75015406E+02
   3.32000000E-02   7.26489532E+02   1.50149934E+03   1.50149934E+03   2.20094600E+02   5.79577094E+02   5.79577094E+02
   3.34000000E-02   7.26256781E+02   1.38486358E+03   1.38486358E+03   2.21787154E+02   5.84036237E+02   5.84036237E+02
   3.36000000E-02   7.26002365E+02   1.27025517E+03   1.27025517E+03   2.23441693E+02   5.88395235E+02   5.88395235E+02
   3.38000000E-02   7.25726957E+02   1.15763058E+03   1.15763058E+03   2.25059101E+02   5.92656422E+02   5.92656422E+02
   3.40000000E-02   7.25431209E+02   1.04694746E+03   1.04694746E+03   2.26640240E+02   5.96822065E+02   5.96822065E+02
   3.42000000E-02   7.25115752E+02   9.38164540E+02   9.38164540E+02   2.28185948E+02   6.00894370E+02   6.00894370E+02
   3.44000000E-02   7.24781200E+02   8.31241668E+02   8.31241668E+02   2.29697039E+02   6.04875483E+02   6.04875483E+02
   3.46000000E-02   7.24428145E+02   7.26139725E+02   7.26139725E+02   2.31174305E+02   6.08767490E+02   6.08767490E+02
   3.48000000E-02   7.24057164E+02   6.22820612E+02   6.22820612E+02   2.32618516E+02   6.12572421E+02   6.12572421E+02
   3.50000000E-02   7.23668813E+02   5.21247216E+02   5.21247216E+02   2.34030423E+02   6.16292252E+02   6.16292252E+02
   3.52000000E-02   7.23263634E+02   4.21383380E+02   4.21383380E+02   2.35410755E+02   6.19928905E+02   6.19928905E+02
   3.54000000E-02   7.25384475E+02   3.79166129E+02   3.79166129E+02   2.36760223E+02   6.23484250E+02   6.23484250E+02
   3.56000000E-02   7.29428602E+02   3.81280036E+02   3.81280036E+02   2.38079516E+02   6.26960109E+02   6.26960109E+02
   3.58000000E-02   7.33382310E+02   3.83346682E+02   3.83346682E+02   2.39369310E+02   6.30358254E+02   6.30358254E+02
   3.60000000E-02   7.37247609E+02   3.85367114E+02   3.85367114E+02   2.40630258E+02   6.33680411E+02   6.33680411E+02
   3.62000000E-02   7.41026453E+02   3.87342356E+02   3.87342356E+02   2.41862999E+02   6.36928260E+02   6.36928260E+02
   3.64000000E-02   7.44720746E+02   3.89273402E+02   3.89273402E+02   2.43068154E+02   6.40103440E+02   6.40103440E+02
   3.66000000E-02   7.48332345E+02   3.91161223E+02   3.91161223E+02   2.44246328E+02   6.43207543E+02   6.43207543E+02
   3.68000000E-02   7.51863055E+02   3.93006762E+02   3.93006762E+02   2.45398112E+02   6.46242124E+02   6.46242124E+02
   3.70000000E-02   7.55314638E+02   3.94810941E+02   3.94810941E+02   2.46524079E+02   6.49208695E+02   6.49208695E+02
   3.72000000E-02   7.58688809E+02   3.96574656E+02   3.96574656E+02   2.47624789E+02   6.52108731E+02   6.52108731E+02
   3.74000000E-02   7.61987239E+02   3.98298780E+02   3.98298780E+02   2.48700787E+02   6.54943669E+02   6.54943669E+02
   3.76000000E-02   7.65211558E+02   3.99984166E+02   3.99984166E+02   2.49752606E+02   6.57714909E+02   6.57714909E+02
   3.78000000E-02   7.68363355E+02   4.01631643E+02   4.01631643E+02   2.50780763E+02   6.60423816E+02   6.60423816E+02
   3.80000000E-02   7.71444177E+02   4.03242022E+02   4.03242022E+02   2.51785763E+02   6.63071722E+02   6.63071722E+02
   3.82000000E-02   7.74455534E+02   4.04816090E+02   4.04816090E+02   2.52768100E+02   6.65659922E+02   6.65659922E+02
   3.84000000E-02   7.67296489E+02   4.01073981E+02   4.01073981E+02   2.50431364E+02   6.59506545E+02   6.59506545E+02
   3.86000000E-02   7.55791422E+02   3.95060161E+02   3.95060161E+02   2.46676323E+02   6.49617711E+02   6.49617711E+02
   3.88000000E-02   7.44443674E+02   3.89128574E+02   3.89128574E+02   2.42972629E+02   6.39864097E+02   6.39864097E+02
   3.90000000E-02   7.33250431E+02   3.83277747E+02   3.83277747E+02   2.39319361E+02   6.30243283E+02   6.30243283E+02
   3.92000000E-02   7.22208939E+02   3.77506242E+02   3.77506242E+02   2.35715623E+02   6.20752901E+02   6.20752901E+02
   3.94000000E-02   7.11316507E+02   3.71812653E+02   3.71812653E+02   2.32160535E+02   6.11390640E+02   6.11390640E+02
   3.96000000E-02   7.00570504E+02   3.66195604E+02   3.66195604E+02   2.28653239E+02   6.02154238E+02   6.02154238E+02
   3.98000000E-02   6.89968359E+02   3.60653751E+02   3.60653751E+02   2.25192895E+02   5.93041483E+02   5.93041483E+02
   4.00000000E-02   6.79507554E+02   3.55185778E+02   3.55185778E+02   2.21778682E+02   5.84050214E+02   5.84050214E+02
   4.02000000E-02   6.69185631E+02   3.49790399E+02   3.49790399E+02   2.18409797E+02   5.75178317E+02   5.75178317E+02
   4.04000000E-02   6.59000182E+02   3.44466358E+02   3.44466358E+02   2.15085455E+02   5.66423722E+02   5.66423722E+02
   4.06000000E-02   6.48948855E+02   3.39212423E+02   3.39212423E+02   2.11804888E+02   5.57784407E+02   5.57784407E+02
   4.08000000E-02   6.39029347E+02   3.34027391E+02   3.34027391E+02   2.08567344E+02   5.49258393E+02   5.49258393E+02
   4.10000000E-02   6.29239404E+02   3.28910084E+02   3.28910084E+02   2.05372088E+02   5.40843743E+02   5.40843743E+02
   4.12000000E-02   6.19576822E+02   3.23859351E+02   3.23859351E+02   2.02218401E+02   5.32538562E+02   5.32538562E+02
   4.14000000E-02   6.10039444E+02   3.18874062E+02   3.18874062E+02   1.99105577E+02   5.24340997E+02   5.24340997E+02
   4.16000000E-02   6.00625159E+02   3.13953116E+02   3.13953116E+02   1.96032929E+02   5.16249232E+02   5.16249232E+02
   4.18000000E-02   5.91331900E+02   3.09095431E+02   3.09095431E+02   1.92999781E+02   5.08261491E+02   5.08261491E+02
   4.20000000E-02   5.82157644E+02   3.04299951E+02   3.04299951E+02   1.90005474E+02   5.00376036E+02   5.00376036E+02
   4.22000000E-02   5.73100411E+02   2.99565639E+02   2.99565639E+02   1.87049361E+02   4.92591165E+02   4.92591165E+02
   4.24000000E-02   5.64158262E+02   2.94891484E+02   2.94891484E+02   1.84130809E+02   4.84905211E+02   4.84905211E+02
   4.26000000E-02   5.55329298E+02   2.90276491E+02   2.90276491E+02   1.81249198E+02   4.77316541E+02   4.77316541E+02
   4.28000000E-02   5.46611660E+02   2.85719690E+02   2.85719690E+02   1.78403923E+02   4.69823559E+02   4.69823559E+02
   4.30000000E-02   5.38003528E+02   2.81220128E+02   2.81220128E+02   1.75594388E+02   4.62424699E+02   4.62424699E+02
   4.32000000E-02   5.29503118E+02   2.76776874E+02   2.76776874E+02   1.72820012E+02   4.55118428E+02   4.55118428E+02
   4.34000000E-02   5.21108683E+02   2.72389014E+02   2.72389014E+02   1.70080224E+02   4.47903244E+02   4.47903244E+02
   4.36000000E-02   5.12818512E+02   2.68055654E+02   2.68055654E+02   1.67374465E+02   4.40777678E+02   4.40777678E+02
   4.38000000E-02   5.04630929E+02   2.63775918E+02   2.63775918E+02   1.64702190E+02   4.33740288E+02   4.33740288E+02
   4.40000000E-02   4.96544290E+02   2.59548946E+02   2.59548946E+02   1.62062860E+02   4.26789661E+02   4.26789661E+02
   4.42000000E-02   4.88556986E+02   2.55373898E+02   2.55373898E+02   1.59455952E+02   4.19924415E+02   4.19924415E+02
   4.44000000E-02   4.80667439E+02   2.51249949E+02   2.51249949E+02   1.56880950E+02   4.13143193E+02   4.13143193E+02
   4.46000000E-02   4.72874104E+02   2.47176290E+02   2.47176290E+02   1.54337350E+02   4.06444667E+02   4.06444667E+02
   4.48000000E-02   4.65175465E+02   2.43152130E+02   2.43152130E+02   1.51824657E+02   3.99827535E+02   3.99827535E+02
   4.50000000E-02   4.57570037E+02   2.39176693E+02   2.39176693E+02   1.49342386E+02   3.93290518E+02   3.93290518E+02
   4.52000000E-02   4.50056364E+02   2.35249216E+02   2.35249216E+02   1.46890062E+02   3.86832367E+02   3.86832367E+02
   4.54000000E-02   4.42633018E+02   2.31368955E+02   2.31368955E+02   1.44467220E+02   3.80451854E+02   3.80451854E+02
   4.56000000E-02   4.35298599E+02   2.27535177E+02   2.27535177E+02   1.42073401E+02   3.74147776E+02   3.74147776E+02
   4.58000000E-02   4.28051736E+02   2.23747165E+02   2.23747165E+02   1.39708159E+02   3.67918953E+02   3.67918953E+02
   4.60000000E-02   4.20891082E+02   2.20004215E+02   2.20004215E+02   1.37371054E+02   3.61764229E+02   3.61764229E+02
   4.62000000E-02   4.13815316E+02   2.16305638E+02   2.16305638E+02   1.35061656E+02   3.55682469E+02   3.55682469E+02
   4.64000000E-02   4.06823146E+02   2.12650756E+02   2.12650756E+02   1.32779541E+02   3.49672559E+02   3.49672559E+02
   4.66000000E-02   3.99913300E+02   2.09038907E+02   2.09038907E+02   1.30524295E+02   3.43733409E+02   3.43733409E+02
   4.68000000E-02   3.93084532E+02   2.05469438E+02   2.05469438E+02   1.28295512E+02   3.37863949E+02   3.37863949E+02
   4.70000000E-02   3.86335622E+02   2.01941711E+02   2.01941711E+02   1.26092792E+02   3.32063127E+02   3.32063127E+02
   4.72000000E-02   3.79665370E+02   1.98455100E+02   1.98455100E+02   1.23915745E+02   3.26329912E+02   3.26329912E+02
   4.74000000E-02   3.73072599E+02   1.95008989E+02   1.95008989E+02   1.21763987E+02   3.20663295E+02   3.20663295E+02
   4.76000000E-02   3.66556155E+02   1.91602775E+02   1.91602775E+02   1.19637141E+02   3.15062283E+02   3.15062283E+02
   4.78000000E-02   3.60114906E+02   1.88235866E+02   1.88235866E+02   1.17534836E+02   3.09525901E+02   3.09525901E+02
   4.80000000E-02   3.53747739E+02   1.84907680E+02   1.84907680E+02   1.15456711E+02   3.04053195E+02   3.04053195E+02
   4.82000000E-02   3.47453563E+02   1.81617648E+02   1.81617648E+02   1.13402408E+02   2.98643226E+02   2.98643226E+02
   4.84000000E-02   3.41231308E+02   1.78365210E+02   1.78365210E+02   1.11371580E+02   2.93295075E+02   2.93295075E+02
   4.86000000E-02   3.35079922E+02   1.75149815E+02   1.75149815E+02   1.09363881E+02   2.88007836E+02   2.88007836E+02
   4.88000000E-02   3.28998373E+02   1.71970925E+02   1.71970925E+02   1.07378976E+02   2.82780624E+02   2.82780624E+02
   4.90000000E-02   3.22985647E+02   1.68828010E+02   1.68828010E+02   1.05416533E+02   2.77612567E+02   2.77612567E+02
   4.92000000E-02   3.17040749E+02   1.65720549E+02   1.65720549E+02   1.03476229E+02   2.72502809E+02   2.72502809E+02
   4.94000000E-02   3.11162703E+02   1.62648033E+02   1.62648033E+02   1.01557744E+02   2.67450513E+02   2.67450513E+02
   4.96000000E-02   3.05350550E+02   1.59609959E+02   1.59609959E+02   9.96607645E+01   2.62454851E+02   2.62454851E+02
   4.98000000E-02   2.99603347E+02   1.56605835E+02   1.56605835E+02   9.77849839E+01   2.57515016E+02   2.57515016E+02
   5.00000000E-02   2.93920169E+02   1.53635178E+02   1.53635178E+02   9.59300998E+01   2.52630212E+02   2.52630212E+02
   5.02000000E-02   2.88300107E+02   1.50697512E+02   1.50697512E+02   9.40958157E+01   2.47799658E+02   2.47799658E+02
   5.04000000E-02   2.82742269E+02   1.47792371E+02   1.47792371E+02   9.22818402E+01   2.43022585E+02   2.43022585E+02
   5.06000000E-02   2.77245777E+02   1.44919297E+02   1.44919297E+02   9.04878872E+01   2.38298242E+02   2.38298242E+02
   5.08000000E-02   2.71809771E+02   1.42077839E+02   1.42077839E+02   8.87136755E+01   2.33625887E+02   2.33625887E+02
   5.10000000E-02   2.66433404E+02   1.39267555E+02   1.39267555E+02   8.69589289E+01   2.29004793E+02   2.29004793E+02
   5.12000000E-02   2.61115845E+02   1.36488011E+02   1.36488011E+02   8.52233760E+01   2.24434246E+02   2.24434246E+02
   5.14000000E-02   2.55856276E+02   1.33738779E+02   1.33738779E+02   8.35067502E+01   2.19913542E+02   2.19913542E+02
   5.16000000E-02   2.50653896E+02   1.31019439E+02   1.31019439E+02   8.18087895E+01   2.15441993E+02   2.15441993E+02
   5.18000000E-02   2.45507914E+02   1.28329580E+02   1.28329580E+02   8.01292363E+01   2.11018919E+02   2.11018919E+02
   5.20000000E-02   2.40417555E+02   1.25668796E+02   1.25668796E+02   7.84678376E+01   2.06643655E+02   2.06643655E+02
   5.22000000E-02   2.35382059E+02   1.23036689E+02   1.23036689E+02   7.68243447E+01   2.02315546E+02   2.02315546E+02
   5.24000000E-02   2.30400675E+02   1.20432867E+02   1.20432867E+02   7.51985132E+01   1.98033948E+02   1.98033948E+02
   5.26000000E-02   2.25472667E+02   1.17856945E+02   1.17856945E+02   7.35901027E+01   1.93798227E+02   1.93798227E+02
   5.28000000E-02   2.20597312E+02   1.15308545E+02   1.15308545E+02   7.19988770E+01   1.89607763E+02   1.89607763E+02
   5.30000000E-02   2.15773898E+02   1.12787296E+02   1.12787296E+02   7.04246040E+01   1.85461943E+02   1.85461943E+02
   5.32000000E-02   2.11001725E+02   1.10292831E+02   1.10292831E+02   6.88670553E+01   1.81360166E+02   1.81360166E+02
   5.34000000E-02   2.06280107E+02   1.07824791E+02   1.07824791E+02   6.73260066E+01   1.77301841E+02   1.77301841E+02
   5.36000000E-02   2.01608366E+02   1.05382823E+02   1.05382823E+02   6.58012370E+01   1.73286388E+02   1.73286388E+02
   5.38000000E-02   1.96985839E+02   1.02966579E+02   1.02966579E+02   6.42925295E+01   1.69313234E+02   1.69313234E+02
   5.40000000E-02   1.92411870E+02   1.00575717E+02   1.00575717E+02   6.27996709E+01   1.65381817E+02   1.65381817E+02
   5.42000000E-02   1.87885817E+02   9.82099017E+01   9.82099017E+01   6.13224511E+01   1.61491585E+02   1.61491585E+02
   5.44000000E-02   1.83407048E+02   9.58688018E+01   9.58688018E+01   5.98606638E+01   1.57641994E+02   1.57641994E+02
   5.46000000E-02   1.78974941E+02   9.35520924E+01   9.35520924E+01   5.84141060E+01   1.53832510E+02   1.53832510E+02
   5.48000000E-02   1.74588883E+02   9.12594536E+01   9.12594536E+01   5.69825779E+01   1.50062606E+02   1.50062606E+02
   5.50000000E-02   1.70248273E+02   8.89905710E+01   8.89905710E+01   5.55658833E+01   1.46331766E+02   1.46331766E+02
   5.52000000E-02   1.65952519E+02   8.67451351E+01   8.67451351E+01   5.41638288E+01   1.42639480E+02   1.42639480E+02
   5.54000000E-02   1.61701039E+02   8.45228414E+01   8.45228414E+01   5.27762243E+01   1.38985249E+02   1.38985249E+02
   5.56000000E-02   1.57493259E+02   8.23233905E+01   8.23233905E+01   5.14028830E+01   1.35368579E+02   1.35368579E+02
   5.58000000E-02   1.53328616E+02   8.01464877E+01   8.01464877E+01   5.00436207E+01   1.31788986E+02   1.31788986E+02
   5.60000000E-02   1.49206556E+02   7.79918430E+01   7.79918430E+01   4.86982564E+01   1.28245993E+02   1.28245993E+02
   5.62000000E-02   1.50652726E+02   7.87477714E+01   7.87477714E+01   4.91702595E+01   1.29489005E+02   1.29489005E+02
   5.64000000E-02   1.74062537E+02   9.09843269E+01   9.09843269E+01   5.68107883E+01   1.49610201E+02   1.49610201E+02
   5.66000000E-02   1.97222449E+02   1.03090258E+02   1.03090258E+02   6.43697547E+01   1.69516605E+02   1.69516605E+02
   5.68000000E-02   2.20135696E+02   1.15067254E+02   1.15067254E+02   7.18482141E+01   1.89210995E+02   1.89210995E+02
   5.70000000E-02   2.42805460E+02   1.26916979E+02   1.26916979E+02   7.92472051E+01   2.08696106E+02   2.08696106E+02
   5.72000000E-02   2.65234871E+02   1.38641069E+02   1.38641069E+02   8.65677496E+01   2.27974630E+02   2.27974630E+02
   5.74000000E-02   2.87427012E+02   1.50241136E+02   1.50241136E+02   9.38108535E+01   2.47049215E+02   2.47049215E+02
   5.76000000E-02   3.09384916E+02   1.61718764E+02   1.61718764E+02   1.00977507E+02   2.65922469E+02   2.65922469E+02
   5.78000000E-02   3.31111567E+02   1.73075514E+02   1.73075514E+02   1.08068683E+02   2.84596956E+02   2.84596956E+02
   5.80000000E-02   3.52609903E+02   1.84312922E+02   1.84312922E+02   1.15085342E+02   3.03075203E+02   3.03075203E+02
   5.82000000E-02   3.73882818E+02   1.95432499E+02   1.95432499E+02   1.22028427E+02   3.21359694E+02   3.21359694E+02
   5.84000000E-02   3.94933157E+02   2.06435734E+02   2.06435734E+02   1.28898868E+02   3.39452878E+02   3.39452878E+02
   5.86000000E-02   4.15763724E+02   2.17324091E+02   2.17324091E+02   1.35697579E+02   3.57357163E+02   3.57357163E+02
   5.88000000E-02   4.36377278E+02   2.28099013E+02   2.28099013E+02   1.42425462E+02   3.75074922E+02   3.75074922E+02
   5.90000000E-02   4.56776535E+02   2.38761921E+02   2.38761921E+02   1.49083401E+02   3.92608488E+02   3.92608488E+02
   5.92000000E-02   4.76964171E+02   2.49314211E+02   2.49314211E+02   1.55672272E+02   4.09960161E+02   4.09960161E+02
   5.94000000E-02   4.96942818E+02   2.59757261E+02   2.59757261E+02   1.62192932E+02   4.27132204E+02   4.27132204E+02
   5.96000000E-02   5.16715071E+02   2.70092427E+02   2.70092427E+02   1.68646229E+02   4.44126847E+02   4.44126847E+02
   5.98000000E-02   5.36283483E+02   2.80321042E+02   2.80321042E+02   1.75032996E+02   4.60946285E+02   4.60946285E+02
   6.00000000E-02   5.55650568E+02   2.90444422E+02   2.90444422E+02   1.81354054E+02   4.77592679E+02   4.77592679E+02
   6.02000000E-02   5.74818804E+02   3.00463862E+02   3.00463862E+02   1.87610212E+02   4.94068158E+02   4.94068158E+02
   6.04000000E-02   5.93790629E+02   3.10380635E+02   3.10380635E+02   1.93802264E+02   5.10374818E+02   5.10374818E+02
   6.06000000E-02   6.12568447E+02   3.20195999E+02   3.20195999E+02   1.99930996E+02   5.26514725E+02   5.26514725E+02
   6.08000000E-02   6.31154623E+02   3.29911190E+02   3.29911190E+02   2.05997180E+02   5.42489911E+02   5.42489911E+02
   6.10000000E-02   6.49551489E+02   3.39527426E+02   3.39527426E+02   2.12001576E+02   5.58302382E+02   5.58302382E+02
   6.12000000E-02   6.67761339E+02   3.49045907E+02   3.49045907E+02   2.17944934E+02   5.73954110E+02   5.73954110E+02
   6.14000000E-02   6.85786437E+02   3.58467816E+02   3.58467816E+02   2.23827992E+02   5.89447039E+02   5.89447039E+02
   6.16000000E-02   7.03629010E+02   3.67794318E+02   3.67794318E+02   2.29651477E+02   6.04783084E+02   6.04783084E+02
   6.18000000E-02   7.21291254E+02   3.77026559E+02   3.77026559E+02   2.35416107E+02   6.19964133E+02   6.19964133E+02
   6.20000000E-02   7.38775331E+02   3.86165671E+02   3.86165671E+02   2.41122586E+02   6.34992044E+02   6.34992044E+02
   6.22000000E-02   7.56083373E+02   3.95212767E+02   3.95212767E+02   2.46771610E+02   6.49868648E+02   6.49868648E+02
   6.24000000E-02   7.73217478E+02   4.04168945E+02   4.04168945E+02   2.52363864E+02   6.64595751E+02   6.64595751E+02
   6.26000000E-02   7.90179716E+02   4.13035286E+02   4.13035286E+02   2.57900025E+02   6.79175131E+02   6.79175131E+02
   6.28000000E-02   8.06972126E+02   4.21812856E+02   4.21812856E+02   2.63380756E+02   6.93608541E+02   6.93608541E+02
   6.30000000E-02   8.23596716E+02   4.30502705E+02   4.30502705E+02   2.68806715E+02   7.07897706E+02   7.07897706E+02
   6.32000000E-02   8.40055468E+02   4.39105868E+02   4.39105868E+02   2.74178546E+02   7.22044329E+02   7.22044329E+02
   6.34000000E-02   8.56350331E+02   4.47623365E+02   4.47623365E+02   2.79496888E+02   7.36050087E+02   7.36050087E+02
   6.36000000E-02   8.72483230E+02   4.56056202E+02   4.56056202E+02   2.84762367E+02   7.49916633E+02   7.49916633E+02
   6.38000000E-02   8.88456059E+02   4.64405368E+02   4.64405368E+02   2.89975603E+02   7.63645596E+02   7.63645596E+02
   6.40000000E-02   9.04270687E+02   4.72671842E+02   4.72671842E+02   2.95137205E+02   7.77238583E+02   7.77238583E+02
   6.42000000E-02   9.19928956E+02   4.80856584E+02   4.80856584E+02   3.00247774E+02   7.90697176E+02   7.90697176E+02
   6.44000000E-02   9.35432681E+02   4.88960545E+02   4.88960545E+02   3.05307902E+02   8.04022935E+02   8.04022935E+02
   6.46000000E-02   9.50783652E+02   4.96984660E+02   4.96984660E+02   3.10318175E+02   8.17217398E+02   8.17217398E+02
   6.48000000E-02   9.65983633E+02   5.04929850E+02   5.04929850E+02   3.15279167E+02   8.30282083E+02   8.30282083E+02
   6.50000000E-02   9.81034362E+02   5.12797026E+02   5.12797026E+02   3.20191447E+02   8.43218484E+02   8.43218484E+02
   6.52000000E-02   9.95937556E+02   5.20587082E+02   5.20587082E+02   3.25055573E+02   8.56028074E+02   8.56028074E+02
   6.54000000E-02   1.01069490E+03   5.28300904E+02   5.28300904E+02   3.29872098E+02   8.68712307E+02   8.68712307E+02
   6.56000000E-02   1.02530807E+03   5.35939362E+02   5.35939362E+02   3.34641566E+02   8.81272616E+02   8.81272616E+02
   6.58000000E-02   1.03977871E+03   5.43503316E+02   5.43503316E+02   3.39364513E+02   8.93710413E+02   8.93710413E+02
   6.60000000E-02   1.05410843E+03   5.50993612E+02   5.50993612E+02   3.44041468E+02   9.06027092E+02   9.06027092E+02
   6.62000000E-02   1.06829883E+03   5.58411086E+02   5.58411086E+02   3.48672953E+02   9.18224025E+02   9.18224025E+02
   6.64000000E-02   1.08235150E+03   5.65756562E+02   5.65756562E+02   3.53259483E+02   9.30302569E+02   9.30302569E+02
   6.66000000E-02   1.09626798E+03   5.73030853E+02   5.73030853E+02   3.57801564E+02   9.42264059E+02   9.42264059E+02
   6.68000000E-02   1.11004980E+03   5.80234759E+02   5.80234759E+02   3.62299696E+02   9.54109811E+02   9.54109811E+02
   6.70000000E-02   1.12369849E+03   5.87369071E+02   5.87369071E+02   3.66754374E+02   9.65841127E+02   9.65841127E+02
   6.72000000E-02   1.13721552E+03   5.94434568E+02   5.94434568E+02   3.71166084E+02   9.77459286E+02   9.77459286E+02
   6.74000000E-02   1.15060238E+03   6.01432019E+02   6.01432019E+02   3.75535306E+02   9.88965554E+02   9.88965554E+02
   6.76000000E-02   1.16386050E+03   6.08362182E+02   6.08362182E+02   3.79862513E+02   1.00036118E+03   1.00036118E+03
   6.78000000E-02   1.17699133E+03   6.15225805E+02   6.15225805E+02   3.84148173E+02   1.01164739E+03   1.01164739E+03
   6.80000000E-02   1.18999628E+03   6.22023626E+02   6.22023626E+02   3.88392745E+02   1.02282539E+03   1.02282539E+03
   6.82000000E-02   1.20287673E+03   6.28756373E+02   6.28756373E+02   3.92596685E+02   1.03389639E+03   1.03389639E+03
   6.84000000E-02   1.21563405E+03   6.35424763E+02   6.35424763E+02   3.96760441E+02   1.04486157E+03   1.04486157E+03
   6.86000000E-02   1.22826962E+03   6.42029506E+02   6.42029506E+02   4.00884455E+02   1.05572209E+03   1.05572209E+03
   6.88000000E-02   1.24078475E+03   6.48571300E+02   6.48571300E+02   4.04969164E+02   1.06647909E+03   1.06647909E+03
   6.90000000E-02   1.25318078E+03   6.55050834E+02   6.55050834E+02   4.09014997E+02   1.07713373E+03   1.07713373E+03
   6.92000000E-02   1.26545900E+03   6.61468789E+02   6.61468789E+02   4.13022380E+02   1.08768710E+03   1.08768710E+03
   6.94000000E-02   1.27762070E+03   6.67825835E+02   6.67825835E+02   4.16991733E+02   1.09814032E+03   1.09814032E+03
   6.96000000E-02   1.28966713E+03   6.74122636E+02   6.74122636E+02   4.20923467E+02   1.10849447E+03   1.10849447E+03
   6.98000000E-02   1.30159957E+03   6.80359845E+02   6.80359845E+02   4.24817992E+02   1.11875063E+03   1.11875063E+03
   7.00000000E-02   1.31341923E+03   6.86538107E+02   6.86538107E+02   4.28675711E+02   1.12890987E+03   1.12890987E+03
   7.02000000E-02   1.32512733E+03   6.92658057E+02   6.92658057E+02   4.32497020E+02   1.13897321E+03   1.13897321E+03
   7.04000000E-02   1.33672509E+03   6.98720325E+02   6.98720325E+02   4.36282312E+02   1.14894171E+03   1.14894171E+03
   7.06000000E-02   1.34821367E+03   7.04725531E+02   7.04725531E+02   4.40031973E+02   1.15881638E+03   1.15881638E+03
   7.08000000E-02   1.35959426E+03   7.10674285E+02   7.10674285E+02   4.43746387E+02   1.16859822E+03   1.16859822E+03
   7.10000000E-02   1.37086801E+03   7.16567191E+02   7.16567191E+02   4.47425929E+02   1.17828823E+03   1.17828823E+03
   7.12000000E-02   1.38203605E+03   7.22404846E+02   7.22404846E+02   4.51070972E+02   1.18788739E+03   1.18788739E+03
   7.14000000E-02   1.39309952E+03   7.28187838E+02   7.28187838E+02   4.54681883E+02   1.19739666E+03   1.19739666E+03
   7.16000000E-02   1.40405952E+03   7.33916747E+02   7.33916747E+02   4.58259025E+02   1.20681700E+03   1.20681700E+03
   7.18000000E-02   1.41491716E+03   7.39592147E+02   7.39592147E+02   4.61802755E+02   1.21614935E+03   1.21614935E+03
   7.20000000E-02   1.42567350E+03   7.45214602E+02   7.45214602E+02   4.65313427E+02   1.22539464E+03   1.22539464E+03
   7.22000000E-02   1.43632963E+03   7.50784672E+02   7.50784672E+02   4.68791390E+02   1.23455379E+03   1.23455379E+03
   7.24000000E-02   1.44688659E+03   7.56302908E+02   7.56302908E+02   4.72236987E+02   1.24362771E+03   1.24362771E+03
   7.26000000E-02   1.45734543E+03   7.61769854E+02   7.61769854E+02   4.75650558E+02   1.25261729E+03   1.25261729E+03
   7.28000000E-02   1.46770718E+03   7.67186048E+02   7.67186048E+02   4.79032440E+02   1.26152342E+03   1.26152342E+03
   7.30000000E-02   1.47797284E+03   7.72552019E+02   7.72552019E+02   4.82382963E+02   1.27034696E+03   1.27034696E+03
   7.32000000E-02   1.48814343E+03   7.77868292E+02   7.77868292E+02   4.85702454E+02   1.27908878E+03   1.27908878E+03
   7.34000000E-02   1.49821993E+03   7.83135384E+02   7.83135384E+02   4.88991236E+02   1.28774973E+03   1.28774973E+03
   7.36000000E-02   1.50820331E+03   7.88353805E+02   7.88353805E+02   4.92249628E+02   1.29633065E+03   1.29633065E+03
   7.38000000E-02   1.51809455E+03   7.93524060E+02   7.93524060E+02   4.95477945E+02   1.30483236E+03   1.30483236E+03
   7.40000000E-02   1.52789459E+03   7.98646647E+02   7.98646647E+02   4.98676498E+02   1.31325569E+03   1.31325569E+03
   7.42000000E-02   1.53760438E+03   8.03722056E+02   8.03722056E+02   5.01845594E+02   1.32160145E+03   1.32160145E+03
   7.44000000E-02   1.54722485E+03   8.08750774E+02   8.08750774E+02   5.04985535E+02   1.32987043E+03   1.32987043E+03
   7.46000000E-02   1.55675690E+03   8.13733281E+02   8.13733281E+02   5.08096621E+02   1.33806342E+03   1.33806342E+03
   7.48000000E-02   1.56620146E+03   8.18670048E+02   8.18670048E+02   5.11179149E+02   1.34618120E+03   1.34618120E+03
   7.50000000E-02   1.57555940E+03   8.23561545E+02   8.23561545E+02   5.14233409E+02   1.35422454E+03   1.35422454E+03
   7.52000000E-02   1.58483162E+03   8.28408233E+02   8.28408233E+02   5.17259690E+02   1.36219420E+03   1.36219420E+03
   7.54000000E-02   1.59401899E+03   8.33210568E+02   8.33210568E+02   5.20258277E+02   1.37009093E+03   1.37009093E+03
   7.56000000E-02   1.60312237E+03   8.37969000E+02   8.37969000E+02   5.23229451E+02   1.37791546E+03   1.37791546E+03
   7.58000000E-02   1.61214261E+03   8.42683975E+02   8.42683975E+02   5.26173491E+02   1.38566854E+03   1.38566854E+03
   7.60000000E-02   1.62108055E+03   8.47355933E+02   8.47355933E+02   5.29090670E+02   1.39335088E+03   1.39335088E+03
   7.62000000E-02   1.62993703E+03   8.51985306E+02   8.51985306E+02   5.31981259E+02   1.40096319E+03   1.40096319E+03
   7.64000000E-02   1.63871286E+03   8.56572525E+02   8.56572525E+02   5.34845527E+02   1.40850619E+03   1.40850619E+03
   7.66000000E-02   1.64740885E+03   8.61118012E+02   8.61118012E+02   5.37683738E+02   1.41598057E+03   1.41598057E+03
   7.68000000E-02   1.65602581E+03   8.65622186E+02   8.65622186E+02   5.40496154E+02   1.42338701E+03   1.42338701E+03
   7.70000000E-02   1.66456452E+03   8.70085461E+02   8.70085461E+02   5.43283031E+02   1.43072621E+03   1.43072621E+03
   7.72000000E-02   1.67302577E+03   8.74508245E+02   8.74508245E+02   5.46044626E+02   1.43799882E+03   1.43799882E+03
   7.74000000E-02   1.68141033E+03   8.78890942E+02   8.78890942E+02   5.48781190E+02   1.44520551E+03   1.44520551E+03
   7.76000000E-02   1.68971896E+03   8.83233950E+02   8.83233950E+02   5.51492973E+02   1.45234694E+03   1.45234694E+03
   7.78000000E-02   1.69795241E+03   8.87537663E+02   8.87537663E+02   5.54180219E+02   1.45942376E+03   1.45942376E+03
   7.80000000E-02   1.70611143E+03   8.91802470E+02   8.91802470E+02   5.56843173E+02   1.46643660E+03   1.46643660E+03
   7.82000000E-02   1.71419676E+03   8.96028757E+02   8.96028757E+02   5.59482074E+02   1.47338610E+03   1.47338610E+03
   7.84000000E-02   1.72220912E+03   9.00216901E+02   9.00216901E+02   5.62097160E+02   1.48027288E+03   1.48027288E+03
   7.86000000E-02   1.73014923E+03   9.04367280E+02   9.04367280E+02   5.64688665E+02   1.48709756E+03   1.48709756E+03
   7.88000000E-02   1.73801780E+03   9.08480265E+02   9.08480265E+02   5.67256820E+02   1.49386075E+03   1.49386075E+03
   7.90000000E-02   1.74581553E+03   9.12556220E+02   9.12556220E+02   5.69801855E+02   1.50056306E+03   1.50056306E+03
   7.92000000E-02   1.75354311E+03   9.16595510E+02   9.16595510E+02   5.72323995E+02   1.50720507E+03   1.50720507E+03
   7.94000000E-02   1.76120123E+03   9.20598492E+02   9.20598492E+02   5.74823464E+02   1.51378738E+03   1.51378738E+03
   7.96000000E-02   1.76879057E+03   9.24565519E+02   9.24565519E+02   5.77300484E+02   1.52031056E+03   1.52031056E+03
   7.98000000E-02   1.77631179E+03   9.28496942E+02   9.28496942E+02   5.79755272E+02   1.52677520E+03   1.52677520E+03
   8.00000000E-02   1.78376556E+03   9.32393105E+02   9.32393105E+02   5.82188044E+02   1.53318187E+03   1.53318187E+03
   8.02000000E-02   1.79115253E+03   9.36254351E+02   9.36254351E+02   5.84599013E+02   1.53953111E+03   1.53953111E+03
   8.04000000E-02   1.79847334E+03   9.40081017E+02   9.40081017E+02   5.86988390E+02   1.54582349E+03   1.54582349E+03
   8.06000000E-02   1.80572864E+03   9.43873436E+02   9.43873436E+02   5.89356384E+02   1.55205956E+03   1.55205956E+03
   8.08000000E-02   1.81291905E+03   9.47631938E+02   9.47631938E+02   5.91703200E+02   1.55823986E+03   1.55823986E+03
   8.10000000E-02   1.82004519E+03   9.51356850E+02   9.51356850E+02   5.94029042E+02   1.56436492E+03   1.56436492E+03
   8.12000000E-02   1.82710769E+03   9.55048493E+02   9.55048493E+02   5.96334111E+02   1.57043528E+03   1.57043528E+03
   8.14000000E-02   1.83410715E+03   9.58707185E+02   9.58707185E+02   5.98618606E+02   1.57645146E+03   1.57645146E+03
   8.16000000E-02   1.84104418E+03   9.62333243E+02   9.62333243E+02   6.00882723E+02   1.58241397E+03   1.58241397E+03
   8.18000000E-02   1.84791937E+03   9.65926975E+02   9.65926975E+02   6.03126656E+02   1.58832333E+03   1.58832333E+03
   8.20000000E-02   1.85473330E+03   9.69488692E+02   9.69488692E+02   6.05350599E+02   1.59418004E+03   1.59418004E+03
   8.22000000E-02   1.86148657E+03   9.73018695E+02   9.73018695E+02   6.07554740E+02   1.59998461E+03   1.59998461E+03
   8.24000000E-02   1.86817974E+03   9.76517287E+02   9.76517287E+02   6.09739267E+02   1.60573752E+03   1.60573752E+03
   8.26000000E-02   1.85549984E+03   9.69889369E+02   9.69889369E+02   6.05600782E+02   1.59483890E+03   1.59483890E+03
   8.28000000E-02   1.83929096E+03   9.61416817E+02   9.61416817E+02   6.00310505E+02   1.58090704E+03   1.58090704E+03
   8.30000000E-02   1.82318842E+03   9.52999850E+02   9.52999850E+02   5.95054934E+02   1.56706659E+03   1.56706659E+03
   8.32000000E-02   1.80719132E+03   9.44637995E+02   9.44637995E+02   5.89833776E+02   1.55331677E+03   1.55331677E+03
   8.34000000E-02   1.79129876E+03   9.36330787E+02   9.36330787E+02   5.84646739E+02   1.53965680E+03   1.53965680E+03
   8.36000000E-02   1.77550986E+03   9.28077763E+02   9.28077763E+02   5.79493535E+02   1.52608593E+03   1.52608593E+03
   8.38000000E-02   1.75982375E+03   9.19878467E+02   9.19878467E+02   5.74373879E+02   1.51260340E+03   1.51260340E+03
   8.40000000E-02   1.74423956E+03   9.11732446E+02   9.11732446E+02   5.69287488E+02   1.49920848E+03   1.49920848E+03
   8.42000000E-02   1.72875644E+03   9.03639254E+02   9.03639254E+02   5.64234083E+02   1.48590043E+03   1.48590043E+03
   8.44000000E-02   1.71337353E+03   8.95598447E+02   8.95598447E+02   5.59213389E+02   1.47267852E+03   1.47267852E+03
   8.46000000E-02   1.69809001E+03   8.87609590E+02   8.87609590E+02   5.54225130E+02   1.45954203E+03   1.45954203E+03
   8.48000000E-02   1.68290504E+03   8.79672247E+02   8.79672247E+02   5.49269038E+02   1.44649025E+03   1.44649025E+03
   8.50000000E-02   1.66781781E+03   8.71785990E+02   8.71785990E+02   5.44344845E+02   1.43352247E+03   1.43352247E+03
   8.52000000E-02   1.65282750E+03   8.63950396E+02   8.63950396E+02   5.39452285E+02   1.42063800E+03   1.42063800E+03
   8.54000000E-02   1.63793331E+03   8.56165045E+02   8.56165045E+02   5.34591096E+02   1.40783615E+03   1.40783615E+03
   8.56000000E-02   1.62313444E+03   8.48429520E+02   8.48429520E+02   5.29761020E+02   1.39511623E+03   1.39511623E+03
   8.58000000E-02   1.60843011E+03   8.40743412E+02   8.40743412E+02   5.24961799E+02   1.38247757E+03   1.38247757E+03
   8.60000000E-02   1.59381954E+03   8.33106313E+02   8.33106313E+02   5.20193180E+02   1.36991949E+03   1.36991949E+03
   8.62000000E-02   1.57930196E+03   8.25517820E+02   8.25517820E+02   5.15454911E+02   1.35744135E+03   1.35744135E+03
   8.64000000E-02   1.56487661E+03   8.17977536E+02   8.17977536E+02   5.10746743E+02   1.34504247E+03   1.34504247E+03
   8.66000000E-02   1.55054273E+03   8.10485066E+02   8.10485066E+02   5.06068430E+02   1.33272222E+03   1.33272222E+03
   8.68000000E-02   1.53629958E+03   8.03040019E+02   8.03040019E+02   5.01419729E+02   1.32047994E+03   1.32047994E+03
   8.70000000E-02   1.52214641E+03   7.95642010E+02   7.95642010E+02   4.96800397E+02   1.30831502E+03   1.30831502E+03
   8.72000000E-02   1.50808250E+03   7.88290656E+02   7.88290656E+02   4.92210198E+02   1.29622681E+03   1.29622681E+03
   8.74000000E-02   1.49410712E+03   7.80985578E+02   7.80985578E+02   4.87648893E+02   1.28421469E+03   1.28421469E+03
   8.76000000E-02   1.48021956E+03   7.73726403E+02   7.73726403E+02   4.83116250E+02   1.27227806E+03   1.27227806E+03
   8.78000000E-02   1.46641910E+03   7.66512758E+02   7.66512758E+02   4.78612037E+02   1.26041629E+03   1.26041629E+03
   8.80000000E-02   1.45270505E+03   7.59344278E+02   7.59344278E+02   4.74136024E+02   1.24862879E+03   1.24862879E+03
   8.82000000E-02   1.43907671E+03   7.52220599E+02   7.52220599E+02   4.69687985E+02   1.23691496E+03   1.23691496E+03
   8.84000000E-02   1.42553339E+03   7.45141361E+02   7.45141361E+02   4.65267695E+02   1.22527421E+03   1.22527421E+03
   8.86000000E-02   1.41207440E+03   7.38106209E+02   7.38106209E+02   4.60874933E+02   1.21370594E+03   1.21370594E+03
   8.88000000E-02   1.39869908E+03   7.31114789E+02   7.31114789E+02   4.56509477E+02   1.20220959E+03   1.20220959E+03
   8.90000000E-02   1.38540677E+03   7.24166753E+02   7.24166753E+02   4.52171110E+02   1.19078458E+03   1.19078458E+03
   8.92000000E-02   1.37219678E+03   7.17261756E+02   7.17261756E+02   4.47859616E+02   1.17943034E+03   1.17943034E+03
   8.94000000E-02   1.35906848E+03   7.10399455E+02   7.10399455E+02   4.43574783E+02   1.16814631E+03   1.16814631E+03
   8.96000000E-02   1.34602122E+03   7.03579513E+02   7.03579513E+02   4.39316398E+02   1.15693192E+03   1.15693192E+03
   8.98000000E-02   1.33305435E+03   6.96801593E+02   6.96801593E+02   4.35084252E+02   1.14578664E+03   1.14578664E+03
   9.00000000E-02   1.32016724E+03   6.90065365E+02   6.90065365E+02   4.30878138E+02   1.13470992E+03   1.13470992E+03
   9.02000000E-02   1.30735926E+03   6.83370499E+02   6.83370499E+02   4.26697850E+02   1.12370120E+03   1.12370120E+03
   9.04000000E-02   1.29462979E+03   6.76716670E+02   6.76716670E+02   4.22543187E+02   1.11275997E+03   1.11275997E+03
   9.06000000E-02   1.28197821E+03   6.70103556E+02   6.70103556E+02   4.18413946E+02   1.10188569E+03   1.10188569E+03
   9.08000000E-02   1.26940392E+03   6.63530838E+02   6.63530838E+02   4.14309928E+02   1.09107783E+03   1.09107783E+03
   9.10000000E-02   1.25690630E+03   6.56998201E+02   6.56998201E+02   4.10230937E+02   1.08033588E+03   1.08033588E+03
   9.12000000E-02   1.24448476E+03   6.50505331E+02   6.50505331E+02   4.06176777E+02   1.06965932E+03   1.06965932E+03
   9.14000000E-02   1.23213871E+03   6.44051920E+02   6.44051920E+02   4.02147254E+02   1.05904765E+03   1.05904765E+03
   9.16000000E-02   1.21986756E+03   6.37637659E+02   6.37637659E+02   3.98142178E+02   1.04850035E+03   1.04850035E+03
   9.18000000E-02   1.20767072E+03   6.31262247E+02   6.31262247E+02   3.94161358E+02   1.03801693E+03   1.03801693E+03
   9.20000000E-02   1.19554764E+03   6.24925381E+02   6.24925381E+02   3.90204607E+02   1.02759690E+03   1.02759690E+03
   9.22000000E-02   1.18349773E+03   6.18626765E+02   6.18626765E+02   3.86271739E+02   1.01723976E+03   1.01723976E+03
   9.24000000E-02   1.17152042E+03   6.12366103E+02   6.12366103E+02   3.82362569E+02   1.00694503E+03   1.00694503E+03
   9.26000000E-02   1.15961517E+03   6.06143103E+02   6.06143103E+02   3.78476916E+02   9.96712232E+02   9.96712232E+02
   9.28000000E-02   1.14778142E+03   5.99957476E+02   5.99957476E+02   3.74614599E+02   9.86540888E+02   9.86540888E+02
   9.30000000E-02   1.13601862E+03   5.93808936E+02   5.93808936E+02   3.70775439E+02   9.76430528E+02   9.76430528E+02
   9.32000000E-02   1.12432623E+03   5.87697199E+02   5.87697199E+02   3.66959258E+02   9.66380685E+02   9.66380685E+02
   9.34000000E-02   1.11270371E+03   5.81621984E+02   5.81621984E+02   3.63165883E+02   9.56390897E+02   9.56390897E+02
   9.36000000E-02   1.10115052E+03   5.75583013E+02   5.75583013E+02   3.59395137E+02   9.46460706E+02   9.46460706E+02
   9.38000000E-02   1.08966615E+03   5.69580009E+02   5.69580009E+02   3.55646850E+02   9.36589659E+02   9.36589659E+02
   9.40000000E-02   1.07825007E+03   5.63612701E+02   5.63612701E+02   3.51920852E+02   9.26777308E+02   9.26777308E+02
   9.42000000E-02   1.06690175E+03   5.57680817E+02   5.57680817E+02   3.48216972E+02   9.17023207E+02   9.17023207E+02
   9.44000000E-02   1.05562070E+03   5.51784090E+02   5.51784090E+02   3.44535045E+02   9.07326916E+02   9.07326916E+02
   9.46000000E-02   1.04440639E+03   5.45922255E+02   5.45922255E+02   3.40874903E+02   8.97687999E+02   8.97687999E+02
   9.48000000E-02   1.03325834E+03   5.40095048E+02   5.40095048E+02   3.37236384E+02   8.88106024E+02   8.88106024E+02
   9.50000000E-02   1.02217603E+03   5.34302210E+02   5.34302210E+02   3.33619325E+02   8.78580562E+02   8.78580562E+02
   9.52000000E-02   1.01115898E+03   5.28543482E+02   5.28543482E+02   3.30023564E+02   8.69111190E+02   8.69111190E+02
   9.54000000E-02   1.00020670E+03   5.22818609E+02   5.22818609E+02   3.26448942E+02   8.59697488E+02   8.59697488E+02
   9.56000000E-02   9.89318703E+02   5.17127338E+02   5.17127338E+02   3.22895302E+02   8.50339038E+02   8.50339038E+02
   9.58000000E-02   9.78494510E+02   5.11469418E+02   5.11469418E+02   3.19362486E+02   8.41035430E+02   8.41035430E+02
   9.60000000E-02   9.67733647E+02   5.05844601E+02   5.05844601E+02   3.15850339E+02   8.31786255E+02   8.31786255E+02
   9.62000000E-02   9.57035643E+02   5.00252641E+02   5.00252641E+02   3.12358709E+02   8.22591108E+02   8.22591108E+02
   9.64000000E-02   9.46400030E+02   4.94693295E+02   4.94693295E+02   3.08887442E+02   8.13449589E+02   8.13449589E+02
   9.66000000E-02   9.35826348E+02   4.89166319E+02   4.89166319E+02   3.05436388E+02   8.04361299E+02   8.04361299E+02
   9.68000000E-02   9.25314139E+02   4.83671476E+02   4.83671476E+02   3.02005398E+02   7.95325847E+02   7.95325847E+02
   9.70000000E-02   9.14862949E+02   4.78208529E+02   4.78208529E+02   2.98594323E+02   7.86342842E+02   7.86342842E+02
   9.72000000E-02   9.04472328E+02   4.72777242E+02   4.72777242E+02   2.95203017E+02   7.77411898E+02   7.77411898E+02
   9.74000000E-02   8.94141832E+02   4.67377382E+02   4.67377382E+02   2.91831334E+02   7.68532632E+02   7.68532632E+02
   9.76000000E-02   8.83871020E+02   4.62008720E+02   4.62008720E+02   2.88479131E+02   7.59704665E+02   7.59704665E+02
   9.78000000E-02   8.73659454E+02   4.56671027E+02   4.56671027E+02   2.85146265E+02   7.50927621E+02   7.50927621E+02
   9.80000000E-02   8.63506702E+02   4.51364076E+02   4.51364076E+02   2.81832595E+02   7.42201130E+02   7.42201130E+02
   9.82000000E-02   8.53412334E+02   4.46087643E+02   4.46087643E+02   2.78537980E+02   7.33524820E+02   7.33524820E+02
   9.84000000E-02   8.43375925E+02   4.40841506E+02   4.40841506E+02   2.75262282E+02   7.24898328E+02   7.24898328E+02
   9.86000000E-02   8.33397055E+02   4.35625445E+02   4.35625445E+02   2.72005364E+02   7.16321291E+02   7.16321291E+02
   9.88000000E-02   8.23475305E+02   4.30439242E+02   4.30439242E+02   2.68767088E+02   7.07793350E+02   7.07793350E+02
   9.90000000E-02   8.13610261E+02   4.25282679E+02   4.25282679E+02   2.65547321E+02   6.99314150E+02   6.99314150E+02
   9.92000000E-02   8.03801515E+02   4.20155544E+02   4.20155544E+02   2.62345928E+02   6.90883338E+02   6.90883338E+02
   9.94000000E-02   7.94048659E+02   4.15057623E+02   4.15057623E+02   2.59162776E+02   6.82500565E+02   6.82500565E+02
   9.96000000E-02   7.84351292E+02   4.09988707E+02   4.09988707E+02   2.55997735E+02   6.74165485E+02   6.74165485E+02
   9.98000000E-02   7.74709014E+02   4.04948586E+02   4.04948586E+02   2.52850674E+02   6.65877756E+02   6.65877756E+02
   1.00000000E-01   7.65121429E+02   3.99937054E+02   3.99937054E+02   2.49721464E+02   6.57637037E+02   6.57637037E+02