# TBinMid=1.3515 ssec TBinWidth=0.1 ss EBinWidth=0.2MeV Fluence at Earth for this timebin in neutrinos per cm^2
# E(GeV)	NuE	NuMu	NuTau	aNuE	aNuMu	aNuTau
   1.38589050E-13   1.21599351E+18   1.28378302E+18   1.28378302E+18   9.23015043E+17   1.14486183E+18   1.14486183E+18
   2.00000000E-04   2.17435057E+09   2.29556682E+09   2.29556682E+09   1.65046793E+09   2.04715811E+09   2.04715811E+09
   4.00000000E-04   1.10905969E+09   1.17088784E+09   1.17088784E+09   8.41845598E+08   1.04418330E+09   1.04418330E+09
   6.00000000E-04   7.47907501E+08   7.89602039E+08   7.89602039E+08   5.67708520E+08   7.04157337E+08   7.04157337E+08
   8.00000000E-04   5.65472051E+08   5.96996131E+08   5.96996131E+08   4.29228615E+08   5.32393769E+08   5.32393769E+08
   1.00000000E-03   4.55195723E+08   4.80572090E+08   4.80572090E+08   3.45521993E+08   4.28568249E+08   4.28568249E+08
   1.20000000E-03   3.81248553E+08   4.02502495E+08   4.02502495E+08   2.89391471E+08   3.58946749E+08   3.58946749E+08
   1.40000000E-03   4.54138896E+08   5.74104387E+08   5.74104387E+08   3.33852678E+08   4.21578314E+08   4.21578314E+08
   1.60000000E-03   5.09748860E+08   7.70695081E+08   7.70695081E+08   3.65623778E+08   4.66465360E+08   4.66465360E+08
   1.80000000E-03   5.52009705E+08   9.01106347E+08   9.01106347E+08   3.91094171E+08   5.01579807E+08   5.01579807E+08
   2.00000000E-03   8.40264664E+08   1.12283677E+09   1.12283677E+09   6.12658927E+08   7.76628898E+08   7.76628898E+08
   2.20000000E-03   1.06184424E+09   1.61886784E+09   1.61886784E+09   7.71333999E+08   9.73467708E+08   9.73467708E+08
   2.40000000E-03   1.22816653E+09   2.10458862E+09   2.10458862E+09   8.86453057E+08   1.11615406E+09   1.11615406E+09
   2.60000000E-03   1.35006311E+09   2.46970116E+09   2.46970116E+09   9.70598953E+08   1.22034283E+09   1.22034283E+09
   2.80000000E-03   1.70044979E+09   2.88269459E+09   2.88269459E+09   1.33365482E+09   1.57141782E+09   1.57141782E+09
   3.00000000E-03   2.02035100E+09   3.22618355E+09   3.22618355E+09   1.67249054E+09   1.89489716E+09   1.89489716E+09
   3.20000000E-03   2.27404021E+09   3.49431382E+09   3.49431382E+09   1.94308147E+09   2.15202134E+09   2.15202134E+09
   3.40000000E-03   2.48135545E+09   3.81766543E+09   3.81766543E+09   2.16042733E+09   2.35746002E+09   2.35746002E+09
   3.60000000E-03   2.65289167E+09   4.20144802E+09   4.20144802E+09   2.33571532E+09   2.52214314E+09   2.52214314E+09
   3.80000000E-03   2.79051996E+09   4.51430293E+09   4.51430293E+09   2.47742171E+09   2.65434348E+09   2.65434348E+09
   4.00000000E-03   3.02071364E+09   4.83248848E+09   4.83248848E+09   2.79485418E+09   2.90177669E+09   2.90177669E+09
   4.20000000E-03   3.26352555E+09   5.12212910E+09   5.12212910E+09   3.14900920E+09   3.16897680E+09   3.16897680E+09
   4.40000000E-03   3.46709079E+09   5.36235424E+09   5.36235424E+09   3.44932794E+09   3.39388150E+09   3.39388150E+09
   4.60000000E-03   3.63798934E+09   5.56157315E+09   5.56157315E+09   3.70467344E+09   3.58353919E+09   3.58353919E+09
   4.80000000E-03   3.78152572E+09   5.72655315E+09   5.72655315E+09   3.92220619E+09   3.74363604E+09   3.74363604E+09
   5.00000000E-03   3.90201204E+09   5.86278570E+09   5.86278570E+09   4.10776001E+09   3.87879784E+09   3.87879784E+09
   5.20000000E-03   4.00298062E+09   5.97476091E+09   5.97476091E+09   4.26612449E+09   3.99281667E+09   3.99281667E+09
   5.40000000E-03   4.08725639E+09   6.06421870E+09   6.06421870E+09   4.40125969E+09   4.08882299E+09   4.08882299E+09
   5.60000000E-03   4.15722276E+09   6.13343649E+09   6.13343649E+09   4.51646114E+09   4.16941787E+09   4.16941787E+09
   5.80000000E-03   4.23397515E+09   6.19809049E+09   6.19809049E+09   4.67108813E+09   4.26486160E+09   4.26486160E+09
   6.00000000E-03   4.30822510E+09   6.25452077E+09   6.25452077E+09   4.83459856E+09   4.36067971E+09   4.36067971E+09
   6.20000000E-03   4.37084957E+09   6.29896301E+09   6.29896301E+09   4.97742969E+09   4.44276370E+09   4.44276370E+09
   6.40000000E-03   4.42335896E+09   6.33305467E+09   6.33305467E+09   5.10214345E+09   4.51286578E+09   4.51286578E+09
   6.60000000E-03   4.46704297E+09   6.35818871E+09   6.35818871E+09   5.21093544E+09   4.57248420E+09   4.57248420E+09
   6.80000000E-03   4.50300735E+09   6.37555494E+09   6.37555494E+09   5.30569524E+09   4.62290535E+09   4.62290535E+09
   7.00000000E-03   4.53220389E+09   6.38617343E+09   6.38617343E+09   5.38805555E+09   4.66523809E+09   4.66523809E+09
   7.20000000E-03   4.55545474E+09   6.39092179E+09   6.39092179E+09   5.45943230E+09   4.70044173E+09   4.70044173E+09
   7.40000000E-03   4.57347254E+09   6.39055755E+09   6.39055755E+09   5.52105775E+09   4.72934904E+09   4.72934904E+09
   7.60000000E-03   4.58687696E+09   6.38573653E+09   6.38573653E+09   5.57400783E+09   4.75268530E+09   4.75268530E+09
   7.80000000E-03   4.59620841E+09   6.37702818E+09   6.37702818E+09   5.61922485E+09   4.77108405E+09   4.77108405E+09
   8.00000000E-03   4.60193953E+09   6.36492817E+09   6.36492817E+09   5.65753655E+09   4.78510032E+09   4.78510032E+09
   8.20000000E-03   4.60448476E+09   6.34986910E+09   6.34986910E+09   5.68967199E+09   4.79522161E+09   4.79522161E+09
   8.40000000E-03   4.59206185E+09   6.32588018E+09   6.32588018E+09   5.70128890E+09   4.78885400E+09   4.78885400E+09
   8.60000000E-03   4.55857745E+09   6.27976311E+09   6.27976311E+09   5.68563086E+09   4.76000759E+09   4.76000759E+09
   8.80000000E-03   4.52304283E+09   6.19108842E+09   6.19108842E+09   5.66805737E+09   4.73061826E+09   4.73061826E+09
   9.00000000E-03   4.48759175E+09   6.10516717E+09   6.10516717E+09   5.64881158E+09   4.70080370E+09   4.70080370E+09
   9.20000000E-03   4.45228307E+09   6.02187087E+09   6.02187087E+09   5.62810806E+09   4.67066611E+09   4.67066611E+09
   9.40000000E-03   4.41716661E+09   5.94107873E+09   5.94107873E+09   5.60613646E+09   4.64029428E+09   4.64029428E+09
   9.60000000E-03   4.38228438E+09   5.86267713E+09   5.86267713E+09   5.58306465E+09   4.60976538E+09   4.60976538E+09
   9.80000000E-03   4.34767169E+09   5.78655915E+09   5.78655915E+09   5.55904142E+09   4.57914650E+09   4.57914650E+09
   1.00000000E-02   4.31335808E+09   5.71262404E+09   5.71262404E+09   5.53419883E+09   4.54849595E+09   4.54849595E+09
   1.02000000E-02   4.27936809E+09   5.64077689E+09   5.64077689E+09   5.50865420E+09   4.51786439E+09   4.51786439E+09
   1.04000000E-02   4.24572200E+09   5.57092813E+09   5.57092813E+09   5.48251189E+09   4.48729577E+09   4.48729577E+09
   1.06000000E-02   4.21243634E+09   5.50299324E+09   5.50299324E+09   5.45586479E+09   4.45682822E+09   4.45682822E+09
   1.08000000E-02   4.17952445E+09   5.43689239E+09   5.43689239E+09   5.42879567E+09   4.42649475E+09   4.42649475E+09
   1.10000000E-02   4.14699691E+09   5.37255013E+09   5.37255013E+09   5.40137832E+09   4.39632387E+09   4.39632387E+09
   1.12000000E-02   4.11486188E+09   5.30989506E+09   5.30989506E+09   5.37367856E+09   4.36634015E+09   4.36634015E+09
   1.14000000E-02   4.08312545E+09   5.24885963E+09   5.24885963E+09   5.34575513E+09   4.33656473E+09   4.33656473E+09
   1.16000000E-02   4.05179192E+09   5.18937986E+09   5.18937986E+09   5.31766048E+09   4.30701566E+09   4.30701566E+09
   1.18000000E-02   4.02086406E+09   5.13139509E+09   5.13139509E+09   5.28944142E+09   4.27770833E+09   4.27770833E+09
   1.20000000E-02   3.99034326E+09   5.07484781E+09   5.07484781E+09   5.26113978E+09   4.24865579E+09   4.24865579E+09
   1.22000000E-02   3.96022982E+09   5.01968343E+09   5.01968343E+09   5.23279288E+09   4.21986898E+09   4.21986898E+09
   1.24000000E-02   3.90103888E+09   4.95043845E+09   4.95043845E+09   5.15786497E+09   4.15735622E+09   4.15735622E+09
   1.26000000E-02   3.84094020E+09   4.88178906E+09   4.88178906E+09   5.08090239E+09   4.09361685E+09   4.09361685E+09
   1.28000000E-02   3.78269134E+09   4.81513103E+09   4.81513103E+09   5.00626880E+09   4.03183445E+09   4.03183445E+09
   1.30000000E-02   3.72620781E+09   4.75037717E+09   4.75037717E+09   4.93385904E+09   3.97191976E+09   3.97191976E+09
   1.32000000E-02   3.67141016E+09   4.68744533E+09   4.68744533E+09   4.86357419E+09   3.91378889E+09   3.91378889E+09
   1.34000000E-02   3.61822366E+09   4.62625808E+09   4.62625808E+09   4.79532118E+09   3.85736290E+09   3.85736290E+09
   1.36000000E-02   3.56657797E+09   4.56674237E+09   4.56674237E+09   4.72901228E+09   3.80256747E+09   3.80256747E+09
   1.38000000E-02   3.51619421E+09   4.50414988E+09   4.50414988E+09   4.66456481E+09   3.74933254E+09   3.74933254E+09
   1.40000000E-02   3.46597954E+09   4.41573195E+09   4.41573195E+09   4.60190069E+09   3.69759202E+09   3.69759202E+09
   1.42000000E-02   3.41717913E+09   4.33014133E+09   4.33014133E+09   4.54094621E+09   3.64728350E+09   3.64728350E+09
   1.44000000E-02   3.36973406E+09   4.24725092E+09   4.24725092E+09   4.48163165E+09   3.59834803E+09   3.59834803E+09
   1.46000000E-02   3.32358865E+09   4.16694099E+09   4.16694099E+09   4.42389108E+09   3.55072983E+09   3.55072983E+09
   1.48000000E-02   3.27869020E+09   4.08909859E+09   4.08909859E+09   4.36766205E+09   3.50437615E+09   3.50437615E+09
   1.50000000E-02   3.23498884E+09   4.01361718E+09   4.01361718E+09   4.31288540E+09   3.45923698E+09   3.45923698E+09
   1.52000000E-02   3.19243734E+09   3.94039609E+09   3.94039609E+09   4.25950503E+09   3.41526496E+09   3.41526496E+09
   1.54000000E-02   3.15099088E+09   3.86934019E+09   3.86934019E+09   4.20746771E+09   3.37241515E+09   3.37241515E+09
   1.56000000E-02   3.11060698E+09   3.80035950E+09   3.80035950E+09   4.15672288E+09   3.33064488E+09   3.33064488E+09
   1.58000000E-02   3.07124528E+09   3.73336884E+09   3.73336884E+09   4.10722252E+09   3.28991366E+09   3.28991366E+09
   1.60000000E-02   3.03286747E+09   3.66828752E+09   3.66828752E+09   4.05892096E+09   3.25018296E+09   3.25018296E+09
   1.62000000E-02   2.99543710E+09   3.60503908E+09   3.60503908E+09   4.01177475E+09   3.21141618E+09   3.21141618E+09
   1.64000000E-02   2.95891952E+09   3.54355099E+09   3.54355099E+09   3.96574252E+09   3.17357846E+09   3.17357846E+09
   1.66000000E-02   2.92328173E+09   3.48375439E+09   3.48375439E+09   3.92078487E+09   3.13663661E+09   3.13663661E+09
   1.68000000E-02   2.88849232E+09   3.42558392E+09   3.42558392E+09   3.87686424E+09   3.10055902E+09   3.10055902E+09
   1.70000000E-02   2.85452135E+09   3.36897745E+09   3.36897745E+09   3.83394481E+09   3.06531553E+09   3.06531553E+09
   1.72000000E-02   2.82134027E+09   3.31387590E+09   3.31387590E+09   3.79199240E+09   3.03087740E+09   3.03087740E+09
   1.74000000E-02   2.78892185E+09   3.26022307E+09   3.26022307E+09   3.75097438E+09   2.99721718E+09   2.99721718E+09
   1.76000000E-02   2.75724009E+09   3.20796546E+09   3.20796546E+09   3.71085957E+09   2.96430866E+09   2.96430866E+09
   1.78000000E-02   2.72627016E+09   3.15705211E+09   3.15705211E+09   3.67161817E+09   2.93212680E+09   2.93212680E+09
   1.80000000E-02   2.68882876E+09   3.10369207E+09   3.10369207E+09   3.62221516E+09   2.89246203E+09   2.89246203E+09
   1.82000000E-02   2.63850319E+09   3.04449891E+09   3.04449891E+09   3.55285200E+09   2.83799790E+09   2.83799790E+09
   1.84000000E-02   2.58949628E+09   2.98686375E+09   2.98686375E+09   3.48531628E+09   2.78496293E+09   2.78496293E+09
   1.86000000E-02   2.54176067E+09   2.93073054E+09   2.93073054E+09   3.41954220E+09   2.73330579E+09   2.73330579E+09
   1.88000000E-02   2.49525120E+09   2.87604578E+09   2.87604578E+09   3.35546701E+09   2.68297747E+09   2.68297747E+09
   1.90000000E-02   2.44992474E+09   2.82275842E+09   2.82275842E+09   3.29303078E+09   2.63393121E+09   2.63393121E+09
   1.92000000E-02   2.40574009E+09   2.77081968E+09   2.77081968E+09   3.23217629E+09   2.58612233E+09   2.58612233E+09
   1.94000000E-02   2.36265789E+09   2.72018296E+09   2.72018296E+09   3.17284885E+09   2.53950814E+09   2.53950814E+09
   1.96000000E-02   2.32064050E+09   2.67080371E+09   2.67080371E+09   3.11499618E+09   2.49404781E+09   2.49404781E+09
   1.98000000E-02   2.27965193E+09   2.62263933E+09   2.62263933E+09   3.05856829E+09   2.44970233E+09   2.44970233E+09
   2.00000000E-02   2.23965773E+09   2.57564903E+09   2.57564903E+09   3.00351734E+09   2.40643432E+09   2.40643432E+09
   2.02000000E-02   2.20062493E+09   2.52979380E+09   2.52979380E+09   2.94979754E+09   2.36420804E+09   2.36420804E+09
   2.04000000E-02   2.16252193E+09   2.48503627E+09   2.48503627E+09   2.89736503E+09   2.32298923E+09   2.32298923E+09
   2.06000000E-02   2.12531849E+09   2.44134061E+09   2.44134061E+09   2.84617780E+09   2.28274509E+09   2.28274509E+09
   2.08000000E-02   2.08898560E+09   2.39867251E+09   2.39867251E+09   2.79619558E+09   2.24344415E+09   2.24344415E+09
   2.10000000E-02   2.05349544E+09   2.35699906E+09   2.35699906E+09   2.74737975E+09   2.20505627E+09   2.20505627E+09
   2.12000000E-02   2.01882133E+09   2.31628869E+09   2.31628869E+09   2.69969329E+09   2.16755252E+09   2.16755252E+09
   2.14000000E-02   1.98493768E+09   2.27651112E+09   2.27651112E+09   2.65310064E+09   2.13090512E+09   2.13090512E+09
   2.16000000E-02   1.95181989E+09   2.23763726E+09   2.23763726E+09   2.60756770E+09   2.09508743E+09   2.09508743E+09
   2.18000000E-02   1.91944436E+09   2.19963920E+09   2.19963920E+09   2.56306171E+09   2.06007386E+09   2.06007386E+09
   2.20000000E-02   1.88778842E+09   2.16249009E+09   2.16249009E+09   2.51955118E+09   2.02583982E+09   2.02583982E+09
   2.22000000E-02   1.85678597E+09   2.12518897E+09   2.12518897E+09   2.47700588E+09   1.99236167E+09   1.99236167E+09
   2.24000000E-02   1.82632444E+09   2.08569402E+09   2.08569402E+09   2.43539672E+09   1.95961669E+09   1.95961669E+09
   2.26000000E-02   1.79652436E+09   2.04707889E+09   2.04707889E+09   2.39469575E+09   1.92758304E+09   1.92758304E+09
   2.28000000E-02   1.76736620E+09   2.00931727E+09   2.00931727E+09   2.35487607E+09   1.89623969E+09   1.89623969E+09
   2.30000000E-02   1.73883115E+09   1.97238383E+09   1.97238383E+09   2.31591179E+09   1.86556642E+09   1.86556642E+09
   2.32000000E-02   1.71090109E+09   1.93625422E+09   1.93625422E+09   2.27777798E+09   1.83554375E+09   1.83554375E+09
   2.34000000E-02   1.68355860E+09   1.90090498E+09   1.90090498E+09   2.24045067E+09   1.80615292E+09   1.80615292E+09
   2.36000000E-02   1.65678687E+09   1.86631353E+09   1.86631353E+09   2.20390673E+09   1.77737587E+09   1.77737587E+09
   2.38000000E-02   1.63056973E+09   1.83245810E+09   1.83245810E+09   2.16812389E+09   1.74919519E+09   1.74919519E+09
   2.40000000E-02   1.60489156E+09   1.79931774E+09   1.79931774E+09   2.13308068E+09   1.72159410E+09   1.72159410E+09
   2.42000000E-02   1.57973734E+09   1.76687222E+09   1.76687222E+09   2.09875641E+09   1.69455642E+09   1.69455642E+09
   2.44000000E-02   1.55509254E+09   1.73510207E+09   1.73510207E+09   2.06513113E+09   1.66806655E+09   1.66806655E+09
   2.46000000E-02   1.53094317E+09   1.70398848E+09   1.70398848E+09   2.03218556E+09   1.64210944E+09   1.64210944E+09
   2.48000000E-02   1.50727572E+09   1.67351332E+09   1.67351332E+09   1.99990115E+09   1.61667054E+09   1.61667054E+09
   2.50000000E-02   1.48407717E+09   1.64365909E+09   1.64365909E+09   1.96825993E+09   1.59173585E+09   1.59173585E+09
   2.52000000E-02   1.46133490E+09   1.61440891E+09   1.61440891E+09   1.93724461E+09   1.56729181E+09   1.56729181E+09
   2.54000000E-02   1.43903678E+09   1.58574646E+09   1.58574646E+09   1.90683846E+09   1.54332536E+09   1.54332536E+09
   2.56000000E-02   1.41717104E+09   1.55765598E+09   1.55765598E+09   1.87702532E+09   1.51982385E+09   1.51982385E+09
   2.58000000E-02   1.39572633E+09   1.53012226E+09   1.53012226E+09   1.84778957E+09   1.49677508E+09   1.49677508E+09
   2.60000000E-02   1.37469169E+09   1.50313060E+09   1.50313060E+09   1.81911614E+09   1.47416724E+09   1.47416724E+09
   2.62000000E-02   1.35405650E+09   1.47666677E+09   1.47666677E+09   1.79099042E+09   1.45198892E+09   1.45198892E+09
   2.64000000E-02   1.33209957E+09   1.44982271E+09   1.44982271E+09   1.76115147E+09   1.42836281E+09   1.42836281E+09
   2.66000000E-02   1.30794346E+09   1.42213168E+09   1.42213168E+09   1.72846014E+09   1.40233518E+09   1.40233518E+09
   2.68000000E-02   1.28425302E+09   1.39497877E+09   1.39497877E+09   1.69640135E+09   1.37680969E+09   1.37680969E+09
   2.70000000E-02   1.26101636E+09   1.36835020E+09   1.36835020E+09   1.66495890E+09   1.35177350E+09   1.35177350E+09
   2.72000000E-02   1.23822194E+09   1.34223260E+09   1.34223260E+09   1.63411713E+09   1.32721418E+09   1.32721418E+09
   2.74000000E-02   1.21585864E+09   1.31661305E+09   1.31661305E+09   1.60386086E+09   1.30311972E+09   1.30311972E+09
   2.76000000E-02   1.19391564E+09   1.29147904E+09   1.29147904E+09   1.57417543E+09   1.27947848E+09   1.27947848E+09
   2.78000000E-02   1.17238252E+09   1.26681844E+09   1.26681844E+09   1.54504661E+09   1.25627917E+09   1.25627917E+09
   2.80000000E-02   1.15124913E+09   1.24261953E+09   1.24261953E+09   1.51646063E+09   1.23351088E+09   1.23351088E+09
   2.82000000E-02   1.13050568E+09   1.21887093E+09   1.21887093E+09   1.48840415E+09   1.21116304E+09   1.21116304E+09
   2.84000000E-02   1.11014266E+09   1.19556163E+09   1.19556163E+09   1.46086424E+09   1.18922539E+09   1.18922539E+09
   2.86000000E-02   1.09015085E+09   1.17268095E+09   1.17268095E+09   1.43382838E+09   1.16768799E+09   1.16768799E+09
   2.88000000E-02   1.07052134E+09   1.15021854E+09   1.15021854E+09   1.40728442E+09   1.14654123E+09   1.14654123E+09
   2.90000000E-02   1.05124546E+09   1.12816437E+09   1.12816437E+09   1.38122057E+09   1.12577574E+09   1.12577574E+09
   2.92000000E-02   1.03231481E+09   1.10650870E+09   1.10650870E+09   1.35562543E+09   1.10538248E+09   1.10538248E+09
   2.94000000E-02   1.01372124E+09   1.08524209E+09   1.08524209E+09   1.33048790E+09   1.08535267E+09   1.08535267E+09
   2.96000000E-02   9.95456861E+08   1.06435539E+09   1.06435539E+09   1.30579725E+09   1.06567777E+09   1.06567777E+09
   2.98000000E-02   9.77513991E+08   1.04383971E+09   1.04383971E+09   1.28154303E+09   1.04634951E+09   1.04634951E+09
   3.00000000E-02   9.59885190E+08   1.02368642E+09   1.02368642E+09   1.25771513E+09   1.02735987E+09   1.02735987E+09
   3.02000000E-02   9.42563228E+08   1.00388716E+09   1.00388716E+09   1.23430371E+09   1.00870104E+09   1.00870104E+09
   3.04000000E-02   9.25541088E+08   9.84433785E+08   9.84433785E+08   1.21129924E+09   9.90365459E+08   9.90365459E+08
   3.06000000E-02   9.08811954E+08   9.65318409E+08   9.65318409E+08   1.18869244E+09   9.72345777E+08   9.72345777E+08
   3.08000000E-02   8.92369206E+08   9.46533361E+08   9.46533361E+08   1.16647432E+09   9.54634852E+08   9.54634852E+08
   3.10000000E-02   8.76206411E+08   9.28071194E+08   9.28071194E+08   1.14463612E+09   9.37225747E+08   9.37225747E+08
   3.12000000E-02   8.60317320E+08   9.09924669E+08   9.09924669E+08   1.12316936E+09   9.20111720E+08   9.20111720E+08
   3.14000000E-02   8.44695859E+08   8.92086752E+08   8.92086752E+08   1.10206576E+09   9.03286221E+08   9.03286221E+08
   3.16000000E-02   8.29336123E+08   8.74550607E+08   8.74550607E+08   1.08131731E+09   8.86742881E+08   8.86742881E+08
   3.18000000E-02   8.14232370E+08   8.57309587E+08   8.57309587E+08   1.06091620E+09   8.70475510E+08   8.70475510E+08
   3.20000000E-02   7.99379021E+08   8.40357229E+08   8.40357229E+08   1.04085483E+09   8.54478086E+08   8.54478086E+08
   3.22000000E-02   7.84770644E+08   8.23687250E+08   8.23687250E+08   1.02112584E+09   8.38744756E+08   8.38744756E+08
   3.24000000E-02   7.70401961E+08   8.07293535E+08   8.07293535E+08   1.00172204E+09   8.23269823E+08   8.23269823E+08
   3.26000000E-02   7.56267833E+08   7.91170139E+08   7.91170139E+08   9.82636448E+08   8.08047747E+08   8.08047747E+08
   3.28000000E-02   7.42363262E+08   7.75311276E+08   7.75311276E+08   9.63862269E+08   7.93073138E+08   7.93073138E+08
   3.30000000E-02   7.28683382E+08   7.59711316E+08   7.59711316E+08   9.45392889E+08   7.78340748E+08   7.78340748E+08
   3.32000000E-02   7.15223459E+08   7.44364778E+08   7.44364778E+08   9.27221875E+08   7.63845472E+08   7.63845472E+08
   3.34000000E-02   7.01978883E+08   7.29266328E+08   7.29266328E+08   9.09342959E+08   7.49582336E+08   7.49582336E+08
   3.36000000E-02   6.88945165E+08   7.14410774E+08   7.14410774E+08   8.91750042E+08   7.35546503E+08   7.35546503E+08
   3.38000000E-02   6.76117936E+08   6.99793057E+08   6.99793057E+08   8.74437183E+08   7.21733256E+08   7.21733256E+08
   3.40000000E-02   6.63492938E+08   6.85408254E+08   6.85408254E+08   8.57398598E+08   7.08138008E+08   7.08138008E+08
   3.42000000E-02   6.51066024E+08   6.71251568E+08   6.71251568E+08   8.40628652E+08   6.94756285E+08   6.94756285E+08
   3.44000000E-02   6.38833157E+08   6.57318325E+08   6.57318325E+08   8.24121855E+08   6.81583731E+08   6.81583731E+08
   3.46000000E-02   6.26790398E+08   6.43603973E+08   6.43603973E+08   8.07872857E+08   6.68616102E+08   6.68616102E+08
   3.48000000E-02   6.14933913E+08   6.30104075E+08   6.30104075E+08   7.91876448E+08   6.55849260E+08   6.55849260E+08
   3.50000000E-02   6.03259962E+08   6.16814307E+08   6.16814307E+08   7.76127545E+08   6.43279176E+08   6.43279176E+08
   3.52000000E-02   5.91764903E+08   6.03730455E+08   6.03730455E+08   7.60621199E+08   6.30901918E+08   6.30901918E+08
   3.54000000E-02   5.80445180E+08   5.90848409E+08   5.90848409E+08   7.45352580E+08   6.18713655E+08   6.18713655E+08
   3.56000000E-02   5.69298395E+08   5.78187574E+08   5.78187574E+08   7.30316982E+08   6.06710651E+08   6.06710651E+08
   3.58000000E-02   5.58415043E+08   5.67810832E+08   5.67810832E+08   7.15509815E+08   5.94889262E+08   5.94889262E+08
   3.60000000E-02   5.47714463E+08   5.58011041E+08   5.58011041E+08   7.00926602E+08   5.83245937E+08   5.83245937E+08
   3.62000000E-02   5.37173985E+08   5.48356148E+08   5.48356148E+08   6.86562976E+08   5.71777208E+08   5.71777208E+08
   3.64000000E-02   5.26790510E+08   5.38843363E+08   5.38843363E+08   6.72414676E+08   5.60479694E+08   5.60479694E+08
   3.66000000E-02   5.16561017E+08   5.29469965E+08   5.29469965E+08   6.58477547E+08   5.49350097E+08   5.49350097E+08
   3.68000000E-02   5.06482556E+08   5.20233295E+08   5.20233295E+08   6.44747533E+08   5.38385195E+08   5.38385195E+08
   3.70000000E-02   4.96552248E+08   5.11130762E+08   5.11130762E+08   6.31220675E+08   5.27581848E+08   5.27581848E+08
   3.72000000E-02   4.86767283E+08   5.02159835E+08   5.02159835E+08   6.17893110E+08   5.16936987E+08   5.16936987E+08
   3.74000000E-02   4.77124918E+08   4.93318041E+08   4.93318041E+08   6.04761065E+08   5.06447620E+08   5.06447620E+08
   3.76000000E-02   4.67622476E+08   4.84602970E+08   4.84602970E+08   5.91820860E+08   4.96110823E+08   4.96110823E+08
   3.78000000E-02   4.58257339E+08   4.76012263E+08   4.76012263E+08   5.79068898E+08   4.85923742E+08   4.85923742E+08
   3.80000000E-02   4.49026956E+08   4.67543621E+08   4.67543621E+08   5.66501670E+08   4.75883590E+08   4.75883590E+08
   3.82000000E-02   4.39928832E+08   4.59194796E+08   4.59194796E+08   5.54115744E+08   4.65987643E+08   4.65987643E+08
   3.84000000E-02   4.30960530E+08   4.50963591E+08   4.50963591E+08   5.41907774E+08   4.56233243E+08   4.56233243E+08
   3.86000000E-02   4.22143766E+08   4.42860458E+08   4.42860458E+08   5.29913011E+08   4.46645690E+08   4.46645690E+08
   3.88000000E-02   4.15337230E+08   4.35856072E+08   4.35856072E+08   5.21095840E+08   4.39375152E+08   4.39375152E+08
   3.90000000E-02   4.09042676E+08   4.29166424E+08   4.29166424E+08   5.13061529E+08   4.32687264E+08   4.32687264E+08
   3.92000000E-02   4.02833547E+08   4.22567708E+08   4.22567708E+08   5.05136488E+08   4.26090189E+08   4.26090189E+08
   3.94000000E-02   3.96708325E+08   4.16058307E+08   4.16058307E+08   4.97318778E+08   4.19582314E+08   4.19582314E+08
   3.96000000E-02   3.90665531E+08   4.09636645E+08   4.09636645E+08   4.89606500E+08   4.13162065E+08   4.13162065E+08
   3.98000000E-02   3.84703714E+08   4.03301177E+08   4.03301177E+08   4.81997800E+08   4.06827899E+08   4.06827899E+08
   4.00000000E-02   3.78821460E+08   3.97050396E+08   3.97050396E+08   4.74490864E+08   4.00578313E+08   4.00578313E+08
   4.02000000E-02   3.73017381E+08   3.90882826E+08   3.90882826E+08   4.67083920E+08   3.94411831E+08   3.94411831E+08
   4.04000000E-02   3.67290123E+08   3.84797022E+08   3.84797022E+08   4.59775231E+08   3.88327013E+08   3.88327013E+08
   4.06000000E-02   3.61638361E+08   3.78791574E+08   3.78791574E+08   4.52563101E+08   3.82322450E+08   3.82322450E+08
   4.08000000E-02   3.56060797E+08   3.72865099E+08   3.72865099E+08   4.45445870E+08   3.76396764E+08   3.76396764E+08
   4.10000000E-02   3.50556164E+08   3.67016248E+08   3.67016248E+08   4.38421913E+08   3.70548604E+08   3.70548604E+08
   4.12000000E-02   3.45123219E+08   3.61243697E+08   3.61243697E+08   4.31489642E+08   3.64776651E+08   3.64776651E+08
   4.14000000E-02   3.39760748E+08   3.55546152E+08   3.55546152E+08   4.24647501E+08   3.59079614E+08   3.59079614E+08
   4.16000000E-02   3.34467562E+08   3.49922348E+08   3.49922348E+08   4.17893968E+08   3.53456228E+08   3.53456228E+08
   4.18000000E-02   3.29242498E+08   3.44371045E+08   3.44371045E+08   4.11227553E+08   3.47905255E+08   3.47905255E+08
   4.20000000E-02   3.24084415E+08   3.38891030E+08   3.38891030E+08   4.04646799E+08   3.42425486E+08   3.42425486E+08
   4.22000000E-02   3.18992199E+08   3.33481114E+08   3.33481114E+08   3.98150277E+08   3.37015733E+08   3.37015733E+08
   4.24000000E-02   3.13964758E+08   3.28140135E+08   3.28140135E+08   3.91736590E+08   3.31674836E+08   3.31674836E+08
   4.26000000E-02   3.09001024E+08   3.22866955E+08   3.22866955E+08   3.85404369E+08   3.26401658E+08   3.26401658E+08
   4.28000000E-02   3.04099948E+08   3.17660458E+08   3.17660458E+08   3.79152275E+08   3.21195086E+08   3.21195086E+08
   4.30000000E-02   2.99260506E+08   3.12519553E+08   3.12519553E+08   3.72978995E+08   3.16054030E+08   3.16054030E+08
   4.32000000E-02   2.94481693E+08   3.07443170E+08   3.07443170E+08   3.66883242E+08   3.10977422E+08   3.10977422E+08
   4.34000000E-02   2.89762526E+08   3.02430260E+08   3.02430260E+08   3.60863759E+08   3.05964216E+08   3.05964216E+08
   4.36000000E-02   2.85102042E+08   2.97479799E+08   2.97479799E+08   3.54919312E+08   3.01013388E+08   3.01013388E+08
   4.38000000E-02   2.80499295E+08   2.92590781E+08   2.92590781E+08   3.49048693E+08   2.96123934E+08   2.96123934E+08
   4.40000000E-02   2.75953362E+08   2.87762220E+08   2.87762220E+08   3.43250716E+08   2.91294870E+08   2.91294870E+08
   4.42000000E-02   2.71463336E+08   2.82993152E+08   2.82993152E+08   3.37524223E+08   2.86525233E+08   2.86525233E+08
   4.44000000E-02   2.67028328E+08   2.78282630E+08   2.78282630E+08   3.31868077E+08   2.81814078E+08   2.81814078E+08
   4.46000000E-02   2.62647468E+08   2.73629727E+08   2.73629727E+08   3.26281162E+08   2.77160479E+08   2.77160479E+08
   4.48000000E-02   2.58319903E+08   2.69033535E+08   2.69033535E+08   3.20762388E+08   2.72563530E+08   2.72563530E+08
   4.50000000E-02   2.54044796E+08   2.64493163E+08   2.64493163E+08   3.15310684E+08   2.68022342E+08   2.68022342E+08
   4.52000000E-02   2.49821328E+08   2.60007738E+08   2.60007738E+08   3.09924999E+08   2.63536042E+08   2.63536042E+08
   4.54000000E-02   2.45648695E+08   2.55576404E+08   2.55576404E+08   3.04604307E+08   2.59103775E+08   2.59103775E+08
   4.56000000E-02   2.41526108E+08   2.51198322E+08   2.51198322E+08   2.99347597E+08   2.54724705E+08   2.54724705E+08
   4.58000000E-02   2.37452795E+08   2.46872668E+08   2.46872668E+08   2.94153881E+08   2.50398009E+08   2.50398009E+08
   4.60000000E-02   2.33427998E+08   2.42598636E+08   2.42598636E+08   2.89022189E+08   2.46122881E+08   2.46122881E+08
   4.62000000E-02   2.29450974E+08   2.38375435E+08   2.38375435E+08   2.83951569E+08   2.41898532E+08   2.41898532E+08
   4.64000000E-02   2.25520993E+08   2.34202287E+08   2.34202287E+08   2.78941089E+08   2.37724186E+08   2.37724186E+08
   4.66000000E-02   2.21637341E+08   2.30078433E+08   2.30078433E+08   2.73989835E+08   2.33599083E+08   2.33599083E+08
   4.68000000E-02   2.17799317E+08   2.26003124E+08   2.26003124E+08   2.69096907E+08   2.29522478E+08   2.29522478E+08
   4.70000000E-02   2.14006232E+08   2.21975628E+08   2.21975628E+08   2.64261426E+08   2.25493638E+08   2.25493638E+08
   4.72000000E-02   2.10257412E+08   2.17995227E+08   2.17995227E+08   2.59482528E+08   2.21511847E+08   2.21511847E+08
   4.74000000E-02   2.06552193E+08   2.14061215E+08   2.14061215E+08   2.54759365E+08   2.17576399E+08   2.17576399E+08
   4.76000000E-02   2.02889926E+08   2.10172899E+08   2.10172899E+08   2.50091105E+08   2.13686604E+08   2.13686604E+08
   4.78000000E-02   1.99269974E+08   2.06329602E+08   2.06329602E+08   2.45476932E+08   2.09841784E+08   2.09841784E+08
   4.80000000E-02   1.95691710E+08   2.02530656E+08   2.02530656E+08   2.40916046E+08   2.06041274E+08   2.06041274E+08
   4.82000000E-02   1.92154519E+08   1.98775407E+08   1.98775407E+08   2.36407659E+08   2.02284419E+08   2.02284419E+08
   4.84000000E-02   1.88657799E+08   1.95063214E+08   1.95063214E+08   2.31951001E+08   1.98570580E+08   1.98570580E+08
   4.86000000E-02   1.85200959E+08   1.91393445E+08   1.91393445E+08   2.27545314E+08   1.94899126E+08   1.94899126E+08
   4.88000000E-02   1.81783416E+08   1.87765482E+08   1.87765482E+08   2.23189854E+08   1.91269439E+08   1.91269439E+08
   4.90000000E-02   1.78404600E+08   1.84178718E+08   1.84178718E+08   2.18883891E+08   1.87680914E+08   1.87680914E+08
   4.92000000E-02   1.75063951E+08   1.80632557E+08   1.80632557E+08   2.14626709E+08   1.84132955E+08   1.84132955E+08
   4.94000000E-02   1.71760920E+08   1.77126412E+08   1.77126412E+08   2.10417603E+08   1.80624977E+08   1.80624977E+08
   4.96000000E-02   1.68494965E+08   1.73659709E+08   1.73659709E+08   2.06255883E+08   1.77156406E+08   1.77156406E+08
   4.98000000E-02   1.65265557E+08   1.70231882E+08   1.70231882E+08   2.02140870E+08   1.73726677E+08   1.73726677E+08
   5.00000000E-02   1.62072175E+08   1.66842378E+08   1.66842378E+08   1.98071898E+08   1.70335238E+08   1.70335238E+08
   5.02000000E-02   1.58914307E+08   1.63490652E+08   1.63490652E+08   1.94048311E+08   1.66981544E+08   1.66981544E+08
   5.04000000E-02   1.55791450E+08   1.60176168E+08   1.60176168E+08   1.90069468E+08   1.63665060E+08   1.63665060E+08
   5.06000000E-02   1.52703112E+08   1.56898402E+08   1.56898402E+08   1.86134735E+08   1.60385263E+08   1.60385263E+08
   5.08000000E-02   1.49648806E+08   1.53656836E+08   1.53656836E+08   1.82243494E+08   1.57141636E+08   1.57141636E+08
   5.10000000E-02   1.46628057E+08   1.50450963E+08   1.50450963E+08   1.78395134E+08   1.53933673E+08   1.53933673E+08
   5.12000000E-02   1.43640396E+08   1.47280286E+08   1.47280286E+08   1.74589055E+08   1.50760877E+08   1.50760877E+08
   5.14000000E-02   1.40685364E+08   1.44144314E+08   1.44144314E+08   1.70824671E+08   1.47622758E+08   1.47622758E+08
   5.16000000E-02   1.37762508E+08   1.41042566E+08   1.41042566E+08   1.67101403E+08   1.44518836E+08   1.44518836E+08
   5.18000000E-02   1.34871385E+08   1.37974570E+08   1.37974570E+08   1.63418682E+08   1.41448638E+08   1.41448638E+08
   5.20000000E-02   1.32011557E+08   1.34939861E+08   1.34939861E+08   1.59775950E+08   1.38411701E+08   1.38411701E+08
   5.22000000E-02   1.29182596E+08   1.31937981E+08   1.31937981E+08   1.56172658E+08   1.35407569E+08   1.35407569E+08
   5.24000000E-02   1.26384081E+08   1.28968483E+08   1.28968483E+08   1.52608267E+08   1.32435793E+08   1.32435793E+08
   5.26000000E-02   1.23615596E+08   1.26030925E+08   1.26030925E+08   1.49082246E+08   1.29495933E+08   1.29495933E+08
   5.28000000E-02   1.20876735E+08   1.23124874E+08   1.23124874E+08   1.45594075E+08   1.26587555E+08   1.26587555E+08
   5.30000000E-02   1.18167097E+08   1.20249902E+08   1.20249902E+08   1.42143240E+08   1.23710234E+08   1.23710234E+08
   5.32000000E-02   1.15486287E+08   1.17405591E+08   1.17405591E+08   1.38729239E+08   1.20863552E+08   1.20863552E+08
   5.34000000E-02   1.12833920E+08   1.14591529E+08   1.14591529E+08   1.35351576E+08   1.18047096E+08   1.18047096E+08
   5.36000000E-02   1.10209614E+08   1.11807310E+08   1.11807310E+08   1.32009764E+08   1.15260462E+08   1.15260462E+08
   5.38000000E-02   1.07612995E+08   1.09052536E+08   1.09052536E+08   1.28703324E+08   1.12503252E+08   1.12503252E+08
   5.40000000E-02   1.05043695E+08   1.06326815E+08   1.06326815E+08   1.25431785E+08   1.09775074E+08   1.09775074E+08
   5.42000000E-02   1.02501351E+08   1.03629762E+08   1.03629762E+08   1.22194685E+08   1.07075545E+08   1.07075545E+08
   5.44000000E-02   9.99856090E+07   1.00960997E+08   1.00960997E+08   1.18991567E+08   1.04404285E+08   1.04404285E+08
   5.46000000E-02   9.74961174E+07   9.83201492E+07   9.83201492E+07   1.15821985E+08   1.01760922E+08   1.01760922E+08
   5.48000000E-02   9.50325322E+07   9.57068507E+07   9.57068507E+07   1.12685497E+08   9.91450909E+07   9.91450909E+07
   5.50000000E-02   9.25945147E+07   9.31207412E+07   9.31207412E+07   1.09581670E+08   9.65564303E+07   9.65564303E+07
   5.52000000E-02   9.01817315E+07   9.05614658E+07   9.05614658E+07   1.06510078E+08   9.39945865E+07   9.39945865E+07
   5.54000000E-02   8.77938548E+07   8.80286757E+07   8.80286757E+07   1.03470301E+08   9.14592108E+07   9.14592108E+07
   5.56000000E-02   8.54305622E+07   8.55220276E+07   8.55220276E+07   1.00461928E+08   8.89499605E+07   8.89499605E+07
   5.58000000E-02   8.30915362E+07   8.30411837E+07   8.30411837E+07   9.74845519E+07   8.64664982E+07   8.64664982E+07
   5.60000000E-02   8.07764647E+07   8.05858116E+07   8.05858116E+07   9.45377734E+07   8.40084920E+07   8.40084920E+07
   5.62000000E-02   7.84850403E+07   7.81555843E+07   7.81555843E+07   9.16211997E+07   8.15756153E+07   8.15756153E+07
   5.64000000E-02   7.62169609E+07   7.57501801E+07   7.57501801E+07   8.87344442E+07   7.91675466E+07   7.91675466E+07
   5.66000000E-02   7.39719288E+07   7.33692822E+07   7.33692822E+07   8.58771262E+07   7.67839698E+07   7.67839698E+07
   5.68000000E-02   7.24016740E+07   7.13533983E+07   7.13533983E+07   8.39282871E+07   7.51412252E+07   7.51412252E+07
   5.70000000E-02   7.16015357E+07   6.97522069E+07   6.97522069E+07   8.30107373E+07   7.43427536E+07   7.43427536E+07
   5.72000000E-02   7.08088988E+07   6.81669275E+07   6.81669275E+07   8.21017786E+07   7.35517325E+07   7.35517325E+07
   5.74000000E-02   7.00403873E+07   6.69653761E+07   6.69653761E+07   8.12013062E+07   7.27680710E+07   7.27680710E+07
   5.76000000E-02   6.93010856E+07   6.62612806E+07   6.62612806E+07   8.03092167E+07   7.19916795E+07   7.19916795E+07
   5.78000000E-02   6.85686210E+07   6.55638440E+07   6.55638440E+07   7.94254084E+07   7.12224701E+07   7.12224701E+07
   5.80000000E-02   6.78429038E+07   6.48728289E+07   6.48728289E+07   7.85497811E+07   7.04603559E+07   7.04603559E+07
   5.82000000E-02   6.71238527E+07   6.41881581E+07   6.41881581E+07   7.76822362E+07   6.97052516E+07   6.97052516E+07
   5.84000000E-02   6.64113880E+07   6.35097553E+07   6.35097553E+07   7.68226765E+07   6.89570729E+07   6.89570729E+07
   5.86000000E-02   6.57054307E+07   6.28375457E+07   6.28375457E+07   7.59710063E+07   6.82157371E+07   6.82157371E+07
   5.88000000E-02   6.50059033E+07   6.21714555E+07   6.21714555E+07   7.51271314E+07   6.74811625E+07   6.74811625E+07
   5.90000000E-02   6.43127295E+07   6.15114120E+07   6.15114120E+07   7.42909589E+07   6.67532687E+07   6.67532687E+07
   5.92000000E-02   6.36258339E+07   6.08573436E+07   6.08573436E+07   7.34623975E+07   6.60319766E+07   6.60319766E+07
   5.94000000E-02   6.29451424E+07   6.02091797E+07   6.02091797E+07   7.26413571E+07   6.53172081E+07   6.53172081E+07
   5.96000000E-02   6.22705820E+07   5.95668508E+07   5.95668508E+07   7.18277489E+07   6.46088864E+07   6.46088864E+07
   5.98000000E-02   6.16020808E+07   5.89302885E+07   5.89302885E+07   7.10214855E+07   6.39069359E+07   6.39069359E+07
   6.00000000E-02   6.09395678E+07   5.82994253E+07   5.82994253E+07   7.02224809E+07   6.32112818E+07   6.32112818E+07
   6.02000000E-02   6.02829732E+07   5.76741948E+07   5.76741948E+07   6.94306502E+07   6.25218508E+07   6.25218508E+07
   6.04000000E-02   5.96322281E+07   5.70545314E+07   5.70545314E+07   6.86459097E+07   6.18385705E+07   6.18385705E+07
   6.06000000E-02   5.89872649E+07   5.64403708E+07   5.64403708E+07   6.78681772E+07   6.11613695E+07   6.11613695E+07
   6.08000000E-02   5.83480166E+07   5.58316492E+07   5.58316492E+07   6.70973715E+07   6.04901774E+07   6.04901774E+07
   6.10000000E-02   5.77144174E+07   5.52283041E+07   5.52283041E+07   6.63334126E+07   5.98249251E+07   5.98249251E+07
   6.12000000E-02   5.70864024E+07   5.46302736E+07   5.46302736E+07   6.55762216E+07   5.91655442E+07   5.91655442E+07
   6.14000000E-02   5.64639077E+07   5.40374970E+07   5.40374970E+07   6.48257208E+07   5.85119676E+07   5.85119676E+07
   6.16000000E-02   5.58468702E+07   5.34499142E+07   5.34499142E+07   6.40818339E+07   5.78641287E+07   5.78641287E+07
   6.18000000E-02   5.52352278E+07   5.28674662E+07   5.28674662E+07   6.33444851E+07   5.72219624E+07   5.72219624E+07
   6.20000000E-02   5.46289193E+07   5.22900946E+07   5.22900946E+07   6.26136003E+07   5.65854041E+07   5.65854041E+07
   6.22000000E-02   5.40278843E+07   5.17177421E+07   5.17177421E+07   6.18891060E+07   5.59543904E+07   5.59543904E+07
   6.24000000E-02   5.34320633E+07   5.11503520E+07   5.11503520E+07   6.11709301E+07   5.53288587E+07   5.53288587E+07
   6.26000000E-02   5.28413976E+07   5.05878685E+07   5.05878685E+07   6.04590012E+07   5.47087472E+07   5.47087472E+07
   6.28000000E-02   5.22558294E+07   5.00302366E+07   5.00302366E+07   5.97532492E+07   5.40939952E+07   5.40939952E+07
   6.30000000E-02   5.16753017E+07   4.94774020E+07   4.94774020E+07   5.90536048E+07   5.34845426E+07   5.34845426E+07
   6.32000000E-02   5.10997583E+07   4.89293112E+07   4.89293112E+07   5.83599997E+07   5.28803303E+07   5.28803303E+07
   6.34000000E-02   5.05291438E+07   4.83859116E+07   4.83859116E+07   5.76723667E+07   5.22813000E+07   5.22813000E+07
   6.36000000E-02   4.99634035E+07   4.78471510E+07   4.78471510E+07   5.69906394E+07   5.16873943E+07   5.16873943E+07
   6.38000000E-02   4.94024836E+07   4.73129783E+07   4.73129783E+07   5.63147523E+07   5.10985563E+07   5.10985563E+07
   6.40000000E-02   4.88463308E+07   4.67833428E+07   4.67833428E+07   5.56446409E+07   5.05147303E+07   5.05147303E+07
   6.42000000E-02   4.82948928E+07   4.62581948E+07   4.62581948E+07   5.49802416E+07   4.99358611E+07   4.99358611E+07
   6.44000000E-02   4.77481179E+07   4.57374850E+07   4.57374850E+07   5.43214916E+07   4.93618943E+07   4.93618943E+07
   6.46000000E-02   4.72059552E+07   4.52211650E+07   4.52211650E+07   5.36683291E+07   4.87927764E+07   4.87927764E+07
   6.48000000E-02   4.66683544E+07   4.47091868E+07   4.47091868E+07   5.30206931E+07   4.82284544E+07   4.82284544E+07
   6.50000000E-02   4.61352659E+07   4.42015034E+07   4.42015034E+07   5.23785232E+07   4.76688762E+07   4.76688762E+07
   6.52000000E-02   4.56066408E+07   4.36980682E+07   4.36980682E+07   5.17417602E+07   4.71139904E+07   4.71139904E+07
   6.54000000E-02   4.50824309E+07   4.31988353E+07   4.31988353E+07   5.11103455E+07   4.65637461E+07   4.65637461E+07
   6.56000000E-02   4.45625886E+07   4.27037595E+07   4.27037595E+07   5.04842213E+07   4.60180935E+07   4.60180935E+07
   6.58000000E-02   4.40470670E+07   4.22127960E+07   4.22127960E+07   4.98633307E+07   4.54769830E+07   4.54769830E+07
   6.60000000E-02   4.35358197E+07   4.17259008E+07   4.17259008E+07   4.92476173E+07   4.49403661E+07   4.49403661E+07
   6.62000000E-02   4.30288011E+07   4.12430305E+07   4.12430305E+07   4.86370259E+07   4.44081945E+07   4.44081945E+07
   6.64000000E-02   4.25259661E+07   4.07641422E+07   4.07641422E+07   4.80315015E+07   4.38804210E+07   4.38804210E+07
   6.66000000E-02   4.20272703E+07   4.02891935E+07   4.02891935E+07   4.74309904E+07   4.33569988E+07   4.33569988E+07
   6.68000000E-02   4.15326698E+07   3.98181427E+07   3.98181427E+07   4.68354392E+07   4.28378816E+07   4.28378816E+07
   6.70000000E-02   4.10421213E+07   3.93509486E+07   3.93509486E+07   4.62447953E+07   4.23230241E+07   4.23230241E+07
   6.72000000E-02   4.05555820E+07   3.88875707E+07   3.88875707E+07   4.56590069E+07   4.18123811E+07   4.18123811E+07
   6.74000000E-02   4.00730099E+07   3.84279687E+07   3.84279687E+07   4.50780229E+07   4.13059085E+07   4.13059085E+07
   6.76000000E-02   3.95943634E+07   3.79721031E+07   3.79721031E+07   4.45017928E+07   4.08035625E+07   4.08035625E+07
   6.78000000E-02   3.91196014E+07   3.75199348E+07   3.75199348E+07   4.39302667E+07   4.03052999E+07   4.03052999E+07
   6.80000000E-02   3.86486834E+07   3.70714254E+07   3.70714254E+07   4.33633955E+07   3.98110780E+07   3.98110780E+07
   6.82000000E-02   3.81815694E+07   3.66265367E+07   3.66265367E+07   4.28011306E+07   3.93208549E+07   3.93208549E+07
   6.84000000E-02   3.77182200E+07   3.61852312E+07   3.61852312E+07   4.22434242E+07   3.88345890E+07   3.88345890E+07
   6.86000000E-02   3.72585962E+07   3.57474719E+07   3.57474719E+07   4.16902290E+07   3.83522394E+07   3.83522394E+07
   6.88000000E-02   3.68026596E+07   3.53132222E+07   3.53132222E+07   4.11414983E+07   3.78737657E+07   3.78737657E+07
   6.90000000E-02   3.63503723E+07   3.48824460E+07   3.48824460E+07   4.05971861E+07   3.73991279E+07   3.73991279E+07
   6.92000000E-02   3.59016968E+07   3.44551076E+07   3.44551076E+07   4.00572469E+07   3.69282866E+07   3.69282866E+07
   6.94000000E-02   3.54565961E+07   3.40311719E+07   3.40311719E+07   3.95216360E+07   3.64612030E+07   3.64612030E+07
   6.96000000E-02   3.50150339E+07   3.36106042E+07   3.36106042E+07   3.89903089E+07   3.59978387E+07   3.59978387E+07
   6.98000000E-02   3.45769739E+07   3.31933701E+07   3.31933701E+07   3.84632219E+07   3.55381558E+07   3.55381558E+07
   7.00000000E-02   3.41423807E+07   3.27794358E+07   3.27794358E+07   3.79403320E+07   3.50821169E+07   3.50821169E+07
   7.02000000E-02   3.37112191E+07   3.23687679E+07   3.23687679E+07   3.74215964E+07   3.46296850E+07   3.46296850E+07
   7.04000000E-02   3.32834546E+07   3.19613335E+07   3.19613335E+07   3.69069731E+07   3.41808237E+07   3.41808237E+07
   7.06000000E-02   3.28590528E+07   3.15570999E+07   3.15570999E+07   3.63964206E+07   3.37354970E+07   3.37354970E+07
   7.08000000E-02   3.24379799E+07   3.11560350E+07   3.11560350E+07   3.58898978E+07   3.32936693E+07   3.32936693E+07
   7.10000000E-02   3.20202027E+07   3.07581071E+07   3.07581071E+07   3.53873643E+07   3.28553056E+07   3.28553056E+07
   7.12000000E-02   3.16056880E+07   3.03632847E+07   3.03632847E+07   3.48887801E+07   3.24203711E+07   3.24203711E+07
   7.14000000E-02   3.11944035E+07   2.99715369E+07   2.99715369E+07   3.43941056E+07   3.19888317E+07   3.19888317E+07
   7.16000000E-02   3.07863170E+07   2.95828331E+07   2.95828331E+07   3.39033019E+07   3.15606535E+07   3.15606535E+07
   7.18000000E-02   3.03813966E+07   2.91971432E+07   2.91971432E+07   3.34163305E+07   3.11358032E+07   3.11358032E+07
   7.20000000E-02   2.99796112E+07   2.88144373E+07   2.88144373E+07   3.29331534E+07   3.07142478E+07   3.07142478E+07
   7.22000000E-02   2.95809297E+07   2.84346860E+07   2.84346860E+07   3.24537329E+07   3.02959548E+07   3.02959548E+07
   7.24000000E-02   2.91853216E+07   2.80578601E+07   2.80578601E+07   3.19780321E+07   2.98808920E+07   2.98808920E+07
   7.26000000E-02   2.87927566E+07   2.76839310E+07   2.76839310E+07   3.15060142E+07   2.94690277E+07   2.94690277E+07
   7.28000000E-02   2.84032051E+07   2.73128702E+07   2.73128702E+07   3.10376431E+07   2.90603304E+07   2.90603304E+07
   7.30000000E-02   2.80166374E+07   2.69446498E+07   2.69446498E+07   3.05728831E+07   2.86547693E+07   2.86547693E+07
   7.32000000E-02   2.76330246E+07   2.65792421E+07   2.65792421E+07   3.01116988E+07   2.82523137E+07   2.82523137E+07
   7.34000000E-02   2.72523379E+07   2.62166196E+07   2.62166196E+07   2.96540555E+07   2.78529334E+07   2.78529334E+07
   7.36000000E-02   2.68745488E+07   2.58567554E+07   2.58567554E+07   2.91999185E+07   2.74565986E+07   2.74565986E+07
   7.38000000E-02   2.64996294E+07   2.54996228E+07   2.54996228E+07   2.87492540E+07   2.70632796E+07   2.70632796E+07
   7.40000000E-02   2.61275519E+07   2.51451955E+07   2.51451955E+07   2.83020283E+07   2.66729475E+07   2.66729475E+07
   7.42000000E-02   2.57582890E+07   2.47934474E+07   2.47934474E+07   2.78582082E+07   2.62855734E+07   2.62855734E+07
   7.44000000E-02   2.53918137E+07   2.44443527E+07   2.44443527E+07   2.74177609E+07   2.59011289E+07   2.59011289E+07
   7.46000000E-02   2.50280991E+07   2.40978860E+07   2.40978860E+07   2.69806539E+07   2.55195858E+07   2.55195858E+07
   7.48000000E-02   2.46671190E+07   2.37540222E+07   2.37540222E+07   2.65468554E+07   2.51409165E+07   2.51409165E+07
   7.50000000E-02   2.43088472E+07   2.34127366E+07   2.34127366E+07   2.61163335E+07   2.47650935E+07   2.47650935E+07
   7.52000000E-02   2.39532580E+07   2.30740045E+07   2.30740045E+07   2.56890572E+07   2.43920897E+07   2.43920897E+07
   7.54000000E-02   2.36003259E+07   2.27378018E+07   2.27378018E+07   2.52649954E+07   2.40218782E+07   2.40218782E+07
   7.56000000E-02   2.32500258E+07   2.24041044E+07   2.24041044E+07   2.48441176E+07   2.36544328E+07   2.36544328E+07
   7.58000000E-02   2.29023327E+07   2.20728888E+07   2.20728888E+07   2.44263938E+07   2.32897271E+07   2.32897271E+07
   7.60000000E-02   2.25572222E+07   2.17441316E+07   2.17441316E+07   2.40117941E+07   2.29277354E+07   2.29277354E+07
   7.62000000E-02   2.22146699E+07   2.14178096E+07   2.14178096E+07   2.36002890E+07   2.25684321E+07   2.25684321E+07
   7.64000000E-02   2.18746518E+07   2.10939000E+07   2.10939000E+07   2.31918494E+07   2.22117920E+07   2.22117920E+07
   7.66000000E-02   2.15371443E+07   2.07723802E+07   2.07723802E+07   2.27864466E+07   2.18577902E+07   2.18577902E+07
   7.68000000E-02   2.12021238E+07   2.04532280E+07   2.04532280E+07   2.23840522E+07   2.15064020E+07   2.15064020E+07
   7.70000000E-02   2.08695673E+07   2.01364213E+07   2.01364213E+07   2.19846380E+07   2.11576030E+07   2.11576030E+07
   7.72000000E-02   2.05394518E+07   1.98219384E+07   1.98219384E+07   2.15881763E+07   2.08113692E+07   2.08113692E+07
   7.74000000E-02   2.02117547E+07   1.95097576E+07   1.95097576E+07   2.11946397E+07   2.04676768E+07   2.04676768E+07
   7.76000000E-02   1.98864537E+07   1.91998576E+07   1.91998576E+07   2.08040009E+07   2.01265022E+07   2.01265022E+07
   7.78000000E-02   1.95635266E+07   1.88922176E+07   1.88922176E+07   2.04162333E+07   1.97878223E+07   1.97878223E+07
   7.80000000E-02   1.92429516E+07   1.85868166E+07   1.85868166E+07   2.00313102E+07   1.94516139E+07   1.94516139E+07
   7.82000000E-02   1.89247070E+07   1.82836341E+07   1.82836341E+07   1.96492056E+07   1.91178545E+07   1.91178545E+07
   7.84000000E-02   1.86087716E+07   1.79826497E+07   1.79826497E+07   1.92698935E+07   1.87865215E+07   1.87865215E+07
   7.86000000E-02   1.82951242E+07   1.76838435E+07   1.76838435E+07   1.88933482E+07   1.84575928E+07   1.84575928E+07
   7.88000000E-02   1.79837439E+07   1.73871955E+07   1.73871955E+07   1.85195446E+07   1.81310463E+07   1.81310463E+07
   7.90000000E-02   1.76746102E+07   1.70926860E+07   1.70926860E+07   1.81484575E+07   1.78068605E+07   1.78068605E+07
   7.92000000E-02   1.73677025E+07   1.68002958E+07   1.68002958E+07   1.77800623E+07   1.74850138E+07   1.74850138E+07
   7.94000000E-02   1.70630008E+07   1.65100055E+07   1.65100055E+07   1.74143344E+07   1.71654851E+07   1.71654851E+07
   7.96000000E-02   1.67604851E+07   1.62217962E+07   1.62217962E+07   1.70512498E+07   1.68482533E+07   1.68482533E+07
   7.98000000E-02   1.64601357E+07   1.59356492E+07   1.59356492E+07   1.66907844E+07   1.65332978E+07   1.65332978E+07
   8.00000000E-02   1.61619331E+07   1.56515459E+07   1.56515459E+07   1.63329147E+07   1.62205980E+07   1.62205980E+07
   8.02000000E-02   1.58658580E+07   1.53694679E+07   1.53694679E+07   1.59776173E+07   1.59101337E+07   1.59101337E+07
   8.04000000E-02   1.55718913E+07   1.50893971E+07   1.50893971E+07   1.56248691E+07   1.56018849E+07   1.56018849E+07
   8.06000000E-02   1.52800143E+07   1.48113157E+07   1.48113157E+07   1.52746472E+07   1.52958317E+07   1.52958317E+07
   8.08000000E-02   1.49902083E+07   1.45352057E+07   1.45352057E+07   1.49269290E+07   1.49919545E+07   1.49919545E+07
   8.10000000E-02   1.47024548E+07   1.42610498E+07   1.42610498E+07   1.45816922E+07   1.46902339E+07   1.46902339E+07
   8.12000000E-02   1.44167357E+07   1.39888305E+07   1.39888305E+07   1.42389148E+07   1.43906508E+07   1.43906508E+07
   8.14000000E-02   1.41330329E+07   1.37185308E+07   1.37185308E+07   1.38985747E+07   1.40931863E+07   1.40931863E+07
   8.16000000E-02   1.38513285E+07   1.34501336E+07   1.34501336E+07   1.35606505E+07   1.37978216E+07   1.37978216E+07
   8.18000000E-02   1.35716050E+07   1.31836221E+07   1.31836221E+07   1.32251208E+07   1.35045381E+07   1.35045381E+07
   8.20000000E-02   1.32938450E+07   1.29189799E+07   1.29189799E+07   1.28919644E+07   1.32133175E+07   1.32133175E+07
   8.22000000E-02   1.30180311E+07   1.26561904E+07   1.26561904E+07   1.25611604E+07   1.29241417E+07   1.29241417E+07
   8.24000000E-02   1.27441463E+07   1.23952374E+07   1.23952374E+07   1.22326882E+07   1.26369928E+07   1.26369928E+07
   8.26000000E-02   1.24721739E+07   1.21361050E+07   1.21361050E+07   1.19065272E+07   1.23518530E+07   1.23518530E+07
   8.28000000E-02   1.22020969E+07   1.18787771E+07   1.18787771E+07   1.15826574E+07   1.20687048E+07   1.20687048E+07
   8.30000000E-02   1.19338991E+07   1.16232382E+07   1.16232382E+07   1.12610586E+07   1.17875308E+07   1.17875308E+07
   8.32000000E-02   1.16806463E+07   1.13763108E+07   1.13763108E+07   1.09598566E+07   1.15228103E+07   1.15228103E+07
   8.34000000E-02   1.15360138E+07   1.11869532E+07   1.11869532E+07   1.08093117E+07   1.13784215E+07   1.13784215E+07
   8.36000000E-02   1.14330388E+07   1.10201564E+07   1.10201564E+07   1.07158056E+07   1.12799907E+07   1.12799907E+07
   8.38000000E-02   1.13307350E+07   1.08544895E+07   1.08544895E+07   1.06229071E+07   1.11821995E+07   1.11821995E+07
   8.40000000E-02   1.12290968E+07   1.06899429E+07   1.06899429E+07   1.05306110E+07   1.10850425E+07   1.10850425E+07
   8.42000000E-02   1.11281186E+07   1.05265071E+07   1.05265071E+07   1.04389123E+07   1.09885145E+07   1.09885145E+07
   8.44000000E-02   1.10277947E+07   1.03641726E+07   1.03641726E+07   1.03478061E+07   1.08926100E+07   1.08926100E+07
   8.46000000E-02   1.09281199E+07   1.02029300E+07   1.02029300E+07   1.02572874E+07   1.07973239E+07   1.07973239E+07
   8.48000000E-02   1.08290886E+07   1.00427702E+07   1.00427702E+07   1.01673512E+07   1.07026511E+07   1.07026511E+07
   8.50000000E-02   1.07306955E+07   9.88368389E+06   9.88368389E+06   1.00779928E+07   1.06085865E+07   1.06085865E+07
   8.52000000E-02   1.06329354E+07   9.72566207E+06   9.72566207E+06   9.98920734E+06   1.05151250E+07   1.05151250E+07
   8.54000000E-02   1.05358028E+07   9.56869577E+06   9.56869577E+06   9.90099007E+06   1.04222617E+07   1.04222617E+07
   8.56000000E-02   1.04392927E+07   9.41277612E+06   9.41277612E+06   9.81333632E+06   1.03299915E+07   1.03299915E+07
   8.58000000E-02   1.03434000E+07   9.25789433E+06   9.25789433E+06   9.72624142E+06   1.02383096E+07   1.02383096E+07
   8.60000000E-02   1.02481194E+07   9.10404174E+06   9.10404174E+06   9.63970080E+06   1.01472112E+07   1.01472112E+07
   8.62000000E-02   1.01534461E+07   8.95120973E+06   8.95120973E+06   9.55370989E+06   1.00566915E+07   1.00566915E+07
   8.64000000E-02   1.00593750E+07   8.79938980E+06   8.79938980E+06   9.46826420E+06   9.96674565E+06   9.96674565E+06
   8.66000000E-02   9.96590120E+06   8.64857355E+06   8.64857355E+06   9.38335926E+06   9.87736907E+06   9.87736907E+06
   8.68000000E-02   9.87301981E+06   8.49875263E+06   8.49875263E+06   9.29899068E+06   9.78855710E+06   9.78855710E+06
   8.70000000E-02   9.78072601E+06   8.34991880E+06   8.34991880E+06   9.21515408E+06   9.70030512E+06   9.70030512E+06
   8.72000000E-02   9.68901501E+06   8.20206391E+06   8.20206391E+06   9.13184515E+06   9.61260860E+06   9.61260860E+06
   8.74000000E-02   9.59788210E+06   8.05517988E+06   8.05517988E+06   9.04905960E+06   9.52546304E+06   9.52546304E+06
   8.76000000E-02   9.50732258E+06   7.90925872E+06   7.90925872E+06   8.96679320E+06   9.43886397E+06   9.43886397E+06
   8.78000000E-02   9.41733183E+06   7.76429252E+06   7.76429252E+06   8.88504177E+06   9.35280698E+06   9.35280698E+06
   8.80000000E-02   9.32790525E+06   7.62027345E+06   7.62027345E+06   8.80380115E+06   9.26728772E+06   9.26728772E+06
   8.82000000E-02   9.23903831E+06   7.47719377E+06   7.47719377E+06   8.72306725E+06   9.18230185E+06   9.18230185E+06
   8.84000000E-02   9.15072651E+06   7.33504579E+06   7.33504579E+06   8.64283599E+06   9.09784511E+06   9.09784511E+06
   8.86000000E-02   9.06296541E+06   7.19382194E+06   7.19382194E+06   8.56310335E+06   9.01391324E+06   9.01391324E+06
   8.88000000E-02   8.97575059E+06   7.05351470E+06   7.05351470E+06   8.48386535E+06   8.93050207E+06   8.93050207E+06
   8.90000000E-02   8.88907770E+06   6.91411662E+06   6.91411662E+06   8.40511805E+06   8.84760745E+06   8.84760745E+06
   8.92000000E-02   8.80294241E+06   6.77562035E+06   6.77562035E+06   8.32685755E+06   8.76522525E+06   8.76522525E+06
   8.94000000E-02   8.71734046E+06   6.63801860E+06   6.63801860E+06   8.24907997E+06   8.68335142E+06   8.68335142E+06
   8.96000000E-02   8.63226762E+06   6.50130414E+06   6.50130414E+06   8.17178150E+06   8.60198192E+06   8.60198192E+06
   8.98000000E-02   8.54771969E+06   6.36546984E+06   6.36546984E+06   8.09495835E+06   8.52111278E+06   8.52111278E+06
   9.00000000E-02   8.46369253E+06   6.23050863E+06   6.23050863E+06   8.01860676E+06   8.44074003E+06   8.44074003E+06
   9.02000000E-02   8.38018204E+06   6.09641350E+06   6.09641350E+06   7.94272302E+06   8.36085978E+06   8.36085978E+06
   9.04000000E-02   8.29718414E+06   5.96317753E+06   5.96317753E+06   7.86730345E+06   8.28146816E+06   8.28146816E+06
   9.06000000E-02   8.21469480E+06   5.83079385E+06   5.83079385E+06   7.79234442E+06   8.20256132E+06   8.20256132E+06
   9.08000000E-02   8.13271006E+06   5.69925566E+06   5.69925566E+06   7.71784233E+06   8.12413548E+06   8.12413548E+06
   9.10000000E-02   8.05122595E+06   5.56855625E+06   5.56855625E+06   7.64379359E+06   8.04618688E+06   8.04618688E+06
   9.12000000E-02   7.97023857E+06   5.43868895E+06   5.43868895E+06   7.57019468E+06   7.96871179E+06   7.96871179E+06
   9.14000000E-02   7.88974404E+06   5.30964716E+06   5.30964716E+06   7.49704210E+06   7.89170655E+06   7.89170655E+06
   9.16000000E-02   7.80973855E+06   5.18142436E+06   5.18142436E+06   7.42433238E+06   7.81516749E+06   7.81516749E+06
   9.18000000E-02   7.73021829E+06   5.05401409E+06   5.05401409E+06   7.35206209E+06   7.73909100E+06   7.73909100E+06
   9.20000000E-02   7.65117950E+06   4.92740994E+06   4.92740994E+06   7.28022784E+06   7.66347351E+06   7.66347351E+06
   9.22000000E-02   7.57333828E+06   4.81745330E+06   4.81745330E+06   7.20882625E+06   7.58831148E+06   7.58831148E+06
   9.24000000E-02   7.49837421E+06   4.76119676E+06   4.76119676E+06   7.13785399E+06   7.51360139E+06   7.51360139E+06
   9.26000000E-02   7.42439233E+06   4.71699471E+06   4.71699471E+06   7.06730777E+06   7.43933977E+06   7.43933977E+06
   9.28000000E-02   7.35085374E+06   4.67305620E+06   4.67305620E+06   6.99718432E+06   7.36552319E+06   7.36552319E+06
   9.30000000E-02   7.27775505E+06   4.62937923E+06   4.62937923E+06   6.92748039E+06   7.29214823E+06   7.29214823E+06
   9.32000000E-02   7.20509290E+06   4.58596180E+06   4.58596180E+06   6.85819278E+06   7.21921151E+06   7.21921151E+06
   9.34000000E-02   7.13286395E+06   4.54280194E+06   4.54280194E+06   6.78931831E+06   7.14670970E+06   7.14670970E+06
   9.36000000E-02   7.06106491E+06   4.49989768E+06   4.49989768E+06   6.72085385E+06   7.07463948E+06   7.07463948E+06
   9.38000000E-02   6.98969252E+06   4.45724709E+06   4.45724709E+06   6.65279627E+06   7.00299758E+06   7.00299758E+06
   9.40000000E-02   6.91874354E+06   4.41484824E+06   4.41484824E+06   6.58514249E+06   6.93178074E+06   6.93178074E+06
   9.42000000E-02   6.84821475E+06   4.37269925E+06   4.37269925E+06   6.51788945E+06   6.86098575E+06   6.86098575E+06
   9.44000000E-02   6.77810300E+06   4.33079822E+06   4.33079822E+06   6.45103412E+06   6.79060943E+06   6.79060943E+06
   9.46000000E-02   6.70840513E+06   4.28914328E+06   4.28914328E+06   6.38457351E+06   6.72064860E+06   6.72064860E+06
   9.48000000E-02   6.63911803E+06   4.24773260E+06   4.24773260E+06   6.31850465E+06   6.65110016E+06   6.65110016E+06
   9.50000000E-02   6.57023862E+06   4.20656434E+06   4.20656434E+06   6.25282459E+06   6.58196100E+06   6.58196100E+06
   9.52000000E-02   6.50176384E+06   4.16563668E+06   4.16563668E+06   6.18753042E+06   6.51322805E+06   6.51322805E+06
   9.54000000E-02   6.43369065E+06   4.12494783E+06   4.12494783E+06   6.12261925E+06   6.44489827E+06   6.44489827E+06
   9.56000000E-02   6.36601607E+06   4.08449601E+06   4.08449601E+06   6.05808823E+06   6.37696866E+06   6.37696866E+06
   9.58000000E-02   6.29873713E+06   4.04427945E+06   4.04427945E+06   5.99393451E+06   6.30943622E+06   6.30943622E+06
   9.60000000E-02   6.23185087E+06   4.00429642E+06   4.00429642E+06   5.93015529E+06   6.24229801E+06   6.24229801E+06
   9.62000000E-02   6.16535438E+06   3.96454518E+06   3.96454518E+06   5.86674778E+06   6.17555110E+06   6.17555110E+06
   9.64000000E-02   6.09924478E+06   3.92502401E+06   3.92502401E+06   5.80370925E+06   6.10919258E+06   6.10919258E+06
   9.66000000E-02   6.03351919E+06   3.88573122E+06   3.88573122E+06   5.74103695E+06   6.04321959E+06   6.04321959E+06
   9.68000000E-02   5.96817480E+06   3.84666512E+06   3.84666512E+06   5.67872817E+06   5.97762927E+06   5.97762927E+06
   9.70000000E-02   5.90320878E+06   3.80782405E+06   3.80782405E+06   5.61678025E+06   5.91241881E+06   5.91241881E+06
   9.72000000E-02   5.83861835E+06   3.76920635E+06   3.76920635E+06   5.55519053E+06   5.84758541E+06   5.84758541E+06
   9.74000000E-02   5.77440076E+06   3.73081039E+06   3.73081039E+06   5.49395637E+06   5.78312630E+06   5.78312630E+06
   9.76000000E-02   5.71055327E+06   3.69263455E+06   3.69263455E+06   5.43307517E+06   5.71903875E+06   5.71903875E+06
   9.78000000E-02   5.64707318E+06   3.65467721E+06   3.65467721E+06   5.37254435E+06   5.65532002E+06   5.65532002E+06
   9.80000000E-02   5.58395780E+06   3.61693680E+06   3.61693680E+06   5.31236135E+06   5.59196744E+06   5.59196744E+06
   9.82000000E-02   5.52120448E+06   3.57941172E+06   3.57941172E+06   5.25252363E+06   5.52897832E+06   5.52897832E+06
   9.84000000E-02   5.45881058E+06   3.54210042E+06   3.54210042E+06   5.19302868E+06   5.46635003E+06   5.46635003E+06
   9.86000000E-02   5.39677348E+06   3.50500135E+06   3.50500135E+06   5.13387402E+06   5.40407994E+06   5.40407994E+06
   9.88000000E-02   5.33509062E+06   3.46811297E+06   3.46811297E+06   5.07505717E+06   5.34216546E+06   5.34216546E+06
   9.90000000E-02   5.27375941E+06   3.43143377E+06   3.43143377E+06   5.01657570E+06   5.28060401E+06   5.28060401E+06
   9.92000000E-02   5.21277733E+06   3.39496222E+06   3.39496222E+06   4.95842717E+06   5.21939306E+06   5.21939306E+06
   9.94000000E-02   5.15214185E+06   3.35869685E+06   3.35869685E+06   4.90060920E+06   5.15853006E+06   5.15853006E+06
   9.96000000E-02   5.09185049E+06   3.32263617E+06   3.32263617E+06   4.84311939E+06   5.09801251E+06   5.09801251E+06
   9.98000000E-02   5.03190076E+06   3.28677871E+06   3.28677871E+06   4.78595540E+06   5.03783794E+06   5.03783794E+06
   1.00000000E-01   4.97229022E+06   3.25112302E+06   3.25112302E+06   4.72911489E+06   4.97800388E+06   4.97800388E+06