channel                 nue_Ar40             nuebar_Ar40                      nc                       e
E                                                                                                       
0.000749                       0                       0                       0             0.125226036
0.001246                       0                       0                       0             0.151800174
0.001744                       0                       0                       0              0.36535212
0.002241                       0                       0                       0               1.0070892
0.002739                       0                       0                       0              1.87821792
0.003236                0.202168                       0                       0               3.0553236
0.003734                0.549044                       0                       0                 4.29363
0.004231                 1.00095                       0                       0                 5.73885
0.004729                 1.68112                       0                       0                7.131969
0.005226                 2.43603                       0                       0                8.398053
0.005724                 3.34252                       0                       0                9.590994
0.006221                 4.41177                       0                       0               10.743561
0.006719                 5.64937                       0                       0               11.810394
0.007216                 7.12453                       0                       0              12.8054538
0.007714                  8.9038                       0                       0              13.7337732
0.008211                 11.0149                       0              -0.3613369              14.6051586
0.008709                 13.3021                       0              -0.1640598              15.2362998
0.009206                 15.7365                       0               0.1075985                15.70311
0.009704                 18.4495                       0               0.4511603              16.1460036
0.010200                 21.4435                       0                0.866938              16.5658662
0.010700                 24.7545                       0                1.355414              16.9664688
0.011200                 28.4766                       0                1.916874              17.3479536
0.011690                  32.709                       0                2.551731              17.7134796
0.012190                 37.5367                       0                3.260447                  18.063
0.012690                 42.4587                       0                3.980428              18.1309482
0.013190                 47.7807                       0                4.748996              18.1784466
0.013680                 53.4505                       0                5.568644               18.221922
0.014180                 58.8636                       0                6.405305              18.1455102
0.014680                 64.2692                       0                 7.27459               18.042264
0.015180                  69.741                       0                 8.18282              17.9408844
0.015670                 75.2451                       0                 9.13787              17.8434324
0.016170                 80.7495                0.249523                10.15575              17.7478866
0.016670                 86.2662                0.313877                11.25293               17.655642
0.017170                 91.7951                0.401703                12.44221              17.5652694
0.017660                 97.3462                0.489093                13.73525              17.4777192
0.018160                 102.388                0.574272                15.03625              17.2811934
0.018660                 106.739                0.670463                16.30296              16.9577442
0.019160                 111.007                0.786253                17.65371              16.6421862
0.019650                 115.202                0.897442                19.09148               16.334676
0.020150                 119.324                  1.0071                20.61757              16.0345116
0.020650                 123.365                 1.13579                22.23114              15.7414644
0.021150                  127.32                 1.27952                23.93426              15.4552626
0.021640                 131.183                 1.42843                25.72655              15.1753986
0.022140                 134.904                 1.58245                27.60413              14.8983408
0.022640                 137.862                 1.74476                29.49107              14.5793952
0.023140                 140.601                 1.92166                31.44341              14.2623324
0.023630                 143.179                 2.11218                33.46431              13.9515102
0.024130                 145.604                 2.30374                  35.552               13.647429
0.024630                 147.865                 2.49381                37.70013              13.3489692
0.025130                 149.981                  2.6994                39.90638              13.0568418
0.025620                 151.946                 2.93043                42.16242              12.7698084
0.026120                 153.785                 3.17227                44.47204               12.488742
0.026620                 155.238                 3.39556                46.67816              12.1831686
0.027120                 156.387                 3.60364                48.80322              11.8635984
0.027610                 157.385                 3.81903                50.92515              11.5490376
0.028110                 158.258                 4.05037                 53.0472               11.240721
0.028610                 158.984                 4.28189                55.15121              10.9370124
0.029110                 159.589                 4.49837                57.23963              10.6391934
0.029600                 160.054                 4.69933                59.30051              10.3456008
0.030100                 160.401                  4.9028                 61.3323              10.0575936
0.030600                 160.607                  5.1228                63.31883                9.773496
0.031100                 160.696                 5.35779                65.26036                9.494667
0.031590                 160.644                 5.59025                 67.1387               9.2195118
0.032090                 160.472                  5.8067                68.95363               8.9492184
0.032590                 160.159                 6.00411                70.68991               8.6824818
0.033090                 159.723                 6.18877                72.34702                8.420238
0.033580                 159.144                 6.36478                73.90964                8.161407
0.034080                 158.439                 6.53634                75.38103                7.906743
0.034580                 157.591                 6.70399                  76.746               7.6553658
0.035080                 156.608                 6.86883                 78.0031               7.4078514
0.035570                 155.479                 7.02967                 79.1417               7.1635122
0.036070                 154.816                  7.1833                 80.3331               6.9411186
0.036570                 154.118                  7.3238                 81.4363               6.7242978
0.037070                 153.305                 7.44872                 82.4347                6.510537
0.037560                 152.367                 7.55493                 83.3165               6.2994672
0.038060                 151.308                 7.64132                 84.0838               6.0912576
0.038560                 150.122                 7.70609                 84.7288               5.8856364
0.039060                 150.048                  7.8666                 86.0874               5.7375918
0.039550                 150.141                 8.04081                 87.5447               5.6022894
0.040050                 150.164                  8.2092                 89.0397               5.4686718
0.040550                 150.112                 8.37285                 90.5609                5.336676
0.041050                 149.984                 8.53186                 91.7811               5.2062696
0.041540                 149.782                 8.68544                 92.9289               5.0774382
0.042040                 149.502                  8.8315                 93.9978               4.9501152
0.042540                 149.145                 8.96933                 94.9857               4.8242988
0.043040                 148.704                 9.10014                 95.8889               4.6998918
0.043530                 148.185                 9.22603                 96.7078                 4.57695
0.044030                 147.582                  9.3485                 97.4393               4.4553366
0.044530                 146.897                 9.46773                 98.0816               4.3351668
0.045030                 146.122                 9.57854                 98.6284               4.2162102
0.045520                  145.26                 9.67458                 99.0821               4.0986612
0.046020                 144.303                 9.74959                  99.436                3.982284
0.046520                 143.254                 9.79955                 99.6933               3.8672568
0.047020                 142.101                 9.82584                 99.8454               3.7533168
0.047510                 140.852                 9.83636                 99.8968                3.640698
0.048010                 139.493                 9.83702                 99.8382               3.5291178
0.048510                 138.033                 9.83375                 99.6749               3.4188102
0.049010                 136.458                 9.82621                 99.3972               3.3094872
0.049500                 134.779                 9.81157                 99.0107               3.2014026
0.050000                 132.979                  9.7854                 98.5048               3.0942432
0.050500                 131.071                 9.74563                 97.8869               2.9882898
0.051000                 129.042                 9.68899                 97.1464               2.8832292
0.051490                   126.9                 9.61515                 96.2907               2.7793152
0.051990                 124.633                 9.52265                 95.3075               2.6762706
0.052490                  122.25                 9.41201                 94.2033               2.5743168
0.052990                 119.738                 9.28225                 92.9674               2.4732108
0.053480                 117.109                 9.13574                 91.6081               2.3731452
0.053980                 114.351                 8.97606                 90.1157               2.2739148
0.054480                 111.471                  8.8071                 88.4936               2.1756654
0.054980                  108.46                 8.63059                 86.7337               2.0782386
0.055470                 105.326                 8.44895                 84.8426              1.98174312
0.055970                 102.061                 8.25514                82.81174              1.88605152
0.056470                 98.6668                 8.04269                80.64195              1.79125308
0.056970                 96.2545                 7.97786                79.52769              1.72163196
0.057460                 95.3426                 8.06689                79.74171              1.68254082
0.057960                 95.6078                 8.14167                80.45101              1.65829644
0.058460                 95.8481                 8.20683                81.14137               1.6342677
0.058960                   96.06                 8.26827                 81.8073              1.61043354
0.059450                 96.2443                 8.33067                 82.4501              1.58680386
0.059950                 96.4015                 8.39908                 83.0703               1.5633657
0.060450                 96.5289                 8.47235                 83.6641              1.54012158
0.060950                 96.6301                 8.54752                 84.2368              1.51706952
0.061440                 96.7006                  8.6191                 84.7817              1.49420214
0.061940                  96.744                 8.68328                 85.3039              1.47151908
0.062440                 96.7566                 8.73695                 85.7981               1.4490135
0.062940                 96.7417                 8.78001                 86.2683              1.42669116
0.063430                 96.6956                 8.81657                 86.7096              1.40453622
0.063930                  96.622                 8.85039                 87.1269              1.38256326
0.064430                 96.5167                  8.8841                 87.5128              1.36074942
0.064930                 96.3855                  8.9222                 87.8759              1.33911468
0.065420                  96.223                 8.96325                 88.2066              1.31762934
0.065920                 96.0343                 9.00602                 88.5125              1.29632346
0.066420                 95.8153                 9.04675                 88.7871              1.27516086
0.066920                 95.5693                 9.08326                 89.0337              1.25416962
0.067410                 95.2944                 9.11291                 89.2504               1.2333177
0.067910                 94.9917                  9.1345                 89.4361              1.21263606
0.068410                 94.6612                 9.14808                 89.5935              1.19208582
0.068910                 94.3037                 9.15625                 89.7195               1.1717046
0.069400                 93.9162                 9.16041                 89.8125              1.15144758
0.069900                 93.5043                 9.16285                 89.8777              1.13135688
0.070400                  93.062                 9.16371                 89.9083              1.11138804
0.070900                 92.5938                 9.16282                 89.9077              1.09157886
0.071390                 92.0976                 9.15892                 89.8752              1.07188776
0.071890                 91.5748                 9.15113                   89.81              1.05235038
0.072390                 91.0224                 9.13842                 89.7088               1.0329327
0.072890                 90.4457                 9.12115                 89.5787              1.01366136
0.073380                 89.8397                  9.1011                  89.412              0.99450774
0.073880                 89.2066                 9.08047                 89.2114              0.97549542
0.074380                 88.5447                 9.06148                 88.9762              0.95659974
0.074880                 87.8552                 9.04627                 88.7077              0.93783888
0.075370                 87.1347                 9.03437                 88.4028              0.91919286
0.075870                 86.3844                  9.0235                  88.062               0.9006768
0.076370                 85.6031                 9.01028                 87.6856              0.88227504
0.076870                 84.7911                 8.99128                 87.2745              0.86399874
0.077360                 83.9472                 8.96372                 86.8261              0.84583386
0.077860                 83.0716                 8.92662                 86.3406              0.82779066
0.078360                 82.1635                 8.88163                 85.8174              0.80985852
0.078860                 81.2237                 8.83138                 85.2591              0.79204158
0.079350                 80.2512                 8.77849                 84.6624              0.77433318
0.079850                 78.9951                 8.74252                 84.0274              0.75673818
0.080350                 77.7241                 8.70265                  83.354               0.7392528
0.080850                 76.6282                 8.64445                 82.6416              0.72187272
0.081340                 75.5051                 8.58303                 81.8908              0.70460028
0.081840                  74.355                 8.51843                 81.1017              0.68743134
0.082340                  73.178                 8.45062                 80.2734              0.67036914
0.082840                 71.9736                 8.37952                 79.4045               0.6534063
0.083330                 70.7965                 8.31589                 78.6046              0.63725256
0.083830                 69.7897                 8.28845                 78.1748              0.62377848
0.084330                  68.768                 8.26033                 77.7335              0.61049358
0.084830                 67.7228                 8.22992                 77.2635               0.5972805
0.085320                 66.6557                 8.19737                 76.7661              0.58414986
0.085820                 65.5654                 8.16256                 76.2398              0.57108978
0.086320                 64.4534                 8.12559                 75.6854              0.55810926
0.086820                 63.3182                 8.08632                 75.1006              0.54519858
0.087310                 62.1617                 8.04491                 74.4874              0.53236908
0.087810                 60.9821                  8.0012                 73.8439              0.51960456
0.088310                 59.7817                 7.95537                 73.1713              0.50691888
0.088810                 58.5583                 7.90723                 72.4679              0.49429674
0.089300                 57.3144                   7.857                 71.7354              0.48175344
0.089800                 56.0478                 7.80447                70.97136               0.4692708
0.090300                 54.7611                 7.74985                70.17828              0.45686646
0.090800                 53.4519                 7.69294                69.35334              0.44452062
0.091290                 52.1228                 7.63396                 68.4984              0.43225146
0.091790                 50.7714                 7.57267                67.61133              0.42004044
0.092290                   49.57                 7.50934                66.79791              0.40875624
0.092790                 49.1185                 7.44376                66.42784              0.40137228
0.093280                 48.6701                  7.3761                66.04678              0.39409326
0.093780                 48.2115                 7.30621                65.64502              0.38684952
0.094280                 47.7436                 7.23425                 65.2242              0.37964736
0.094780                 47.2657                 7.16009                64.78287              0.37247994
0.095270                 46.7785                 7.08386                64.32192              0.36535302
0.095770                 46.2816                 7.00544                63.84018              0.35826012
0.096270                 45.7754                 6.92496                63.33862              0.35120664
0.096770                 45.2596                 6.84232                62.81638              0.34418718
0.097260                 44.7347                 6.75761                62.27374               0.3372057
0.097760                 44.2004                 6.67077                61.71017              0.33025806
0.098260                  43.657                 6.58186                61.12581              0.32334696
0.098760                 43.1043                 6.49085                60.52059              0.31646988
0.099250                 42.5426                 6.39778                59.89423               0.3096279
0.099750                 41.9718                 6.30263                59.24676              0.30281976