channel                 nue_Ar40             nuebar_Ar40                      nc                       e
E                                                                                                       
0.000749                       0                       0                       0                       0
0.001246                       0                       0                       0                       0
0.001744                       0                       0                       0                       0
0.002241                       0                       0                       0                       0
0.002739                       0                       0                       0                       0
0.003236                       0                       0                       0                       0
0.003734                       0                       0                       0                       0
0.004231                       0                       0                       0                       0
0.004729                       0                       0                       0                       0
0.005226                 12.9117               0.0960409                134.1274               44.205354
0.005724                 16.1488                0.159848                216.8565               41.912874
0.006221                 19.8261                0.249418                 319.111               39.749598
0.006719                 23.9414                0.365997                428.1001                37.70379
0.007216                 28.4876                0.507763                525.1097               35.767872
0.007714                 33.4547                0.670619                591.5454               33.936282
0.008211                 38.8279                0.849829                616.1682                32.20461
0.008709                 44.5845                 1.04163                599.6433               30.568194
0.009206                 50.6918                 1.24413                553.7871               29.022012
0.009704                 57.1065                 1.45715                 496.114               27.560862
0.010200                 63.7774                  1.6816                442.8194                26.17956
0.010700                 70.6479                 1.91864                403.6868                24.87321
0.011200                 77.6599                 2.16919                380.6938               23.637222
0.011690                 84.7563                 2.43372                369.8379              22.4673696
0.012190                 91.8828                 2.71223                364.4336               21.359745
0.012690                 98.9889                 3.00436                358.1424              20.3108634
0.013190                 106.027                 3.30939                346.8033              19.3173354
0.013680                 112.955                 3.62633                328.9567              18.3761496
0.014180                 119.731                 3.95393                305.4412              17.4843666
0.014680                 126.319                 4.29077                278.5515              16.6392648
0.015180                 132.685                  4.6353                251.1303               15.838254
0.015670                 138.802                 4.98589                225.8244              15.0789006
0.016170                 144.646                  5.3409                204.5983               14.358861
0.016670                   150.2                 5.69875                188.5198              13.6759464
0.017170                 155.453                 6.05795                 177.776              13.0280904
0.017660                 160.397                  6.4171                171.8366              12.4133382
0.018160                  165.03                 6.77492                169.7041              11.8298412
0.018660                 169.354                 7.13027                170.1619              11.2758894
0.019160                 173.372                 7.48212                171.9864               10.749825
0.019650                  177.09                 7.82954                174.0924              10.2501324
0.020150                 180.515                 8.17172                175.6155                9.775341
0.020650                 183.655                 8.50793                175.9403               9.3241116
0.021150                 186.517                 8.83754                 174.692               8.8951626
0.021640                  189.11                 9.15999                171.7079               8.4872736
0.022140                 191.441                 9.47481                166.9974                8.099316
0.022640                 193.521                 9.78156                160.7009                7.730235
0.023140                 195.358                 10.0799                 153.051                7.379037
0.023630                  196.96                 10.3695                144.3372                7.044786
0.024130                 198.338                   10.65                134.8744               6.7265802
0.024630                   199.5                 10.9213                124.9776                6.423642
0.025130                 200.456                 11.1831                114.9408               6.1351722
0.025620                 201.215                 11.4352                105.0237                5.860449
0.026120                 201.787                 11.6773                 95.4392               5.5987956
0.026620                 202.182                 11.9095                   86.35               5.3495604
0.027120                 202.409                 12.1314                 77.8706               5.1121278
0.027610                 202.478                  12.343                 70.0672                4.885947
0.028110                 202.396                 12.5441                62.96633               4.6704582
0.028610                 202.174                 12.7346                56.56149               4.4651322
0.029110                 201.819                 12.9144                50.82111               4.2694902
0.029600                 201.341                 13.0834                45.69675               4.0830462
0.030100                 200.747                 13.2416                41.13011                3.905361
0.030600                 200.044                 13.3889                37.05905               3.7360224
0.031100                 199.241                 13.5252                33.42195               3.5745858
0.031590                 198.343                 13.6506                30.16115               3.4207002
0.032090                 197.359                 13.7651                27.22473               3.2739642
0.032590                 196.295                 13.8686                24.56775               3.1340466
0.033090                 195.156                 13.9614                22.15226               3.0006072
0.033580                 193.948                 14.0435                19.94708               2.8733256
0.034080                 192.677                 14.1149                17.92703               2.7518958
0.034580                 191.348                  14.176                16.07221               2.6360316
0.035080                 189.966                 14.2268                14.36697               2.5254576
0.035570                 188.535                 14.2676                12.79896               2.4199128
0.036070                 187.059                 14.2986                11.35852              2.31914898
0.036570                 185.542                 14.3201                 10.0378               2.2229289
0.037070                 183.987                 14.3324                 8.83026              2.13103278
0.037560                 182.397                 14.3358                 7.73017              2.04324768
0.038060                 180.776                 14.3306                  6.7323              1.95937164
0.038560                 179.124                 14.3173                5.831527              1.87921692
0.039060                 177.446                 14.2961                5.022819              1.80260118
0.039550                 175.742                 14.2675                4.300986              1.72935432
0.040050                 174.015                 14.2319                3.660686              1.65931452
0.040550                 172.266                 14.1897                3.096099               1.5923313
0.041050                 170.496                 14.1412                2.602342              1.52825598
0.041540                 168.709                  14.087                2.173213               1.4669559
0.042040                 166.903                 14.0275                1.802891              1.40829642
0.042540                 165.082                  13.963                1.485681              1.35215982
0.043040                 163.247                 13.8941                1.215998              1.29842532
0.043530                 161.398                  13.821                0.988463              1.24698168
0.044030                 159.538                 13.7442                0.797961                1.197729
0.044530                 157.667                 13.6641               0.6396916              1.15056306
0.045030                 155.788                 13.5811               0.5092247              1.10539242
0.045520                 153.901                 13.4954               0.4025133              1.06212672
0.046020                 152.009                 13.4075               0.3159135              1.02068028
0.046520                 150.113                 13.3177               0.2461849              0.98097282
0.047020                 148.215                 13.2262               0.1904802              0.94292604
0.047510                 146.316                 13.1334               0.1463271              0.90646866
0.048010                 144.419                 13.0394               0.1115161               0.8715312
0.048510                 142.526                 12.9445               0.0844487              0.83804328
0.049010                 140.638                 12.8489              0.06349824              0.80594622
0.049500                 138.756                 12.7529              0.04740015              0.77517648
0.050000                 136.884                 12.6564              0.03512759              0.74567718
0.050500                 135.023                 12.5598              0.02584442              0.71739342
0.051000                 133.175                  12.463              0.01887713              0.69027372
0.051490                  131.34                 12.3663              0.01368845               0.6642657
0.051990                 129.522                 12.2696              0.00985424              0.63932256
0.052490                 127.722                  12.173              0.00704276              0.61539678
0.052990                 125.941                 12.0766             0.004997025              0.59244678
0.053480                 124.181                 11.9803               0.0035199               0.5704272
0.053980                 122.442                 11.8842             0.002461498              0.54930204
0.054480                 120.727                 11.7883             0.001708907               0.5290272
0.054980                 119.036                 11.6925             0.001177846              0.50957046
0.055470                  117.37                 11.5969              0.00080595              0.49089438
0.055970                 115.729                 11.5013            0.0005474908              0.47296638
0.056470                 114.115                 11.4057            0.0003692296              0.45575208
0.056970                 112.529                 11.3102            0.0002472098              0.43922016
0.057460                 110.969                 11.2145            0.0001643183               0.4233429
0.057960                 109.437                 11.1188            0.0001084314              0.40809204
0.058460                 107.933                 11.0228            3.023846e-05              0.39343752
0.058960                 106.456                 10.9265                       0               0.3793554
0.059450                 105.007                   10.83                       0              0.36582084
0.059950                 103.584                 10.7331                       0              0.35280846
0.060450                 102.189                 10.6357                       0              0.34029648
0.060950                  100.82                 10.5378                       0              0.32826222
0.061440                 99.4769                 10.4394                       0              0.31668642
0.061940                 98.1588                 10.3404                       0              0.30554838
0.062440                  96.865                 10.2408                       0              0.29482884
0.062940                  95.595                 10.1405                       0              0.28450998
0.063430                 94.3476                 10.0396                       0              0.27457452
0.063930                 93.1222                 9.93785                       0              0.26500572
0.064430                 91.9178                  9.8354                       0              0.25578792
0.064930                 90.7334                 9.73219                       0                0.246906
0.065420                  89.568                 9.62821                       0             0.238345848
0.065920                 88.4208                 9.52346                       0             0.230094054
0.066420                 87.2907                 9.41793                       0             0.222137388
0.066920                 86.1767                 9.31163                       0              0.21446334
0.067410                 85.0779                 9.20457                       0             0.207060822
0.067910                 83.9933                 9.09677                       0             0.199917954
0.068410                 82.9219                 8.98824                       0             0.193024512
0.068910                  81.863                   8.879                       0             0.186370344
0.069400                 80.8155                 8.76909                       0             0.179945928
0.069900                 79.7787                 8.65852                       0             0.173741706
0.070400                 78.7518                 8.54733                       0             0.167749506
0.070900                  77.734                 8.43556                       0             0.161960724
0.071390                 76.7245                 8.32323                       0             0.156367656
0.071890                 75.7227                 8.21038                       0             0.150962778
0.072390                 74.7279                 8.09706                       0             0.145739034
0.072890                 73.7396                  7.9833                       0              0.14068962
0.073380                 72.7572                 7.86915                       0             0.135808074
0.073880                 71.7802                 7.75464                       0              0.13108824
0.074380                 70.8081                 7.63982                       0             0.126524304
0.074880                 69.8406                 7.52472                       0             0.122110686
0.075370                 68.8773                 7.40941                       0             0.117841914
0.075870                 67.9178                 7.29391                       0             0.113713218
0.076370                 66.9619                 7.17826                       0             0.109719594
0.076870                 66.0093                 7.06253                       0             0.105856542
0.077360                 65.0599                 6.94673                       0             0.102119436
0.077860                 64.1134                 6.83093                       0             0.098504136
0.078360                 63.1697                 6.71516                       0               0.0950067
0.078860                 62.2288                 6.59946                       0             0.091623168
0.079350                 61.2905                 6.48387                       0             0.088349742
0.079850                 60.3549                 6.36844                       0             0.085182894
0.080350                 59.4219                 6.25321                       0              0.08211942
0.080850                 58.4915                 6.13822                       0             0.079155648
0.081340                 57.5638                 6.02351                       0              0.07628886
0.081840                 56.6388                 5.90912                       0             0.073515546
0.082340                 55.7167                 5.79508                       0             0.070833186
0.082840                 54.7975                 5.68145                       0             0.068238774
0.083330                 53.8812                 5.56825                       0             0.065729556
0.083830                 52.9682                 5.45553                       0             0.063302922
0.084330                 52.0584                 5.34333                       0             0.060956514
0.084830                 51.1522                 5.23168                       0             0.058687542
0.085320                 50.2495                 5.12062                       0             0.056493864
0.085820                 49.3506                 5.01019                       0             0.054373284
0.086320                 48.4557                 4.90043                       0             0.052323408
0.086820                  47.565                 4.79138                       0             0.050342184
0.087310                 46.6787                 4.68307                       0             0.048427344
0.087810                 45.7969                 4.57554                       0             0.046577142
0.088310                 44.9199                 4.46883                       0             0.044789454
0.088810                 44.0479                 4.36297                       0             0.043062588
0.089300                  43.181                   4.258                       0              0.04139433
0.089800                 42.3196                 4.15396                       0             0.039783258
0.090300                 41.4638                 4.05087                       0             0.038227428
0.090800                 40.6138                 3.94878                       0             0.036725148
0.091290                 39.7699                 3.84773                       0              0.03527505
0.091790                 38.9322                 3.74773                       0             0.033875316
0.092290                  38.101                 3.64883                       0             0.032524398
0.092790                 37.2764                 3.55107                       0              0.03122082
0.093280                 36.4588                 3.45446                       0             0.029963178
0.093780                 35.6482                 3.35905                       0             0.028750158
0.094280                 34.8449                 3.26486                       0             0.027580176
0.094780                 34.0492                 3.17192                       0              0.02645199
0.095270                 33.2611                 3.08027                       0             0.025364286
0.095770                 32.4809                 2.98993                       0              0.02431584
0.096270                 31.7088                 2.90092                       0            0.0233053758
0.096770                 30.9449                 2.81327                       0            0.0223317144
0.097260                 30.1895                 2.72701                       0            0.0213937254
0.097760                 29.4427                 2.64216                       0            0.0204902424
0.098260                 28.7047                 2.55874                       0            0.0196201818
0.098760                 27.9757                 2.47677                       0            0.0187824834
0.099250                 27.2558                 2.39627                       0            0.0179760852
0.099750                 27.2558                 2.39627                       0            0.0179760852