# TBinMid=2.5515 ssec TBinWidth=0.1 ss EBinWidth=0.2MeV Fluence at Earth for this timebin in neutrinos per cm^2
# E(GeV)	NuE	NuMu	NuTau	aNuE	aNuMu	aNuTau
   1.38589050E-13   8.17679105E+17   6.34264209E+17   6.34264209E+17   5.79494558E+17   7.68540492E+17   7.68540492E+17
   2.00000000E-04   1.46211392E+09   1.13414483E+09   1.13414483E+09   1.03620975E+09   1.37424785E+09   1.37424785E+09
   4.00000000E-04   7.45772845E+08   5.78487356E+08   5.78487356E+08   5.28534119E+08   7.00955455E+08   7.00955455E+08
   6.00000000E-04   5.02920725E+08   3.90109780E+08   3.90109780E+08   3.56423225E+08   4.72697589E+08   4.72697589E+08
   8.00000000E-04   3.80244366E+08   2.94951150E+08   2.94951150E+08   2.69481683E+08   3.57393494E+08   3.57393494E+08
   1.00000000E-03   3.06090476E+08   2.37430836E+08   2.37430836E+08   2.16928333E+08   2.87695899E+08   2.87695899E+08
   1.20000000E-03   2.56365658E+08   1.98859871E+08   1.98859871E+08   1.81688028E+08   2.40959305E+08   2.40959305E+08
   1.40000000E-03   3.00642752E+08   2.79971523E+08   2.79971523E+08   2.09859900E+08   2.80120080E+08   2.80120080E+08
   1.60000000E-03   3.35884996E+08   3.73761534E+08   3.73761534E+08   2.31370425E+08   3.10011221E+08   3.10011221E+08
   1.80000000E-03   3.55730675E+08   4.33244421E+08   4.33244421E+08   2.43142784E+08   3.26520824E+08   3.26520824E+08
   2.00000000E-03   5.66484795E+08   5.75943405E+08   5.75943405E+08   3.84092767E+08   5.23395060E+08   5.23395060E+08
   2.20000000E-03   7.26203517E+08   8.58408402E+08   8.58408402E+08   4.85350367E+08   6.64941139E+08   6.64941139E+08
   2.40000000E-03   8.45964040E+08   1.14456918E+09   1.14456918E+09   5.58862805E+08   7.67800890E+08   7.67800890E+08
   2.60000000E-03   9.33972229E+08   1.36026139E+09   1.36026139E+09   6.12640875E+08   8.43135294E+08   8.43135294E+08
   2.80000000E-03   1.15519942E+09   1.60594456E+09   1.60594456E+09   8.09796510E+08   1.05783015E+09   1.05783015E+09
   3.00000000E-03   1.36655875E+09   1.81673989E+09   1.81673989E+09   1.00367792E+09   1.26511393E+09   1.26511393E+09
   3.20000000E-03   1.53404375E+09   1.98194670E+09   1.98194670E+09   1.15832138E+09   1.42967240E+09   1.42967240E+09
   3.40000000E-03   1.67005004E+09   2.17036813E+09   2.17036813E+09   1.28236446E+09   1.56096547E+09   1.56096547E+09
   3.60000000E-03   1.78256692E+09   2.40590955E+09   2.40590955E+09   1.38224756E+09   1.66603960E+09   1.66603960E+09
   3.80000000E-03   1.87272154E+09   2.59841155E+09   2.59841155E+09   1.46284906E+09   1.75022675E+09   1.75022675E+09
   4.00000000E-03   2.00116264E+09   2.78552133E+09   2.78552133E+09   1.61705068E+09   1.88256768E+09   1.88256768E+09
   4.20000000E-03   2.14107326E+09   2.95786106E+09   2.95786106E+09   1.79992167E+09   2.03136501E+09   2.03136501E+09
   4.40000000E-03   2.25781841E+09   3.10098803E+09   3.10098803E+09   1.95462603E+09   2.15604511E+09   2.15604511E+09
   4.60000000E-03   2.35530832E+09   3.21986490E+09   3.21986490E+09   2.08581954E+09   2.26065460E+09   2.26065460E+09
   4.80000000E-03   2.43669273E+09   3.31848616E+09   3.31848616E+09   2.19726180E+09   2.34845538E+09   2.34845538E+09
   5.00000000E-03   2.50453006E+09   3.40009386E+09   3.40009386E+09   2.29201434E+09   2.42209885E+09   2.42209885E+09
   5.20000000E-03   2.56091427E+09   3.46733946E+09   3.46733946E+09   2.37258942E+09   2.48375671E+09   2.48375671E+09
   5.40000000E-03   2.60751205E+09   3.52110340E+09   3.52110340E+09   2.44106317E+09   2.53522024E+09   2.53522024E+09
   5.60000000E-03   2.64567681E+09   3.56147399E+09   3.56147399E+09   2.49916239E+09   2.57797645E+09   2.57797645E+09
   5.80000000E-03   2.67837425E+09   3.59427469E+09   3.59427469E+09   2.56804448E+09   2.61915032E+09   2.61915032E+09
   6.00000000E-03   2.70617422E+09   3.62049114E+09   3.62049114E+09   2.64365330E+09   2.65821239E+09   2.65821239E+09
   6.20000000E-03   2.72846514E+09   3.64038208E+09   3.64038208E+09   2.70926812E+09   2.69074407E+09   2.69074407E+09
   6.40000000E-03   2.74599206E+09   3.65482564E+09   3.65482564E+09   2.76614062E+09   2.71760430E+09   2.71760430E+09
   6.60000000E-03   2.75938929E+09   3.66456797E+09   3.66456797E+09   2.81534262E+09   2.73952584E+09   2.73952584E+09
   6.80000000E-03   2.76919898E+09   3.67024563E+09   3.67024563E+09   2.85779571E+09   2.75713633E+09   2.75713633E+09
   7.00000000E-03   2.77588633E+09   3.67240370E+09   3.67240370E+09   2.89429549E+09   2.77097549E+09   2.77097549E+09
   7.20000000E-03   2.77985189E+09   3.67151051E+09   3.67151051E+09   2.92553133E+09   2.78150908E+09   2.78150908E+09
   7.40000000E-03   2.78144165E+09   3.66796977E+09   3.66796977E+09   2.95210258E+09   2.78914038E+09   2.78914038E+09
   7.60000000E-03   2.78095545E+09   3.66213053E+09   3.66213053E+09   2.97453210E+09   2.79421970E+09   2.79421970E+09
   7.80000000E-03   2.77865384E+09   3.65429538E+09   3.65429538E+09   2.99327734E+09   2.79705219E+09   2.79705219E+09
   8.00000000E-03   2.77476384E+09   3.64472736E+09   3.64472736E+09   3.00873976E+09   2.79790445E+09   2.79790445E+09
   8.20000000E-03   2.76948376E+09   3.63365563E+09   3.63365563E+09   3.02127258E+09   2.79700997E+09   2.79700997E+09
   8.40000000E-03   2.75765207E+09   3.61849158E+09   3.61849158E+09   3.02596471E+09   2.78917218E+09   2.78917218E+09
   8.60000000E-03   2.72647499E+09   3.59195280E+09   3.59195280E+09   3.01043217E+09   2.76149256E+09   2.76149256E+09
   8.80000000E-03   2.69453062E+09   3.53353431E+09   3.53353431E+09   2.99437354E+09   2.73423563E+09   2.73423563E+09
   9.00000000E-03   2.66334626E+09   3.47720105E+09   3.47720105E+09   2.97787804E+09   2.70740993E+09   2.70740993E+09
   9.20000000E-03   2.63290076E+09   3.42283994E+09   3.42283994E+09   2.96102364E+09   2.68102089E+09   2.68102089E+09
   9.40000000E-03   2.60317294E+09   3.37034518E+09   3.37034518E+09   2.94387856E+09   2.65507137E+09   2.65507137E+09
   9.60000000E-03   2.57414176E+09   3.31961856E+09   3.31961856E+09   2.92650253E+09   2.62956206E+09   2.62956206E+09
   9.80000000E-03   2.54578648E+09   3.27056875E+09   3.27056875E+09   2.90894786E+09   2.60449192E+09   2.60449192E+09
   1.00000000E-02   2.51808670E+09   3.22311073E+09   3.22311073E+09   2.89126045E+09   2.57985844E+09   2.57985844E+09
   1.02000000E-02   2.49102245E+09   3.17716525E+09   3.17716525E+09   2.87348052E+09   2.55565791E+09   2.55565791E+09
   1.04000000E-02   2.46457423E+09   3.13265832E+09   3.13265832E+09   2.85564335E+09   2.53188566E+09   2.53188566E+09
   1.06000000E-02   2.43872305E+09   3.08952080E+09   3.08952080E+09   2.83777989E+09   2.50853624E+09   2.50853624E+09
   1.08000000E-02   2.41345047E+09   3.04768798E+09   3.04768798E+09   2.81991726E+09   2.48560355E+09   2.48560355E+09
   1.10000000E-02   2.38873857E+09   3.00709925E+09   3.00709925E+09   2.80207922E+09   2.46308100E+09   2.46308100E+09
   1.12000000E-02   2.36457000E+09   2.96769779E+09   2.96769779E+09   2.78428658E+09   2.44096164E+09   2.44096164E+09
   1.14000000E-02   2.34092796E+09   2.92943022E+09   2.92943022E+09   2.76655753E+09   2.41923818E+09   2.41923818E+09
   1.16000000E-02   2.31779620E+09   2.89224639E+09   2.89224639E+09   2.74890795E+09   2.39790315E+09   2.39790315E+09
   1.18000000E-02   2.29515904E+09   2.85609913E+09   2.85609913E+09   2.73135166E+09   2.37694893E+09   2.37694893E+09
   1.20000000E-02   2.27300131E+09   2.82094400E+09   2.82094400E+09   2.71390071E+09   2.35636778E+09   2.35636778E+09
   1.22000000E-02   2.25130838E+09   2.78673914E+09   2.78673914E+09   2.69656551E+09   2.33615194E+09   2.33615194E+09
   1.24000000E-02   2.21610597E+09   2.74614791E+09   2.74614791E+09   2.66056929E+09   2.30095982E+09   2.30095982E+09
   1.26000000E-02   2.17530342E+09   2.70327442E+09   2.70327442E+09   2.61657255E+09   2.25948412E+09   2.25948412E+09
   1.28000000E-02   2.13586316E+09   2.66172962E+09   2.66172962E+09   2.57397807E+09   2.21938132E+09   2.21938132E+09
   1.30000000E-02   2.09771967E+09   2.62145253E+09   2.62145253E+09   2.53272031E+09   2.18058570E+09   2.18058570E+09
   1.32000000E-02   2.06081150E+09   2.58238585E+09   2.58238585E+09   2.49273771E+09   2.14303564E+09   2.14303564E+09
   1.34000000E-02   2.02508097E+09   2.54447567E+09   2.54447567E+09   2.45397245E+09   2.10667331E+09   2.10667331E+09
   1.36000000E-02   1.99047392E+09   2.50767126E+09   2.50767126E+09   2.41637011E+09   2.07144434E+09   2.07144434E+09
   1.38000000E-02   1.95693942E+09   2.47192481E+09   2.47192481E+09   2.37987949E+09   2.03729763E+09   2.03729763E+09
   1.40000000E-02   1.92371493E+09   2.42145855E+09   2.42145855E+09   2.34445232E+09   2.00418506E+09   2.00418506E+09
   1.42000000E-02   1.89139298E+09   2.37026925E+09   2.37026925E+09   2.31004308E+09   1.97206129E+09   1.97206129E+09
   1.44000000E-02   1.86004096E+09   2.32073751E+09   2.32073751E+09   2.27660880E+09   1.94088358E+09   1.94088358E+09
   1.46000000E-02   1.82961704E+09   2.27278879E+09   2.27278879E+09   2.24410891E+09   1.91061159E+09   1.91061159E+09
   1.48000000E-02   1.80008175E+09   2.22635286E+09   2.22635286E+09   2.21250501E+09   1.88120721E+09   1.88120721E+09
   1.50000000E-02   1.77139779E+09   2.18136345E+09   2.18136345E+09   2.18176082E+09   1.85263444E+09   1.85263444E+09
   1.52000000E-02   1.74352987E+09   2.13775802E+09   2.13775802E+09   2.15184195E+09   1.82485920E+09   1.82485920E+09
   1.54000000E-02   1.71644464E+09   2.09547749E+09   2.09547749E+09   2.12271582E+09   1.79784924E+09   1.79784924E+09
   1.56000000E-02   1.69011047E+09   2.05446600E+09   2.05446600E+09   2.09435155E+09   1.77157402E+09   1.77157402E+09
   1.58000000E-02   1.66449744E+09   2.01467071E+09   2.01467071E+09   2.06671982E+09   1.74600456E+09   1.74600456E+09
   1.60000000E-02   1.63957715E+09   1.97604159E+09   1.97604159E+09   2.03979282E+09   1.72111340E+09   1.72111340E+09
   1.62000000E-02   1.61532265E+09   1.93853124E+09   1.93853124E+09   2.01354408E+09   1.69687446E+09   1.69687446E+09
   1.64000000E-02   1.59170836E+09   1.90209474E+09   1.90209474E+09   1.98794849E+09   1.67326296E+09   1.67326296E+09
   1.66000000E-02   1.56870997E+09   1.86668947E+09   1.86668947E+09   1.96298211E+09   1.65025535E+09   1.65025535E+09
   1.68000000E-02   1.54630439E+09   1.83227496E+09   1.83227496E+09   1.93862218E+09   1.62782925E+09   1.62782925E+09
   1.70000000E-02   1.52446962E+09   1.79881280E+09   1.79881280E+09   1.91484702E+09   1.60596333E+09   1.60596333E+09
   1.72000000E-02   1.50318475E+09   1.76626646E+09   1.76626646E+09   1.89163595E+09   1.58463731E+09   1.58463731E+09
   1.74000000E-02   1.48242986E+09   1.73460122E+09   1.73460122E+09   1.86896928E+09   1.56383185E+09   1.56383185E+09
   1.76000000E-02   1.46218595E+09   1.70378404E+09   1.70378404E+09   1.84682820E+09   1.54352852E+09   1.54352852E+09
   1.78000000E-02   1.44243493E+09   1.67378346E+09   1.67378346E+09   1.82519475E+09   1.52370974E+09   1.52370974E+09
   1.80000000E-02   1.42312623E+09   1.64455211E+09   1.64455211E+09   1.80400348E+09   1.50432133E+09   1.50432133E+09
   1.82000000E-02   1.39352685E+09   1.61045982E+09   1.61045982E+09   1.76764478E+09   1.47330152E+09   1.47330152E+09
   1.84000000E-02   1.36447402E+09   1.57715230E+09   1.57715230E+09   1.73189030E+09   1.44283311E+09   1.44283311E+09
   1.86000000E-02   1.33619471E+09   1.54473008E+09   1.54473008E+09   1.69708164E+09   1.41317452E+09   1.41317452E+09
   1.88000000E-02   1.30866107E+09   1.51316132E+09   1.51316132E+09   1.66318487E+09   1.38429663E+09   1.38429663E+09
   1.90000000E-02   1.28184655E+09   1.48241564E+09   1.48241564E+09   1.63016760E+09   1.35617166E+09   1.35617166E+09
   1.92000000E-02   1.25572578E+09   1.45246405E+09   1.45246405E+09   1.59799890E+09   1.32877307E+09   1.32877307E+09
   1.94000000E-02   1.23027454E+09   1.42327883E+09   1.42327883E+09   1.56664925E+09   1.30207551E+09   1.30207551E+09
   1.96000000E-02   1.20546966E+09   1.39483350E+09   1.39483350E+09   1.53609040E+09   1.27605477E+09   1.27605477E+09
   1.98000000E-02   1.18128902E+09   1.36710274E+09   1.36710274E+09   1.50629536E+09   1.25068768E+09   1.25068768E+09
   2.00000000E-02   1.15771143E+09   1.34006232E+09   1.34006232E+09   1.47723829E+09   1.22595208E+09   1.22595208E+09
   2.02000000E-02   1.13471662E+09   1.31368907E+09   1.31368907E+09   1.44889447E+09   1.20182676E+09   1.20182676E+09
   2.04000000E-02   1.11228520E+09   1.28796080E+09   1.28796080E+09   1.42124025E+09   1.17829144E+09   1.17829144E+09
   2.06000000E-02   1.09039859E+09   1.26285625E+09   1.26285625E+09   1.39425294E+09   1.15532667E+09   1.15532667E+09
   2.08000000E-02   1.06903896E+09   1.23835505E+09   1.23835505E+09   1.36791082E+09   1.13291381E+09   1.13291381E+09
   2.10000000E-02   1.04818927E+09   1.21443767E+09   1.21443767E+09   1.34219307E+09   1.11103500E+09   1.11103500E+09
   2.12000000E-02   1.02783314E+09   1.19108540E+09   1.19108540E+09   1.31707971E+09   1.08967312E+09   1.08967312E+09
   2.14000000E-02   1.00795486E+09   1.16828027E+09   1.16828027E+09   1.29255158E+09   1.06881174E+09   1.06881174E+09
   2.16000000E-02   9.88539376E+08   1.14600504E+09   1.14600504E+09   1.26859029E+09   1.04843509E+09   1.04843509E+09
   2.18000000E-02   9.69572213E+08   1.12424317E+09   1.12424317E+09   1.24517818E+09   1.02852803E+09   1.02852803E+09
   2.20000000E-02   9.51039480E+08   1.10297876E+09   1.10297876E+09   1.22229829E+09   1.00907602E+09   1.00907602E+09
   2.22000000E-02   9.32927829E+08   1.08219653E+09   1.08219653E+09   1.19993432E+09   9.90065096E+08   9.90065096E+08
   2.24000000E-02   9.15171024E+08   1.06070601E+09   1.06070601E+09   1.17807062E+09   9.71481827E+08   9.71481827E+08
   2.26000000E-02   8.97798045E+08   1.03940263E+09   1.03940263E+09   1.15669213E+09   9.53313309E+08   9.53313309E+08
   2.28000000E-02   8.80810850E+08   1.01857707E+09   1.01857707E+09   1.13578435E+09   9.35547127E+08   9.35547127E+08
   2.30000000E-02   8.64197973E+08   9.98215057E+08   9.98215057E+08   1.11533335E+09   9.18171338E+08   9.18171338E+08
   2.32000000E-02   8.47948377E+08   9.78302864E+08   9.78302864E+08   1.09532573E+09   9.01174449E+08   9.01174449E+08
   2.34000000E-02   8.32051442E+08   9.58827277E+08   9.58827277E+08   1.07574856E+09   8.84545392E+08   8.84545392E+08
   2.36000000E-02   8.16496935E+08   9.39775572E+08   9.39775572E+08   1.05658941E+09   8.68273514E+08   8.68273514E+08
   2.38000000E-02   8.01275004E+08   9.21135493E+08   9.21135493E+08   1.03783630E+09   8.52348547E+08   8.52348547E+08
   2.40000000E-02   7.86376153E+08   9.02895231E+08   9.02895231E+08   1.01947769E+09   8.36760602E+08   8.36760602E+08
   2.42000000E-02   7.71791229E+08   8.85043407E+08   8.85043407E+08   1.00150244E+09   8.21500142E+08   8.21500142E+08
   2.44000000E-02   7.57511409E+08   8.67569049E+08   8.67569049E+08   9.83899817E+08   8.06557975E+08   8.06557975E+08
   2.46000000E-02   7.43528182E+08   8.50461578E+08   8.50461578E+08   9.66659479E+08   7.91925236E+08   7.91925236E+08
   2.48000000E-02   7.29833337E+08   8.33710787E+08   8.33710787E+08   9.49771436E+08   7.77593369E+08   7.77593369E+08
   2.50000000E-02   7.16418953E+08   8.17306830E+08   8.17306830E+08   9.33226049E+08   7.63554120E+08   7.63554120E+08
   2.52000000E-02   7.03277381E+08   8.01240203E+08   8.01240203E+08   9.17014015E+08   7.49799521E+08   7.49799521E+08
   2.54000000E-02   6.90401237E+08   7.85501729E+08   7.85501729E+08   9.01126350E+08   7.36321880E+08   7.36321880E+08
   2.56000000E-02   6.77783392E+08   7.70082549E+08   7.70082549E+08   8.85554376E+08   7.23113764E+08   7.23113764E+08
   2.58000000E-02   6.65416955E+08   7.54974103E+08   7.54974103E+08   8.70289711E+08   7.10167997E+08   7.10167997E+08
   2.60000000E-02   6.53295271E+08   7.40168123E+08   7.40168123E+08   8.55324252E+08   6.97477641E+08   6.97477641E+08
   2.62000000E-02   6.41411905E+08   7.25656617E+08   7.25656617E+08   8.40650169E+08   6.85035992E+08   6.85035992E+08
   2.64000000E-02   6.29760637E+08   7.11431859E+08   7.11431859E+08   8.26259890E+08   6.72836568E+08   6.72836568E+08
   2.66000000E-02   6.17577245E+08   6.97090056E+08   6.97090056E+08   8.10592606E+08   6.59915329E+08   6.59915329E+08
   2.68000000E-02   6.05516980E+08   6.82969533E+08   6.82969533E+08   7.94995350E+08   6.47101197E+08   6.47101197E+08
   2.70000000E-02   5.93690378E+08   6.69124019E+08   6.69124019E+08   7.79699628E+08   6.34535128E+08   6.34535128E+08
   2.72000000E-02   5.82091478E+08   6.55546485E+08   6.55546485E+08   7.64697757E+08   6.22210796E+08   6.22210796E+08
   2.74000000E-02   5.70714511E+08   6.42230125E+08   6.42230125E+08   7.49982299E+08   6.10122079E+08   6.10122079E+08
   2.76000000E-02   5.59553894E+08   6.29168353E+08   6.29168353E+08   7.35546055E+08   5.98263051E+08   5.98263051E+08
   2.78000000E-02   5.48604219E+08   6.16354791E+08   6.16354791E+08   7.21382053E+08   5.86627974E+08   5.86627974E+08
   2.80000000E-02   5.37860248E+08   6.03783263E+08   6.03783263E+08   7.07483542E+08   5.75211290E+08   5.75211290E+08
   2.82000000E-02   5.27316910E+08   5.91447784E+08   5.91447784E+08   6.93843978E+08   5.64007614E+08   5.64007614E+08
   2.84000000E-02   5.16969287E+08   5.79342558E+08   5.79342558E+08   6.80457026E+08   5.53011729E+08   5.53011729E+08
   2.86000000E-02   5.06812617E+08   5.67461967E+08   5.67461967E+08   6.67316540E+08   5.42218580E+08   5.42218580E+08
   2.88000000E-02   4.96842280E+08   5.55800565E+08   5.55800565E+08   6.54416568E+08   5.31623265E+08   5.31623265E+08
   2.90000000E-02   4.87053801E+08   5.44353072E+08   5.44353072E+08   6.41751336E+08   5.21221033E+08   5.21221033E+08
   2.92000000E-02   4.77442835E+08   5.33114369E+08   5.33114369E+08   6.29315244E+08   5.11007275E+08   5.11007275E+08
   2.94000000E-02   4.68005173E+08   5.22079489E+08   5.22079489E+08   6.17102862E+08   5.00977522E+08   5.00977522E+08
   2.96000000E-02   4.58736728E+08   5.11243616E+08   5.11243616E+08   6.05108921E+08   4.91127436E+08   4.91127436E+08
   2.98000000E-02   4.49633536E+08   5.00602075E+08   5.00602075E+08   5.93328308E+08   4.81452811E+08   4.81452811E+08
   3.00000000E-02   4.40691748E+08   4.90150330E+08   4.90150330E+08   5.81756061E+08   4.71949562E+08   4.71949562E+08
   3.02000000E-02   4.31907630E+08   4.79883978E+08   4.79883978E+08   5.70387364E+08   4.62613724E+08   4.62613724E+08
   3.04000000E-02   4.23277554E+08   4.69798744E+08   4.69798744E+08   5.59217540E+08   4.53441450E+08   4.53441450E+08
   3.06000000E-02   4.14798001E+08   4.59890476E+08   4.59890476E+08   5.48242047E+08   4.44429001E+08   4.44429001E+08
   3.08000000E-02   4.06465548E+08   4.50155143E+08   4.50155143E+08   5.37456474E+08   4.35572747E+08   4.35572747E+08
   3.10000000E-02   3.98276874E+08   4.40588830E+08   4.40588830E+08   5.26856535E+08   4.26869161E+08   4.26869161E+08
   3.12000000E-02   3.90228750E+08   4.31187729E+08   4.31187729E+08   5.16438067E+08   4.18314816E+08   4.18314816E+08
   3.14000000E-02   3.82318038E+08   4.21948145E+08   4.21948145E+08   5.06197024E+08   4.09906384E+08   4.09906384E+08
   3.16000000E-02   3.74541690E+08   4.12866484E+08   4.12866484E+08   4.96129473E+08   4.01640626E+08   4.01640626E+08
   3.18000000E-02   3.66896742E+08   4.03939252E+08   4.03939252E+08   4.86231590E+08   3.93514398E+08   3.93514398E+08
   3.20000000E-02   3.59380309E+08   3.95163052E+08   3.95163052E+08   4.76499658E+08   3.85524639E+08   3.85524639E+08
   3.22000000E-02   3.51989591E+08   3.86534583E+08   3.86534583E+08   4.66930062E+08   3.77668374E+08   3.77668374E+08
   3.24000000E-02   3.44721861E+08   3.78050632E+08   3.78050632E+08   4.57519285E+08   3.69942711E+08   3.69942711E+08
   3.26000000E-02   3.37574467E+08   3.69708074E+08   3.69708074E+08   4.48263906E+08   3.62344833E+08   3.62344833E+08
   3.28000000E-02   3.30544828E+08   3.61503869E+08   3.61503869E+08   4.39160599E+08   3.54872003E+08   3.54872003E+08
   3.30000000E-02   3.23630435E+08   3.53435060E+08   3.53435060E+08   4.30206123E+08   3.47521556E+08   3.47521556E+08
   3.32000000E-02   3.16828844E+08   3.45498767E+08   3.45498767E+08   4.21397328E+08   3.40290897E+08   3.40290897E+08
   3.34000000E-02   3.10137675E+08   3.37692189E+08   3.37692189E+08   4.12731144E+08   3.33177502E+08   3.33177502E+08
   3.36000000E-02   3.03554614E+08   3.30012598E+08   3.30012598E+08   4.04204584E+08   3.26178913E+08   3.26178913E+08
   3.38000000E-02   2.97077406E+08   3.22457338E+08   3.22457338E+08   3.95814741E+08   3.19292736E+08   3.19292736E+08
   3.40000000E-02   2.90703854E+08   3.15023823E+08   3.15023823E+08   3.87558780E+08   3.12516642E+08   3.12516642E+08
   3.42000000E-02   2.84431821E+08   3.07709532E+08   3.07709532E+08   3.79433944E+08   3.05848358E+08   3.05848358E+08
   3.44000000E-02   2.78259222E+08   3.00512013E+08   3.00512013E+08   3.71437544E+08   2.99285675E+08   2.99285675E+08
   3.46000000E-02   2.72184028E+08   2.93428875E+08   2.93428875E+08   3.63566961E+08   2.92826437E+08   2.92826437E+08
   3.48000000E-02   2.66204262E+08   2.86457789E+08   2.86457789E+08   3.55819644E+08   2.86468544E+08   2.86468544E+08
   3.50000000E-02   2.60317994E+08   2.79596484E+08   2.79596484E+08   3.48193106E+08   2.80209951E+08   2.80209951E+08
   3.52000000E-02   2.54523347E+08   2.72842748E+08   2.72842748E+08   3.40684923E+08   2.74048663E+08   2.74048663E+08
   3.54000000E-02   2.48818490E+08   2.66194425E+08   2.66194425E+08   3.33292731E+08   2.67982735E+08   2.67982735E+08
   3.56000000E-02   2.43201635E+08   2.59649411E+08   2.59649411E+08   3.26014228E+08   2.62010273E+08   2.62010273E+08
   3.58000000E-02   2.37680245E+08   2.53408255E+08   2.53408255E+08   3.18847166E+08   2.56129427E+08   2.56129427E+08
   3.60000000E-02   2.32303924E+08   2.48598444E+08   2.48598444E+08   3.11789353E+08   2.50338395E+08   2.50338395E+08
   3.62000000E-02   2.27009355E+08   2.43860524E+08   2.43860524E+08   3.04838654E+08   2.44635419E+08   2.44635419E+08
   3.64000000E-02   2.21794948E+08   2.39193104E+08   2.39193104E+08   2.97992983E+08   2.39018783E+08   2.39018783E+08
   3.66000000E-02   2.16659147E+08   2.34594828E+08   2.34594828E+08   2.91250306E+08   2.33486814E+08   2.33486814E+08
   3.68000000E-02   2.11600437E+08   2.30064371E+08   2.30064371E+08   2.84608638E+08   2.28037880E+08   2.28037880E+08
   3.70000000E-02   2.06617339E+08   2.25600441E+08   2.25600441E+08   2.78066043E+08   2.22670386E+08   2.22670386E+08
   3.72000000E-02   2.01708408E+08   2.21201778E+08   2.21201778E+08   2.71620631E+08   2.17382778E+08   2.17382778E+08
   3.74000000E-02   1.96872236E+08   2.16867150E+08   2.16867150E+08   2.65270555E+08   2.12173537E+08   2.12173537E+08
   3.76000000E-02   1.92107445E+08   2.12595355E+08   2.12595355E+08   2.59014015E+08   2.07041182E+08   2.07041182E+08
   3.78000000E-02   1.87412694E+08   2.08385219E+08   2.08385219E+08   2.52849251E+08   2.01984266E+08   2.01984266E+08
   3.80000000E-02   1.82786670E+08   2.04235596E+08   2.04235596E+08   2.46774546E+08   1.97001375E+08   1.97001375E+08
   3.82000000E-02   1.78228091E+08   2.00145367E+08   2.00145367E+08   2.40788224E+08   1.92091130E+08   1.92091130E+08
   3.84000000E-02   1.73735707E+08   1.96113436E+08   1.96113436E+08   2.34888644E+08   1.87252182E+08   1.87252182E+08
   3.86000000E-02   1.69308295E+08   1.92138737E+08   1.92138737E+08   2.29074207E+08   1.82483216E+08   1.82483216E+08
   3.88000000E-02   1.65052393E+08   1.88276538E+08   1.88276538E+08   2.23479478E+08   1.77899206E+08   1.77899206E+08
   3.90000000E-02   1.62435756E+08   1.85293640E+08   1.85293640E+08   2.19973719E+08   1.75087539E+08   1.75087539E+08
   3.92000000E-02   1.59861481E+08   1.82354923E+08   1.82354923E+08   2.16524491E+08   1.72321488E+08   1.72321488E+08
   3.94000000E-02   1.57322178E+08   1.79456133E+08   1.79456133E+08   2.13122062E+08   1.69593000E+08   1.69593000E+08
   3.96000000E-02   1.54817229E+08   1.76596565E+08   1.76596565E+08   2.09765605E+08   1.66901412E+08   1.66901412E+08
   3.98000000E-02   1.52346029E+08   1.73775526E+08   1.73775526E+08   2.06454310E+08   1.64246074E+08   1.64246074E+08
   4.00000000E-02   1.49907986E+08   1.70992341E+08   1.70992341E+08   2.03187385E+08   1.61626349E+08   1.61626349E+08
   4.02000000E-02   1.47502521E+08   1.68246351E+08   1.68246351E+08   1.99964058E+08   1.59041616E+08   1.59041616E+08
   4.04000000E-02   1.45129068E+08   1.65536907E+08   1.65536907E+08   1.96783569E+08   1.56491269E+08   1.56491269E+08
   4.06000000E-02   1.42787074E+08   1.62863379E+08   1.62863379E+08   1.93645181E+08   1.53974711E+08   1.53974711E+08
   4.08000000E-02   1.40475997E+08   1.60225148E+08   1.60225148E+08   1.90548167E+08   1.51491361E+08   1.51491361E+08
   4.10000000E-02   1.38195307E+08   1.57621608E+08   1.57621608E+08   1.87491819E+08   1.49040651E+08   1.49040651E+08
   4.12000000E-02   1.35944486E+08   1.55052169E+08   1.55052169E+08   1.84475444E+08   1.46622023E+08   1.46622023E+08
   4.14000000E-02   1.33723026E+08   1.52516250E+08   1.52516250E+08   1.81498363E+08   1.44234933E+08   1.44234933E+08
   4.16000000E-02   1.31530431E+08   1.50013286E+08   1.50013286E+08   1.78559912E+08   1.41878847E+08   1.41878847E+08
   4.18000000E-02   1.29366215E+08   1.47542720E+08   1.47542720E+08   1.75659441E+08   1.39553243E+08   1.39553243E+08
   4.20000000E-02   1.27229901E+08   1.45104011E+08   1.45104011E+08   1.72796313E+08   1.37257612E+08   1.37257612E+08
   4.22000000E-02   1.25121026E+08   1.42696625E+08   1.42696625E+08   1.69969907E+08   1.34991451E+08   1.34991451E+08
   4.24000000E-02   1.23039132E+08   1.40320044E+08   1.40320044E+08   1.67179611E+08   1.32754273E+08   1.32754273E+08
   4.26000000E-02   1.20983773E+08   1.37973757E+08   1.37973757E+08   1.64424830E+08   1.30545597E+08   1.30545597E+08
   4.28000000E-02   1.18954512E+08   1.35657264E+08   1.35657264E+08   1.61704978E+08   1.28364954E+08   1.28364954E+08
   4.30000000E-02   1.16950920E+08   1.33370078E+08   1.33370078E+08   1.59019482E+08   1.26211885E+08   1.26211885E+08
   4.32000000E-02   1.14972580E+08   1.31111720E+08   1.31111720E+08   1.56367782E+08   1.24085938E+08   1.24085938E+08
   4.34000000E-02   1.13019079E+08   1.28881720E+08   1.28881720E+08   1.53749329E+08   1.21986673E+08   1.21986673E+08
   4.36000000E-02   1.11090017E+08   1.26679619E+08   1.26679619E+08   1.51163584E+08   1.19913658E+08   1.19913658E+08
   4.38000000E-02   1.09184997E+08   1.24504968E+08   1.24504968E+08   1.48610020E+08   1.17866470E+08   1.17866470E+08
   4.40000000E-02   1.07303635E+08   1.22357326E+08   1.22357326E+08   1.46088121E+08   1.15844693E+08   1.15844693E+08
   4.42000000E-02   1.05445552E+08   1.20236260E+08   1.20236260E+08   1.43597380E+08   1.13847922E+08   1.13847922E+08
   4.44000000E-02   1.03610377E+08   1.18141347E+08   1.18141347E+08   1.41137302E+08   1.11875758E+08   1.11875758E+08
   4.46000000E-02   1.01797747E+08   1.16072173E+08   1.16072173E+08   1.38707400E+08   1.09927811E+08   1.09927811E+08
   4.48000000E-02   1.00007306E+08   1.14028330E+08   1.14028330E+08   1.36307197E+08   1.08003699E+08   1.08003699E+08
   4.50000000E-02   9.82387040E+07   1.12009421E+08   1.12009421E+08   1.33936228E+08   1.06103046E+08   1.06103046E+08
   4.52000000E-02   9.64915995E+07   1.10015054E+08   1.10015054E+08   1.31594034E+08   1.04225485E+08   1.04225485E+08
   4.54000000E-02   9.47656568E+07   1.08044846E+08   1.08044846E+08   1.29280167E+08   1.02370656E+08   1.02370656E+08
   4.56000000E-02   9.30605471E+07   1.06098422E+08   1.06098422E+08   1.26994186E+08   1.00538205E+08   1.00538205E+08
   4.58000000E-02   9.13759476E+07   1.04175414E+08   1.04175414E+08   1.24735659E+08   9.87277866E+07   9.87277866E+07
   4.60000000E-02   8.97115423E+07   1.02275460E+08   1.02275460E+08   1.22504165E+08   9.69390603E+07   9.69390603E+07
   4.62000000E-02   8.80670209E+07   1.00398207E+08   1.00398207E+08   1.20299287E+08   9.51716932E+07   9.51716932E+07
   4.64000000E-02   8.64420792E+07   9.85433062E+07   9.85433062E+07   1.18120619E+08   9.34253587E+07   9.34253587E+07
   4.66000000E-02   8.48364189E+07   9.67104183E+07   9.67104183E+07   1.15967762E+08   9.16997362E+07   9.16997362E+07
   4.68000000E-02   8.32497471E+07   9.48992087E+07   9.48992087E+07   1.13840325E+08   8.99945114E+07   8.99945114E+07
   4.70000000E-02   8.16817770E+07   9.31093496E+07   9.31093496E+07   1.11737922E+08   8.83093760E+07   8.83093760E+07
   4.72000000E-02   8.01322266E+07   9.13405193E+07   9.13405193E+07   1.09660178E+08   8.66440275E+07   8.66440275E+07
   4.74000000E-02   7.86008198E+07   8.95924024E+07   8.95924024E+07   1.07606722E+08   8.49981689E+07   8.49981689E+07
   4.76000000E-02   7.70872852E+07   8.78646891E+07   8.78646891E+07   1.05577192E+08   8.33715090E+07   8.33715090E+07
   4.78000000E-02   7.55913567E+07   8.61570758E+07   8.61570758E+07   1.03571231E+08   8.17637621E+07   8.17637621E+07
   4.80000000E-02   7.41127733E+07   8.44692641E+07   8.44692641E+07   1.01588491E+08   8.01746475E+07   8.01746475E+07
   4.82000000E-02   7.26512785E+07   8.28009616E+07   8.28009616E+07   9.96286282E+07   7.86038901E+07   7.86038901E+07
   4.84000000E-02   7.12066209E+07   8.11518809E+07   8.11518809E+07   9.76913063E+07   7.70512197E+07   7.70512197E+07
   4.86000000E-02   6.97785533E+07   7.95217401E+07   7.95217401E+07   9.57761948E+07   7.55163709E+07   7.55163709E+07
   4.88000000E-02   6.83668335E+07   7.79102624E+07   7.79102624E+07   9.38829694E+07   7.39990835E+07   7.39990835E+07
   4.90000000E-02   6.69712234E+07   7.63171762E+07   7.63171762E+07   9.20113117E+07   7.24991018E+07   7.24991018E+07
   4.92000000E-02   6.55914894E+07   7.47422146E+07   7.47422146E+07   9.01609091E+07   7.10161749E+07   7.10161749E+07
   4.94000000E-02   6.42274020E+07   7.31851158E+07   7.31851158E+07   8.83314546E+07   6.95500563E+07   6.95500563E+07
   4.96000000E-02   6.28787359E+07   7.16456224E+07   7.16456224E+07   8.65226469E+07   6.81005041E+07   6.81005041E+07
   4.98000000E-02   6.15452700E+07   7.01234820E+07   7.01234820E+07   8.47341898E+07   6.66672807E+07   6.66672807E+07
   5.00000000E-02   6.02267869E+07   6.86184464E+07   6.86184464E+07   8.29657928E+07   6.52501526E+07   6.52501526E+07
   5.02000000E-02   5.89230732E+07   6.71302721E+07   6.71302721E+07   8.12171703E+07   6.38488908E+07   6.38488908E+07
   5.04000000E-02   5.76339194E+07   6.56587197E+07   6.56587197E+07   7.94880419E+07   6.24632701E+07   6.24632701E+07
   5.06000000E-02   5.63591196E+07   6.42035542E+07   6.42035542E+07   7.77781322E+07   6.10930694E+07   6.10930694E+07
   5.08000000E-02   5.50984714E+07   6.27645447E+07   6.27645447E+07   7.60871704E+07   5.97380715E+07   5.97380715E+07
   5.10000000E-02   5.38517763E+07   6.13414644E+07   6.13414644E+07   7.44148908E+07   5.83980629E+07   5.83980629E+07
   5.12000000E-02   5.26188390E+07   5.99340903E+07   5.99340903E+07   7.27610323E+07   5.70728339E+07   5.70728339E+07
   5.14000000E-02   5.13994677E+07   5.85422035E+07   5.85422035E+07   7.11253380E+07   5.57621787E+07   5.57621787E+07
   5.16000000E-02   5.01934739E+07   5.71655889E+07   5.71655889E+07   6.95075560E+07   5.44658946E+07   5.44658946E+07
   5.18000000E-02   4.90006725E+07   5.58040349E+07   5.58040349E+07   6.79074383E+07   5.31837829E+07   5.31837829E+07
   5.20000000E-02   4.78208814E+07   5.44573337E+07   5.44573337E+07   6.63247415E+07   5.19156481E+07   5.19156481E+07
   5.22000000E-02   4.66539217E+07   5.31252813E+07   5.31252813E+07   6.47592262E+07   5.06612980E+07   5.06612980E+07
   5.24000000E-02   4.54996177E+07   5.18076768E+07   5.18076768E+07   6.32106571E+07   4.94205437E+07   4.94205437E+07
   5.26000000E-02   4.43577965E+07   5.05043230E+07   5.05043230E+07   6.16788032E+07   4.81931998E+07   4.81931998E+07
   5.28000000E-02   4.32282883E+07   4.92150259E+07   4.92150259E+07   6.01634369E+07   4.69790837E+07   4.69790837E+07
   5.30000000E-02   4.21109261E+07   4.79395949E+07   4.79395949E+07   5.86643351E+07   4.57780161E+07   4.57780161E+07
   5.32000000E-02   4.10055457E+07   4.66778426E+07   4.66778426E+07   5.71812778E+07   4.45898207E+07   4.45898207E+07
   5.34000000E-02   3.99119857E+07   4.54295846E+07   4.54295846E+07   5.57140493E+07   4.34143241E+07   4.34143241E+07
   5.36000000E-02   3.88300875E+07   4.41946399E+07   4.41946399E+07   5.42624371E+07   4.22513558E+07   4.22513558E+07
   5.38000000E-02   3.77596950E+07   4.29728303E+07   4.29728303E+07   5.28262325E+07   4.11007484E+07   4.11007484E+07
   5.40000000E-02   3.67006547E+07   4.17639807E+07   4.17639807E+07   5.14052302E+07   3.99623369E+07   3.99623369E+07
   5.42000000E-02   3.56528159E+07   4.05679186E+07   4.05679186E+07   4.99992282E+07   3.88359593E+07   3.88359593E+07
   5.44000000E-02   3.46160300E+07   3.93844748E+07   3.93844748E+07   4.86080280E+07   3.77214563E+07   3.77214563E+07
   5.46000000E-02   3.35901511E+07   3.82134826E+07   3.82134826E+07   4.72314342E+07   3.66186710E+07   3.66186710E+07
   5.48000000E-02   3.25750358E+07   3.70547781E+07   3.70547781E+07   4.58692548E+07   3.55274493E+07   3.55274493E+07
   5.50000000E-02   3.15705427E+07   3.59082002E+07   3.59082002E+07   4.45213009E+07   3.44476395E+07   3.44476395E+07
   5.52000000E-02   3.05765330E+07   3.47735902E+07   3.47735902E+07   4.31873865E+07   3.33790924E+07   3.33790924E+07
   5.54000000E-02   2.95928701E+07   3.36507921E+07   3.36507921E+07   4.18673289E+07   3.23216613E+07   3.23216613E+07
   5.56000000E-02   2.86194196E+07   3.25396526E+07   3.25396526E+07   4.05609481E+07   3.12752019E+07   3.12752019E+07
   5.58000000E-02   2.76560491E+07   3.14400206E+07   3.14400206E+07   3.92680672E+07   3.02395719E+07   3.02395719E+07
   5.60000000E-02   2.67026286E+07   3.03517475E+07   3.03517475E+07   3.79885121E+07   2.92146318E+07   2.92146318E+07
   5.62000000E-02   2.57590301E+07   2.92746873E+07   2.92746873E+07   3.67221114E+07   2.82002439E+07   2.82002439E+07
   5.64000000E-02   2.48251276E+07   2.82086960E+07   2.82086960E+07   3.54686966E+07   2.71962730E+07   2.71962730E+07
   5.66000000E-02   2.39007970E+07   2.71536321E+07   2.71536321E+07   3.42281016E+07   2.62025859E+07   2.62025859E+07
   5.68000000E-02   2.29859164E+07   2.61093564E+07   2.61093564E+07   3.30001633E+07   2.52190516E+07   2.52190516E+07
   5.70000000E-02   2.22971843E+07   2.51890650E+07   2.51890650E+07   3.20750698E+07   2.44833620E+07   2.44833620E+07
   5.72000000E-02   2.20494299E+07   2.45049785E+07   2.45049785E+07   3.17430866E+07   2.42317639E+07   2.42317639E+07
   5.74000000E-02   2.18039926E+07   2.38277321E+07   2.38277321E+07   3.14141815E+07   2.39824965E+07   2.39824965E+07
   5.76000000E-02   2.15663208E+07   2.32778164E+07   2.32778164E+07   3.10883171E+07   2.37355314E+07   2.37355314E+07
   5.78000000E-02   2.13447212E+07   2.30386374E+07   2.30386374E+07   3.07654567E+07   2.34908408E+07   2.34908408E+07
   5.80000000E-02   2.11251557E+07   2.28016541E+07   2.28016541E+07   3.04455640E+07   2.32483974E+07   2.32483974E+07
   5.82000000E-02   2.09076001E+07   2.25668399E+07   2.25668399E+07   3.01286034E+07   2.30081741E+07   2.30081741E+07
   5.84000000E-02   2.06920301E+07   2.23341689E+07   2.23341689E+07   2.98145396E+07   2.27701442E+07   2.27701442E+07
   5.86000000E-02   2.04784221E+07   2.21036156E+07   2.21036156E+07   2.95033382E+07   2.25342817E+07   2.25342817E+07
   5.88000000E-02   2.02667528E+07   2.18751546E+07   2.18751546E+07   2.91949649E+07   2.23005607E+07   2.23005607E+07
   5.90000000E-02   2.00569990E+07   2.16487613E+07   2.16487613E+07   2.88893863E+07   2.20689558E+07   2.20689558E+07
   5.92000000E-02   1.98491383E+07   2.14244111E+07   2.14244111E+07   2.85865692E+07   2.18394420E+07   2.18394420E+07
   5.94000000E-02   1.96431482E+07   2.12020800E+07   2.12020800E+07   2.82864811E+07   2.16119945E+07   2.16119945E+07
   5.96000000E-02   1.94390069E+07   2.09817442E+07   2.09817442E+07   2.79890899E+07   2.13865892E+07   2.13865892E+07
   5.98000000E-02   1.92366925E+07   2.07633803E+07   2.07633803E+07   2.76943640E+07   2.11632021E+07   2.11632021E+07
   6.00000000E-02   1.90361838E+07   2.05469653E+07   2.05469653E+07   2.74022722E+07   2.09418095E+07   2.09418095E+07
   6.02000000E-02   1.88374597E+07   2.03324766E+07   2.03324766E+07   2.71127837E+07   2.07223884E+07   2.07223884E+07
   6.04000000E-02   1.86404995E+07   2.01198917E+07   2.01198917E+07   2.68258685E+07   2.05049157E+07   2.05049157E+07
   6.06000000E-02   1.84452829E+07   1.99091886E+07   1.99091886E+07   2.65414966E+07   2.02893690E+07   2.02893690E+07
   6.08000000E-02   1.82517896E+07   1.97003455E+07   1.97003455E+07   2.62596388E+07   2.00757259E+07   2.00757259E+07
   6.10000000E-02   1.80599999E+07   1.94933412E+07   1.94933412E+07   2.59802660E+07   1.98639646E+07   1.98639646E+07
   6.12000000E-02   1.78698943E+07   1.92881545E+07   1.92881545E+07   2.57033498E+07   1.96540636E+07   1.96540636E+07
   6.14000000E-02   1.76814534E+07   1.90847647E+07   1.90847647E+07   2.54288620E+07   1.94460015E+07   1.94460015E+07
   6.16000000E-02   1.74946583E+07   1.88831511E+07   1.88831511E+07   2.51567749E+07   1.92397573E+07   1.92397573E+07
   6.18000000E-02   1.73094902E+07   1.86832938E+07   1.86832938E+07   2.48870613E+07   1.90353104E+07   1.90353104E+07
   6.20000000E-02   1.71259308E+07   1.84851726E+07   1.84851726E+07   2.46196943E+07   1.88326405E+07   1.88326405E+07
   6.22000000E-02   1.69439619E+07   1.82887681E+07   1.82887681E+07   2.43546472E+07   1.86317274E+07   1.86317274E+07
   6.24000000E-02   1.67635656E+07   1.80940609E+07   1.80940609E+07   2.40918940E+07   1.84325513E+07   1.84325513E+07
   6.26000000E-02   1.65847241E+07   1.79010320E+07   1.79010320E+07   2.38314088E+07   1.82350928E+07   1.82350928E+07
   6.28000000E-02   1.64074201E+07   1.77096624E+07   1.77096624E+07   2.35731663E+07   1.80393326E+07   1.80393326E+07
   6.30000000E-02   1.62316364E+07   1.75199338E+07   1.75199338E+07   2.33171414E+07   1.78452517E+07   1.78452517E+07
   6.32000000E-02   1.60573561E+07   1.73318278E+07   1.73318278E+07   2.30633093E+07   1.76528314E+07   1.76528314E+07
   6.34000000E-02   1.58845624E+07   1.71453265E+07   1.71453265E+07   2.28116458E+07   1.74620534E+07   1.74620534E+07
   6.36000000E-02   1.57132391E+07   1.69604120E+07   1.69604120E+07   2.25621268E+07   1.72728993E+07   1.72728993E+07
   6.38000000E-02   1.55433697E+07   1.67770668E+07   1.67770668E+07   2.23147287E+07   1.70853513E+07   1.70853513E+07
   6.40000000E-02   1.53749383E+07   1.65952737E+07   1.65952737E+07   2.20694280E+07   1.68993917E+07   1.68993917E+07
   6.42000000E-02   1.52079291E+07   1.64150157E+07   1.64150157E+07   2.18262017E+07   1.67150031E+07   1.67150031E+07
   6.44000000E-02   1.50423267E+07   1.62362759E+07   1.62362759E+07   2.15850272E+07   1.65321683E+07   1.65321683E+07
   6.46000000E-02   1.48781155E+07   1.60590378E+07   1.60590378E+07   2.13458820E+07   1.63508702E+07   1.63508702E+07
   6.48000000E-02   1.47152805E+07   1.58832851E+07   1.58832851E+07   2.11087440E+07   1.61710923E+07   1.61710923E+07
   6.50000000E-02   1.45538067E+07   1.57090015E+07   1.57090015E+07   2.08735915E+07   1.59928180E+07   1.59928180E+07
   6.52000000E-02   1.43936795E+07   1.55361713E+07   1.55361713E+07   2.06404029E+07   1.58160310E+07   1.58160310E+07
   6.54000000E-02   1.42348843E+07   1.53647788E+07   1.53647788E+07   2.04091570E+07   1.56407152E+07   1.56407152E+07
   6.56000000E-02   1.40774067E+07   1.51948084E+07   1.51948084E+07   2.01798330E+07   1.54668549E+07   1.54668549E+07
   6.58000000E-02   1.39212326E+07   1.50262450E+07   1.50262450E+07   1.99524102E+07   1.52944345E+07   1.52944345E+07
   6.60000000E-02   1.37663482E+07   1.48590735E+07   1.48590735E+07   1.97268682E+07   1.51234384E+07   1.51234384E+07
   6.62000000E-02   1.36127395E+07   1.46932789E+07   1.46932789E+07   1.95031870E+07   1.49538516E+07   1.49538516E+07
   6.64000000E-02   1.34603931E+07   1.45288468E+07   1.45288468E+07   1.92813468E+07   1.47856591E+07   1.47856591E+07
   6.66000000E-02   1.33092956E+07   1.43657626E+07   1.43657626E+07   1.90613280E+07   1.46188459E+07   1.46188459E+07
   6.68000000E-02   1.31594337E+07   1.42040120E+07   1.42040120E+07   1.88431113E+07   1.44533976E+07   1.44533976E+07
   6.70000000E-02   1.30107944E+07   1.40435811E+07   1.40435811E+07   1.86266777E+07   1.42892997E+07   1.42892997E+07
   6.72000000E-02   1.28633648E+07   1.38844558E+07   1.38844558E+07   1.84120084E+07   1.41265380E+07   1.41265380E+07
   6.74000000E-02   1.27171323E+07   1.37266226E+07   1.37266226E+07   1.81990850E+07   1.39650986E+07   1.39650986E+07
   6.76000000E-02   1.25720844E+07   1.35700678E+07   1.35700678E+07   1.79878890E+07   1.38049674E+07   1.38049674E+07
   6.78000000E-02   1.24282085E+07   1.34147782E+07   1.34147782E+07   1.77784026E+07   1.36461310E+07   1.36461310E+07
   6.80000000E-02   1.22854927E+07   1.32607405E+07   1.32607405E+07   1.75706078E+07   1.34885758E+07   1.34885758E+07
   6.82000000E-02   1.21439247E+07   1.31079418E+07   1.31079418E+07   1.73644871E+07   1.33322885E+07   1.33322885E+07
   6.84000000E-02   1.20034928E+07   1.29563693E+07   1.29563693E+07   1.71600231E+07   1.31772560E+07   1.31772560E+07
   6.86000000E-02   1.18641851E+07   1.28060102E+07   1.28060102E+07   1.69571988E+07   1.30234653E+07   1.30234653E+07
   6.88000000E-02   1.17259902E+07   1.26568521E+07   1.26568521E+07   1.67559972E+07   1.28709036E+07   1.28709036E+07
   6.90000000E-02   1.15888966E+07   1.25088827E+07   1.25088827E+07   1.65564017E+07   1.27195583E+07   1.27195583E+07
   6.92000000E-02   1.14528930E+07   1.23620898E+07   1.23620898E+07   1.63583958E+07   1.25694170E+07   1.25694170E+07
   6.94000000E-02   1.13179683E+07   1.22164613E+07   1.22164613E+07   1.61619632E+07   1.24204673E+07   1.24204673E+07
   6.96000000E-02   1.11841114E+07   1.20719854E+07   1.20719854E+07   1.59670879E+07   1.22726971E+07   1.22726971E+07
   6.98000000E-02   1.10513116E+07   1.19286504E+07   1.19286504E+07   1.57737541E+07   1.21260944E+07   1.21260944E+07
   7.00000000E-02   1.09195581E+07   1.17864447E+07   1.17864447E+07   1.55819461E+07   1.19806474E+07   1.19806474E+07
   7.02000000E-02   1.07888403E+07   1.16453569E+07   1.16453569E+07   1.53916485E+07   1.18363444E+07   1.18363444E+07
   7.04000000E-02   1.06591478E+07   1.15053757E+07   1.15053757E+07   1.52028461E+07   1.16931738E+07   1.16931738E+07
   7.06000000E-02   1.05304703E+07   1.13664900E+07   1.13664900E+07   1.50155238E+07   1.15511243E+07   1.15511243E+07
   7.08000000E-02   1.04027975E+07   1.12286888E+07   1.12286888E+07   1.48296666E+07   1.14101845E+07   1.14101845E+07
   7.10000000E-02   1.02761196E+07   1.10919612E+07   1.10919612E+07   1.46452601E+07   1.12703435E+07   1.12703435E+07
   7.12000000E-02   1.01504264E+07   1.09562966E+07   1.09562966E+07   1.44622897E+07   1.11315901E+07   1.11315901E+07
   7.14000000E-02   1.00257082E+07   1.08216844E+07   1.08216844E+07   1.42807410E+07   1.09939137E+07   1.09939137E+07
   7.16000000E-02   9.90195541E+06   1.06881140E+07   1.06881140E+07   1.41006000E+07   1.08573035E+07   1.08573035E+07
   7.18000000E-02   9.77915834E+06   1.05555753E+07   1.05555753E+07   1.39218526E+07   1.07217489E+07   1.07217489E+07
   7.20000000E-02   9.65730760E+06   1.04240579E+07   1.04240579E+07   1.37444852E+07   1.05872395E+07   1.05872395E+07
   7.22000000E-02   9.53639386E+06   1.02935518E+07   1.02935518E+07   1.35684841E+07   1.04537650E+07   1.04537650E+07
   7.24000000E-02   9.41640791E+06   1.01640472E+07   1.01640472E+07   1.33938359E+07   1.03213153E+07   1.03213153E+07
   7.26000000E-02   9.29734065E+06   1.00355341E+07   1.00355341E+07   1.32205273E+07   1.01898802E+07   1.01898802E+07
   7.28000000E-02   9.17918310E+06   9.90800288E+06   9.90800288E+06   1.30485451E+07   1.00594499E+07   1.00594499E+07
   7.30000000E-02   9.06192638E+06   9.78144396E+06   9.78144396E+06   1.28778765E+07   9.93001451E+06   9.93001451E+06
   7.32000000E-02   8.94556173E+06   9.65584786E+06   9.65584786E+06   1.27085086E+07   9.80156440E+06   9.80156440E+06
   7.34000000E-02   8.83008048E+06   9.53120525E+06   9.53120525E+06   1.25404289E+07   9.67408999E+06   9.67408999E+06
   7.36000000E-02   8.71547408E+06   9.40750689E+06   9.40750689E+06   1.23736247E+07   9.54758183E+06   9.54758183E+06
   7.38000000E-02   8.60173408E+06   9.28474365E+06   9.28474365E+06   1.22080839E+07   9.42203058E+06   9.42203058E+06
   7.40000000E-02   8.48885213E+06   9.16290654E+06   9.16290654E+06   1.20437942E+07   9.29742702E+06   9.29742702E+06
   7.42000000E-02   8.37681998E+06   9.04198664E+06   9.04198664E+06   1.18807435E+07   9.17376204E+06   9.17376204E+06
   7.44000000E-02   8.26562949E+06   8.92197516E+06   8.92197516E+06   1.17189200E+07   9.05102663E+06   9.05102663E+06
   7.46000000E-02   8.15527261E+06   8.80286341E+06   8.80286341E+06   1.15583120E+07   8.92921190E+06   8.92921190E+06
   7.48000000E-02   8.04574137E+06   8.68464280E+06   8.68464280E+06   1.13989078E+07   8.80830907E+06   8.80830907E+06
   7.50000000E-02   7.93702792E+06   8.56730486E+06   8.56730486E+06   1.12406960E+07   8.68830945E+06   8.68830945E+06
   7.52000000E-02   7.82912450E+06   8.45084120E+06   8.45084120E+06   1.10836652E+07   8.56920446E+06   8.56920446E+06
   7.54000000E-02   7.72202343E+06   8.33524354E+06   8.33524354E+06   1.09278042E+07   8.45098562E+06   8.45098562E+06
   7.56000000E-02   7.61571712E+06   8.22050369E+06   8.22050369E+06   1.07731020E+07   8.33364456E+06   8.33364456E+06
   7.58000000E-02   7.51019809E+06   8.10661357E+06   8.10661357E+06   1.06195477E+07   8.21717301E+06   8.21717301E+06
   7.60000000E-02   7.40545893E+06   7.99356518E+06   7.99356518E+06   1.04671304E+07   8.10156277E+06   8.10156277E+06
   7.62000000E-02   7.30149232E+06   7.88135063E+06   7.88135063E+06   1.03158394E+07   7.98680577E+06   7.98680577E+06
   7.64000000E-02   7.19829103E+06   7.76996211E+06   7.76996211E+06   1.01656642E+07   7.87289402E+06   7.87289402E+06
   7.66000000E-02   7.09584791E+06   7.65939190E+06   7.65939190E+06   1.00165945E+07   7.75981962E+06   7.75981962E+06
   7.68000000E-02   6.99415590E+06   7.54963239E+06   7.54963239E+06   9.86861976E+06   7.64757477E+06   7.64757477E+06
   7.70000000E-02   6.89320802E+06   7.44067604E+06   7.44067604E+06   9.72172994E+06   7.53615175E+06   7.53615175E+06
   7.72000000E-02   6.79299737E+06   7.33251539E+06   7.33251539E+06   9.57591494E+06   7.42554295E+06   7.42554295E+06
   7.74000000E-02   6.69351712E+06   7.22514309E+06   7.22514309E+06   9.43116480E+06   7.31574083E+06   7.31574083E+06
   7.76000000E-02   6.59476054E+06   7.11855187E+06   7.11855187E+06   9.28746970E+06   7.20673794E+06   7.20673794E+06
   7.78000000E-02   6.49672096E+06   7.01273452E+06   7.01273452E+06   9.14481990E+06   7.09852693E+06   7.09852693E+06
   7.80000000E-02   6.39939179E+06   6.90768394E+06   6.90768394E+06   9.00320580E+06   6.99110050E+06   6.99110050E+06
   7.82000000E-02   6.30276653E+06   6.80339311E+06   6.80339311E+06   8.86261790E+06   6.88445148E+06   6.88445148E+06
   7.84000000E-02   6.20683873E+06   6.69985507E+06   6.69985507E+06   8.72304680E+06   6.77857275E+06   6.77857275E+06
   7.86000000E-02   6.11160204E+06   6.59706295E+06   6.59706295E+06   8.58448322E+06   6.67345727E+06   6.67345727E+06
   7.88000000E-02   6.01705016E+06   6.49500997E+06   6.49500997E+06   8.44691798E+06   6.56909811E+06   6.56909811E+06
   7.90000000E-02   5.92317687E+06   6.39368942E+06   6.39368942E+06   8.31034202E+06   6.46548839E+06   6.46548839E+06
   7.92000000E-02   5.82997602E+06   6.29309465E+06   6.29309465E+06   8.17474635E+06   6.36262132E+06   6.36262132E+06
   7.94000000E-02   5.73744154E+06   6.19321910E+06   6.19321910E+06   8.04012211E+06   6.26049018E+06   6.26049018E+06
   7.96000000E-02   5.64556741E+06   6.09405629E+06   6.09405629E+06   7.90646052E+06   6.15908834E+06   6.15908834E+06
   7.98000000E-02   5.55434769E+06   5.99559981E+06   5.99559981E+06   7.77375293E+06   6.05840922E+06   6.05840922E+06
   8.00000000E-02   5.46377650E+06   5.89784330E+06   5.89784330E+06   7.64199075E+06   5.95844633E+06   5.95844633E+06
   8.02000000E-02   5.37384804E+06   5.80078050E+06   5.80078050E+06   7.51116551E+06   5.85919327E+06   5.85919327E+06
   8.04000000E-02   5.28455655E+06   5.70440522E+06   5.70440522E+06   7.38126882E+06   5.76064367E+06   5.76064367E+06
   8.06000000E-02   5.19589636E+06   5.60871130E+06   5.60871130E+06   7.25229240E+06   5.66279127E+06   5.66279127E+06
   8.08000000E-02   5.10786185E+06   5.51369270E+06   5.51369270E+06   7.12422805E+06   5.56562986E+06   5.56562986E+06
   8.10000000E-02   5.02044746E+06   5.41934342E+06   5.41934342E+06   6.99706767E+06   5.46915330E+06   5.46915330E+06
   8.12000000E-02   4.93364770E+06   5.32565751E+06   5.32565751E+06   6.87080323E+06   5.37335552E+06   5.37335552E+06
   8.14000000E-02   4.84745713E+06   5.23262913E+06   5.23262913E+06   6.74542682E+06   5.27823052E+06   5.27823052E+06
   8.16000000E-02   4.76187039E+06   5.14025247E+06   5.14025247E+06   6.62093059E+06   5.18377236E+06   5.18377236E+06
   8.18000000E-02   4.67688215E+06   5.04852180E+06   5.04852180E+06   6.49730679E+06   5.08997518E+06   5.08997518E+06
   8.20000000E-02   4.59248716E+06   4.95743143E+06   4.95743143E+06   6.37454775E+06   4.99683317E+06   4.99683317E+06
   8.22000000E-02   4.50868022E+06   4.86697577E+06   4.86697577E+06   6.25264589E+06   4.90434057E+06   4.90434057E+06
   8.24000000E-02   4.42545620E+06   4.77714925E+06   4.77714925E+06   6.13159371E+06   4.81249173E+06   4.81249173E+06
   8.26000000E-02   4.34280999E+06   4.68794640E+06   4.68794640E+06   6.01138378E+06   4.72128100E+06   4.72128100E+06
   8.28000000E-02   4.26073658E+06   4.59936178E+06   4.59936178E+06   5.89200877E+06   4.63070285E+06   4.63070285E+06
   8.30000000E-02   4.17923099E+06   4.51139002E+06   4.51139002E+06   5.77346142E+06   4.54075177E+06   4.54075177E+06
   8.32000000E-02   4.09828829E+06   4.42402581E+06   4.42402581E+06   5.65573454E+06   4.45142232E+06   4.45142232E+06
   8.34000000E-02   4.01790361E+06   4.33726389E+06   4.33726389E+06   5.53882104E+06   4.36270913E+06   4.36270913E+06
   8.36000000E-02   3.94523532E+06   4.25484332E+06   4.25484332E+06   5.43387088E+06   4.28283059E+06   4.28283059E+06
   8.38000000E-02   3.90995087E+06   4.19226897E+06   4.19226897E+06   5.38686261E+06   4.24579276E+06   4.24579276E+06
   8.40000000E-02   3.87505794E+06   4.13020191E+06   4.13020191E+06   5.34041265E+06   4.20918132E+06   4.20918132E+06
   8.42000000E-02   3.84039147E+06   4.06855329E+06   4.06855329E+06   5.29426313E+06   4.17280669E+06   4.17280669E+06
   8.44000000E-02   3.80594956E+06   4.00731953E+06   4.00731953E+06   5.24841154E+06   4.13666688E+06   4.13666688E+06
   8.46000000E-02   3.77173034E+06   3.94649711E+06   3.94649711E+06   5.20285538E+06   4.10075993E+06   4.10075993E+06
   8.48000000E-02   3.73773194E+06   3.88608256E+06   3.88608256E+06   5.15759219E+06   4.06508390E+06   4.06508390E+06
   8.50000000E-02   3.70395253E+06   3.82607242E+06   3.82607242E+06   5.11261955E+06   4.02963687E+06   4.02963687E+06
   8.52000000E-02   3.67039029E+06   3.76646328E+06   3.76646328E+06   5.06793504E+06   3.99441694E+06   3.99441694E+06
   8.54000000E-02   3.63704342E+06   3.70725177E+06   3.70725177E+06   5.02353627E+06   3.95942224E+06   3.95942224E+06
   8.56000000E-02   3.60391014E+06   3.64843455E+06   3.64843455E+06   4.97942089E+06   3.92465090E+06   3.92465090E+06
   8.58000000E-02   3.57098868E+06   3.59000831E+06   3.59000831E+06   4.93558657E+06   3.89010109E+06   3.89010109E+06
   8.60000000E-02   3.53827731E+06   3.53196978E+06   3.53196978E+06   4.89203098E+06   3.85577097E+06   3.85577097E+06
   8.62000000E-02   3.50577429E+06   3.47431573E+06   3.47431573E+06   4.84875185E+06   3.82165876E+06   3.82165876E+06
   8.64000000E-02   3.47347792E+06   3.41704295E+06   3.41704295E+06   4.80574691E+06   3.78776266E+06   3.78776266E+06
   8.66000000E-02   3.44138650E+06   3.36014827E+06   3.36014827E+06   4.76301391E+06   3.75408090E+06   3.75408090E+06
   8.68000000E-02   3.40949837E+06   3.30362856E+06   3.30362856E+06   4.72055065E+06   3.72061175E+06   3.72061175E+06
   8.70000000E-02   3.37781186E+06   3.24748072E+06   3.24748072E+06   4.67835493E+06   3.68735347E+06   3.68735347E+06
   8.72000000E-02   3.34632534E+06   3.19170167E+06   3.19170167E+06   4.63642457E+06   3.65430435E+06   3.65430435E+06
   8.74000000E-02   3.31503719E+06   3.13628837E+06   3.13628837E+06   4.59475743E+06   3.62146269E+06   3.62146269E+06
   8.76000000E-02   3.28394579E+06   3.08123781E+06   3.08123781E+06   4.55335137E+06   3.58882682E+06   3.58882682E+06
   8.78000000E-02   3.25304956E+06   3.02654701E+06   3.02654701E+06   4.51220430E+06   3.55639508E+06   3.55639508E+06
   8.80000000E-02   3.22234692E+06   2.97221304E+06   2.97221304E+06   4.47131412E+06   3.52416582E+06   3.52416582E+06
   8.82000000E-02   3.19183632E+06   2.91823296E+06   2.91823296E+06   4.43067878E+06   3.49213741E+06   3.49213741E+06
   8.84000000E-02   3.16151622E+06   2.86460389E+06   2.86460389E+06   4.39029622E+06   3.46030826E+06   3.46030826E+06
   8.86000000E-02   3.13138508E+06   2.81132298E+06   2.81132298E+06   4.35016443E+06   3.42867675E+06   3.42867675E+06
   8.88000000E-02   3.10144141E+06   2.75838739E+06   2.75838739E+06   4.31028140E+06   3.39724132E+06   3.39724132E+06
   8.90000000E-02   3.07168369E+06   2.70579433E+06   2.70579433E+06   4.27064515E+06   3.36600040E+06   3.36600040E+06
   8.92000000E-02   3.04211045E+06   2.65354101E+06   2.65354101E+06   4.23125372E+06   3.33495244E+06   3.33495244E+06
   8.94000000E-02   3.01272023E+06   2.60162470E+06   2.60162470E+06   4.19210517E+06   3.30409592E+06   3.30409592E+06
   8.96000000E-02   2.98351156E+06   2.55004268E+06   2.55004268E+06   4.15319757E+06   3.27342931E+06   3.27342931E+06
   8.98000000E-02   2.95448303E+06   2.49879225E+06   2.49879225E+06   4.11452901E+06   3.24295112E+06   3.24295112E+06
   9.00000000E-02   2.92563319E+06   2.44787076E+06   2.44787076E+06   4.07609762E+06   3.21265985E+06   3.21265985E+06
   9.02000000E-02   2.89696065E+06   2.39727558E+06   2.39727558E+06   4.03790153E+06   3.18255405E+06   3.18255405E+06
   9.04000000E-02   2.86846401E+06   2.34700408E+06   2.34700408E+06   3.99993888E+06   3.15263225E+06   3.15263225E+06
   9.06000000E-02   2.84014188E+06   2.29705369E+06   2.29705369E+06   3.96220785E+06   3.12289300E+06   3.12289300E+06
   9.08000000E-02   2.81199290E+06   2.24742184E+06   2.24742184E+06   3.92470662E+06   3.09333489E+06   3.09333489E+06
   9.10000000E-02   2.78401572E+06   2.19810602E+06   2.19810602E+06   3.88743341E+06   3.06395649E+06   3.06395649E+06
   9.12000000E-02   2.75620900E+06   2.14910370E+06   2.14910370E+06   3.85038643E+06   3.03475641E+06   3.03475641E+06
   9.14000000E-02   2.72857140E+06   2.10041240E+06   2.10041240E+06   3.81356392E+06   3.00573325E+06   3.00573325E+06
   9.16000000E-02   2.70110161E+06   2.05202967E+06   2.05202967E+06   3.77696414E+06   2.97688566E+06   2.97688566E+06
   9.18000000E-02   2.67379834E+06   2.00395307E+06   2.00395307E+06   3.74058537E+06   2.94821225E+06   2.94821225E+06
   9.20000000E-02   2.64666028E+06   1.95618019E+06   1.95618019E+06   3.70442590E+06   2.91971170E+06   2.91971170E+06
   9.22000000E-02   2.61968617E+06   1.90870865E+06   1.90870865E+06   3.66848403E+06   2.89138266E+06   2.89138266E+06
   9.24000000E-02   2.59287474E+06   1.86153608E+06   1.86153608E+06   3.63275810E+06   2.86322382E+06   2.86322382E+06
   9.26000000E-02   2.56649586E+06   1.82062920E+06   1.82062920E+06   3.59724643E+06   2.83523386E+06   2.83523386E+06
   9.28000000E-02   2.54138128E+06   1.80432498E+06   1.80432498E+06   3.56194739E+06   2.80741150E+06   2.80741150E+06
   9.30000000E-02   2.51641984E+06   1.78818449E+06   1.78818449E+06   3.52685936E+06   2.77975544E+06   2.77975544E+06
   9.32000000E-02   2.49160731E+06   1.77213956E+06   1.77213956E+06   3.49198070E+06   2.75226442E+06   2.75226442E+06
   9.34000000E-02   2.46694257E+06   1.75618945E+06   1.75618945E+06   3.45730984E+06   2.72493718E+06   2.72493718E+06
   9.36000000E-02   2.44242450E+06   1.74033345E+06   1.74033345E+06   3.42284519E+06   2.69777247E+06   2.69777247E+06
   9.38000000E-02   2.41805198E+06   1.72457084E+06   1.72457084E+06   3.38858519E+06   2.67076906E+06   2.67076906E+06
   9.40000000E-02   2.39382390E+06   1.70890093E+06   1.70890093E+06   3.35452827E+06   2.64392572E+06   2.64392572E+06
   9.42000000E-02   2.36973917E+06   1.69332301E+06   1.69332301E+06   3.32067291E+06   2.61724125E+06   2.61724125E+06
   9.44000000E-02   2.34579671E+06   1.67783638E+06   1.67783638E+06   3.28701758E+06   2.59071445E+06   2.59071445E+06
   9.46000000E-02   2.32199546E+06   1.66244037E+06   1.66244037E+06   3.25356078E+06   2.56434412E+06   2.56434412E+06
   9.48000000E-02   2.29833433E+06   1.64713429E+06   1.64713429E+06   3.22030101E+06   2.53812909E+06   2.53812909E+06
   9.50000000E-02   2.27481230E+06   1.63191747E+06   1.63191747E+06   3.18723679E+06   2.51206819E+06   2.51206819E+06
   9.52000000E-02   2.25142830E+06   1.61678924E+06   1.61678924E+06   3.15436666E+06   2.48616027E+06   2.48616027E+06
   9.54000000E-02   2.22818131E+06   1.60174895E+06   1.60174895E+06   3.12168917E+06   2.46040418E+06   2.46040418E+06
   9.56000000E-02   2.20507031E+06   1.58679593E+06   1.58679593E+06   3.08920287E+06   2.43479880E+06   2.43479880E+06
   9.58000000E-02   2.18209429E+06   1.57192955E+06   1.57192955E+06   3.05690635E+06   2.40934299E+06   2.40934299E+06
   9.60000000E-02   2.15925223E+06   1.55714915E+06   1.55714915E+06   3.02479818E+06   2.38403564E+06   2.38403564E+06
   9.62000000E-02   2.13654315E+06   1.54245411E+06   1.54245411E+06   2.99287698E+06   2.35887566E+06   2.35887566E+06
   9.64000000E-02   2.11396606E+06   1.52784379E+06   1.52784379E+06   2.96114136E+06   2.33386195E+06   2.33386195E+06
   9.66000000E-02   2.09151998E+06   1.51331756E+06   1.51331756E+06   2.92958994E+06   2.30899343E+06   2.30899343E+06
   9.68000000E-02   2.06920395E+06   1.49887482E+06   1.49887482E+06   2.89822137E+06   2.28426903E+06   2.28426903E+06
   9.70000000E-02   2.04701701E+06   1.48451493E+06   1.48451493E+06   2.86703429E+06   2.25968768E+06   2.25968768E+06
   9.72000000E-02   2.02495821E+06   1.47023731E+06   1.47023731E+06   2.83602738E+06   2.23524833E+06   2.23524833E+06
   9.74000000E-02   2.00302660E+06   1.45604135E+06   1.45604135E+06   2.80519931E+06   2.21094995E+06   2.21094995E+06
   9.76000000E-02   1.98122127E+06   1.44192644E+06   1.44192644E+06   2.77454877E+06   2.18679150E+06   2.18679150E+06
   9.78000000E-02   1.95954128E+06   1.42789201E+06   1.42789201E+06   2.74407447E+06   2.16277195E+06   2.16277195E+06
   9.80000000E-02   1.93798572E+06   1.41393746E+06   1.41393746E+06   2.71377511E+06   2.13889029E+06   2.13889029E+06
   9.82000000E-02   1.91655368E+06   1.40006221E+06   1.40006221E+06   2.68364942E+06   2.11514552E+06   2.11514552E+06
   9.84000000E-02   1.89524427E+06   1.38626569E+06   1.38626569E+06   2.65369614E+06   2.09153664E+06   2.09153664E+06
   9.86000000E-02   1.87405659E+06   1.37254733E+06   1.37254733E+06   2.62391402E+06   2.06806266E+06   2.06806266E+06
   9.88000000E-02   1.85298976E+06   1.35890657E+06   1.35890657E+06   2.59430182E+06   2.04472261E+06   2.04472261E+06
   9.90000000E-02   1.83204291E+06   1.34534285E+06   1.34534285E+06   2.56485830E+06   2.02151552E+06   2.02151552E+06
   9.92000000E-02   1.81121518E+06   1.33185560E+06   1.33185560E+06   2.53558225E+06   1.99844043E+06   1.99844043E+06
   9.94000000E-02   1.79050570E+06   1.31844429E+06   1.31844429E+06   2.50647247E+06   1.97549638E+06   1.97549638E+06
   9.96000000E-02   1.76991362E+06   1.30510837E+06   1.30510837E+06   2.47752775E+06   1.95268244E+06   1.95268244E+06
   9.98000000E-02   1.74943810E+06   1.29184729E+06   1.29184729E+06   2.44874692E+06   1.92999768E+06   1.92999768E+06
   1.00000000E-01   1.72907831E+06   1.27866053E+06   1.27866053E+06   2.42012879E+06   1.90744115E+06   1.90744115E+06