# TBinMid=2.9515 ssec TBinWidth=0.1 ss EBinWidth=0.2MeV Fluence at Earth for this timebin in neutrinos per cm^2
# E(GeV)	NuE	NuMu	NuTau	aNuE	aNuMu	aNuTau
   1.38589050E-13   7.62126168E+17   5.76450969E+17   5.76450969E+17   5.86190796E+17   7.27658533E+17   7.27658533E+17
   2.00000000E-04   1.36277822E+09   1.03076742E+09   1.03076742E+09   1.04818347E+09   1.30114572E+09   1.30114572E+09
   4.00000000E-04   6.95105204E+08   5.25758181E+08   5.25758181E+08   5.34641493E+08   6.63668633E+08   6.63668633E+08
   6.00000000E-04   4.68752403E+08   3.54551238E+08   3.54551238E+08   3.60541805E+08   4.47552780E+08   4.47552780E+08
   8.00000000E-04   3.54410648E+08   2.68066326E+08   2.68066326E+08   2.72595626E+08   3.38382204E+08   3.38382204E+08
   1.00000000E-03   2.85294757E+08   2.15788994E+08   2.15788994E+08   2.19435007E+08   2.72392122E+08   2.72392122E+08
   1.20000000E-03   2.38948232E+08   1.80733776E+08   1.80733776E+08   1.83787489E+08   2.28141648E+08   2.28141648E+08
   1.40000000E-03   2.93059376E+08   2.60190632E+08   2.60190632E+08   2.20192094E+08   2.77179741E+08   2.77179741E+08
   1.60000000E-03   3.33597851E+08   3.44841680E+08   3.44841680E+08   2.46594283E+08   3.12798188E+08   3.12798188E+08
   1.80000000E-03   3.63233805E+08   4.01636325E+08   4.01636325E+08   2.66064976E+08   3.39062407E+08   3.39062407E+08
   2.00000000E-03   5.65440275E+08   5.34656130E+08   5.34656130E+08   4.13537678E+08   5.30962087E+08   5.30962087E+08
   2.20000000E-03   7.17233245E+08   7.83382195E+08   7.83382195E+08   5.19101335E+08   6.68389445E+08   6.68389445E+08
   2.40000000E-03   8.30068240E+08   1.02326405E+09   1.02326405E+09   5.95644814E+08   7.68090761E+08   7.68090761E+08
   2.60000000E-03   9.12783623E+08   1.20368072E+09   1.20368072E+09   6.51555600E+08   8.40964896E+08   8.40964896E+08
   2.80000000E-03   1.12567565E+09   1.41997883E+09   1.41997883E+09   8.48809508E+08   1.05006791E+09   1.05006791E+09
   3.00000000E-03   1.32022943E+09   1.60258052E+09   1.60258052E+09   1.03280340E+09   1.24258231E+09   1.24258231E+09
   3.20000000E-03   1.47414589E+09   1.74557476E+09   1.74557476E+09   1.17923632E+09   1.39514285E+09   1.39514285E+09
   3.40000000E-03   1.59907952E+09   1.91554490E+09   1.91554490E+09   1.29639954E+09   1.51661469E+09   1.51661469E+09
   3.60000000E-03   1.70173112E+09   2.11857544E+09   2.11857544E+09   1.39047227E+09   1.61359885E+09   1.61359885E+09
   3.80000000E-03   1.78376638E+09   2.28437977E+09   2.28437977E+09   1.46613278E+09   1.69108833E+09   1.69108833E+09
   4.00000000E-03   1.90519351E+09   2.44933813E+09   2.44933813E+09   1.61260739E+09   1.81679968E+09   1.81679968E+09
   4.20000000E-03   2.03089498E+09   2.59900675E+09   2.59900675E+09   1.77413568E+09   1.95002432E+09   1.95002432E+09
   4.40000000E-03   2.13555678E+09   2.72324154E+09   2.72324154E+09   1.91039490E+09   2.06137818E+09   2.06137818E+09
   4.60000000E-03   2.22274090E+09   2.82636613E+09   2.82636613E+09   2.02558145E+09   2.15454419E+09   2.15454419E+09
   4.80000000E-03   2.29531558E+09   2.91186033E+09   2.91186033E+09   2.12308207E+09   2.23248981E+09   2.23248981E+09
   5.00000000E-03   2.35560975E+09   2.98254829E+09   2.98254829E+09   2.20565312E+09   2.29762609E+09   2.29762609E+09
   5.20000000E-03   2.40552885E+09   3.04073946E+09   3.04073946E+09   2.27555512E+09   2.35192700E+09   2.35192700E+09
   5.40000000E-03   2.44668124E+09   3.08918251E+09   3.08918251E+09   2.33465505E+09   2.39701995E+09   2.39701995E+09
   5.60000000E-03   2.48039622E+09   3.13006072E+09   3.13006072E+09   2.38450482E+09   2.43425530E+09   2.43425530E+09
   5.80000000E-03   2.50932159E+09   3.16385280E+09   3.16385280E+09   2.44589397E+09   2.47061153E+09   2.47061153E+09
   6.00000000E-03   2.53350067E+09   3.19123495E+09   3.19123495E+09   2.50950593E+09   2.50391535E+09   2.50391535E+09
   6.20000000E-03   2.55269804E+09   3.21263470E+09   3.21263470E+09   2.56440781E+09   2.53140015E+09   2.53140015E+09
   6.40000000E-03   2.56759125E+09   3.22887227E+09   3.22887227E+09   2.61169958E+09   2.55383727E+09   2.55383727E+09
   6.60000000E-03   2.57875689E+09   3.24064526E+09   3.24064526E+09   2.65232247E+09   2.57188434E+09   2.57188434E+09
   6.80000000E-03   2.58668759E+09   3.24854930E+09   3.24854930E+09   2.68708532E+09   2.58610436E+09   2.58610436E+09
   7.00000000E-03   2.59180585E+09   3.25309496E+09   3.25309496E+09   2.71668590E+09   2.59698112E+09   2.59698112E+09
   7.20000000E-03   2.59447528E+09   3.25472133E+09   3.25472133E+09   2.74172839E+09   2.60493187E+09   2.60493187E+09
   7.40000000E-03   2.59500986E+09   3.25380731E+09   3.25380731E+09   2.76273772E+09   2.61031767E+09   2.61031767E+09
   7.60000000E-03   2.59368153E+09   3.25068085E+09   3.25068085E+09   2.78017148E+09   2.61345189E+09   2.61345189E+09
   7.80000000E-03   2.59072646E+09   3.24562656E+09   3.24562656E+09   2.79442974E+09   2.61460739E+09   2.61460739E+09
   8.00000000E-03   2.58635034E+09   3.23889215E+09   3.23889215E+09   2.80586331E+09   2.61402233E+09   2.61402233E+09
   8.20000000E-03   2.58073275E+09   3.23069368E+09   3.23069368E+09   2.81478063E+09   2.61190515E+09   2.61190515E+09
   8.40000000E-03   2.56616231E+09   3.21710711E+09   3.21710711E+09   2.81429779E+09   2.60060041E+09   2.60060041E+09
   8.60000000E-03   2.53720112E+09   3.19124527E+09   3.19124527E+09   2.79976099E+09   2.57490679E+09   2.57490679E+09
   8.80000000E-03   2.50790170E+09   3.14422452E+09   3.14422452E+09   2.78474106E+09   2.54959949E+09   2.54959949E+09
   9.00000000E-03   2.47928118E+09   3.09873307E+09   3.09873307E+09   2.76932048E+09   2.52468713E+09   2.52468713E+09
   9.20000000E-03   2.45132211E+09   3.05469529E+09   3.05469529E+09   2.75357133E+09   2.50017532E+09   2.50017532E+09
   9.40000000E-03   2.42400680E+09   3.01204046E+09   3.01204046E+09   2.73755663E+09   2.47606724E+09   2.47606724E+09
   9.60000000E-03   2.39731752E+09   2.97070238E+09   2.97070238E+09   2.72133157E+09   2.45236401E+09   2.45236401E+09
   9.80000000E-03   2.37123664E+09   2.93061906E+09   2.93061906E+09   2.70494448E+09   2.42906508E+09   2.42906508E+09
   1.00000000E-02   2.34574670E+09   2.89173232E+09   2.89173232E+09   2.68843772E+09   2.40616848E+09   2.40616848E+09
   1.02000000E-02   2.32083051E+09   2.85398758E+09   2.85398758E+09   2.67184844E+09   2.38367113E+09   2.38367113E+09
   1.04000000E-02   2.29647117E+09   2.81733354E+09   2.81733354E+09   2.65520919E+09   2.36156897E+09   2.36156897E+09
   1.06000000E-02   2.27265219E+09   2.78172196E+09   2.78172196E+09   2.63854852E+09   2.33985722E+09   2.33985722E+09
   1.08000000E-02   2.24935743E+09   2.74710742E+09   2.74710742E+09   2.62189145E+09   2.31853045E+09   2.31853045E+09
   1.10000000E-02   2.22657121E+09   2.71344715E+09   2.71344715E+09   2.60525988E+09   2.29758278E+09   2.29758278E+09
   1.12000000E-02   2.20427827E+09   2.68070079E+09   2.68070079E+09   2.58867300E+09   2.27700793E+09   2.27700793E+09
   1.14000000E-02   2.18246379E+09   2.64883027E+09   2.64883027E+09   2.57214754E+09   2.25679933E+09   2.25679933E+09
   1.16000000E-02   2.16111341E+09   2.61779962E+09   2.61779962E+09   2.55569813E+09   2.23695019E+09   2.23695019E+09
   1.18000000E-02   2.14021320E+09   2.58757486E+09   2.58757486E+09   2.53933750E+09   2.21745358E+09   2.21745358E+09
   1.20000000E-02   2.11974972E+09   2.55812381E+09   2.55812381E+09   2.52307671E+09   2.19830246E+09   2.19830246E+09
   1.22000000E-02   2.09970993E+09   2.52941603E+09   2.52941603E+09   2.50692533E+09   2.17948974E+09   2.17948974E+09
   1.24000000E-02   2.06329663E+09   2.49264917E+09   2.49264917E+09   2.46917532E+09   2.14277605E+09   2.14277605E+09
   1.26000000E-02   2.02570986E+09   2.45574746E+09   2.45574746E+09   2.42952642E+09   2.10468105E+09   2.10468105E+09
   1.28000000E-02   1.98937264E+09   2.41995763E+09   2.41995763E+09   2.39112362E+09   2.06783980E+09   2.06783980E+09
   1.30000000E-02   1.95422503E+09   2.38522962E+09   2.38522962E+09   2.35390917E+09   2.03219252E+09   2.03219252E+09
   1.32000000E-02   1.92021078E+09   2.35151635E+09   2.35151635E+09   2.31782887E+09   1.99768311E+09   1.99768311E+09
   1.34000000E-02   1.88727714E+09   2.31877349E+09   2.31877349E+09   2.28283175E+09   1.96425892E+09   1.96425892E+09
   1.36000000E-02   1.85537452E+09   2.28695930E+09   2.28695930E+09   2.24886982E+09   1.93187047E+09   1.93187047E+09
   1.38000000E-02   1.82437708E+09   2.25429006E+09   2.25429006E+09   2.21589793E+09   1.90047120E+09   1.90047120E+09
   1.40000000E-02   1.79358628E+09   2.20631591E+09   2.20631591E+09   2.18387347E+09   1.87001729E+09   1.87001729E+09
   1.42000000E-02   1.76372641E+09   2.15985777E+09   2.15985777E+09   2.15275627E+09   1.84046745E+09   1.84046745E+09
   1.44000000E-02   1.73475940E+09   2.11490229E+09   2.11490229E+09   2.12250837E+09   1.81178273E+09   1.81178273E+09
   1.46000000E-02   1.70664684E+09   2.07138197E+09   2.07138197E+09   2.09309393E+09   1.78392638E+09   1.78392638E+09
   1.48000000E-02   1.67935244E+09   2.02923314E+09   2.02923314E+09   2.06447903E+09   1.75686367E+09   1.75686367E+09
   1.50000000E-02   1.65284193E+09   1.98839579E+09   1.98839579E+09   2.03663155E+09   1.73056177E+09   1.73056177E+09
   1.52000000E-02   1.62708291E+09   1.94881323E+09   1.94881323E+09   2.00952110E+09   1.70498964E+09   1.70498964E+09
   1.54000000E-02   1.60204472E+09   1.91043194E+09   1.91043194E+09   1.98311885E+09   1.68011787E+09   1.68011787E+09
   1.56000000E-02   1.57769829E+09   1.87320130E+09   1.87320130E+09   1.95739747E+09   1.65591860E+09   1.65591860E+09
   1.58000000E-02   1.55401612E+09   1.83707342E+09   1.83707342E+09   1.93233099E+09   1.63236541E+09   1.63236541E+09
   1.60000000E-02   1.53097211E+09   1.80200297E+09   1.80200297E+09   1.90789476E+09   1.60943326E+09   1.60943326E+09
   1.62000000E-02   1.50854149E+09   1.76794701E+09   1.76794701E+09   1.88406536E+09   1.58709834E+09   1.58709834E+09
   1.64000000E-02   1.48670073E+09   1.73486481E+09   1.73486481E+09   1.86082050E+09   1.56533806E+09   1.56533806E+09
   1.66000000E-02   1.46542750E+09   1.70271775E+09   1.70271775E+09   1.83813898E+09   1.54413093E+09   1.54413093E+09
   1.68000000E-02   1.44470055E+09   1.67146917E+09   1.67146917E+09   1.81600059E+09   1.52345651E+09   1.52345651E+09
   1.70000000E-02   1.42449968E+09   1.64108424E+09   1.64108424E+09   1.79438609E+09   1.50329535E+09   1.50329535E+09
   1.72000000E-02   1.40480563E+09   1.61152987E+09   1.61152987E+09   1.77327714E+09   1.48362894E+09   1.48362894E+09
   1.74000000E-02   1.38560009E+09   1.58277459E+09   1.58277459E+09   1.75265625E+09   1.46443960E+09   1.46443960E+09
   1.76000000E-02   1.36686560E+09   1.55478845E+09   1.55478845E+09   1.73250671E+09   1.44571053E+09   1.44571053E+09
   1.78000000E-02   1.34858550E+09   1.52754293E+09   1.52754293E+09   1.71281256E+09   1.42742565E+09   1.42742565E+09
   1.80000000E-02   1.32775033E+09   1.49944612E+09   1.49944612E+09   1.68917344E+09   1.40619791E+09   1.40619791E+09
   1.82000000E-02   1.29976385E+09   1.46807753E+09   1.46807753E+09   1.65488482E+09   1.37685767E+09   1.37685767E+09
   1.84000000E-02   1.27253057E+09   1.43755185E+09   1.43755185E+09   1.62151162E+09   1.34830540E+09   1.34830540E+09
   1.86000000E-02   1.24602312E+09   1.40783844E+09   1.40783844E+09   1.58902066E+09   1.32051246E+09   1.32051246E+09
   1.88000000E-02   1.22021536E+09   1.37890808E+09   1.37890808E+09   1.55738031E+09   1.29345154E+09   1.29345154E+09
   1.90000000E-02   1.19508235E+09   1.35073289E+09   1.35073289E+09   1.52656037E+09   1.26709658E+09   1.26709658E+09
   1.92000000E-02   1.17060028E+09   1.32328623E+09   1.32328623E+09   1.49653201E+09   1.24142269E+09   1.24142269E+09
   1.94000000E-02   1.14674642E+09   1.29654267E+09   1.29654267E+09   1.46726767E+09   1.21640611E+09   1.21640611E+09
   1.96000000E-02   1.12349901E+09   1.27047790E+09   1.27047790E+09   1.43874102E+09   1.19202411E+09   1.19202411E+09
   1.98000000E-02   1.10083729E+09   1.24506868E+09   1.24506868E+09   1.41092689E+09   1.16825497E+09   1.16825497E+09
   2.00000000E-02   1.07874136E+09   1.22029278E+09   1.22029278E+09   1.38380120E+09   1.14507791E+09   1.14507791E+09
   2.02000000E-02   1.05719221E+09   1.19612891E+09   1.19612891E+09   1.35734088E+09   1.12247304E+09   1.12247304E+09
   2.04000000E-02   1.03617163E+09   1.17255672E+09   1.17255672E+09   1.33152387E+09   1.10042133E+09   1.10042133E+09
   2.06000000E-02   1.01566217E+09   1.14955668E+09   1.14955668E+09   1.30632902E+09   1.07890454E+09   1.07890454E+09
   2.08000000E-02   9.95647107E+08   1.12711010E+09   1.12711010E+09   1.28173608E+09   1.05790520E+09   1.05790520E+09
   2.10000000E-02   9.76110431E+08   1.10519907E+09   1.10519907E+09   1.25772562E+09   1.03740655E+09   1.03740655E+09
   2.12000000E-02   9.57036776E+08   1.08380640E+09   1.08380640E+09   1.23427901E+09   1.01739254E+09   1.01739254E+09
   2.14000000E-02   9.38411404E+08   1.06291559E+09   1.06291559E+09   1.21137839E+09   9.97847760E+08   9.97847760E+08
   2.16000000E-02   9.20220169E+08   1.04251084E+09   1.04251084E+09   1.18900660E+09   9.78757417E+08   9.78757417E+08
   2.18000000E-02   9.02449495E+08   1.02257695E+09   1.02257695E+09   1.16714718E+09   9.60107317E+08   9.60107317E+08
   2.20000000E-02   8.85086341E+08   1.00309933E+09   1.00309933E+09   1.14578430E+09   9.41883825E+08   9.41883825E+08
   2.22000000E-02   8.68108470E+08   9.83850241E+08   9.83850241E+08   1.12490276E+09   9.24073840E+08   9.24073840E+08
   2.24000000E-02   8.51464540E+08   9.63950912E+08   9.63950912E+08   1.10448797E+09   9.06664774E+08   9.06664774E+08
   2.26000000E-02   8.35193376E+08   9.44498047E+08   9.44498047E+08   1.08452588E+09   8.89644522E+08   8.89644522E+08
   2.28000000E-02   8.19283967E+08   9.25481849E+08   9.25481849E+08   1.06500297E+09   8.73001442E+08   8.73001442E+08
   2.30000000E-02   8.03725555E+08   9.06889275E+08   9.06889275E+08   1.04590626E+09   8.56724334E+08   8.56724334E+08
   2.32000000E-02   7.88507785E+08   8.88707775E+08   8.88707775E+08   1.02722322E+09   8.40802421E+08   8.40802421E+08
   2.34000000E-02   7.73620693E+08   8.70925268E+08   8.70925268E+08   1.00894181E+09   8.25225325E+08   8.25225325E+08
   2.36000000E-02   7.59054679E+08   8.53530121E+08   8.53530121E+08   9.91050447E+08   8.09983054E+08   8.09983054E+08
   2.38000000E-02   7.44800499E+08   8.36511130E+08   8.36511130E+08   9.73537940E+08   7.95065982E+08   7.95065982E+08
   2.40000000E-02   7.30849245E+08   8.19857500E+08   8.19857500E+08   9.56393526E+08   7.80464834E+08   7.80464834E+08
   2.42000000E-02   7.17192330E+08   8.03558828E+08   8.03558828E+08   9.39606822E+08   7.66170668E+08   7.66170668E+08
   2.44000000E-02   7.03821475E+08   7.87605085E+08   7.87605085E+08   9.23167820E+08   7.52174864E+08   7.52174864E+08
   2.46000000E-02   6.90728698E+08   7.71986598E+08   7.71986598E+08   9.07066865E+08   7.38469108E+08   7.38469108E+08
   2.48000000E-02   6.77906295E+08   7.56694038E+08   7.56694038E+08   8.91294641E+08   7.25045379E+08   7.25045379E+08
   2.50000000E-02   6.65346834E+08   7.41718403E+08   7.41718403E+08   8.75842159E+08   7.11895938E+08   7.11895938E+08
   2.52000000E-02   6.53043141E+08   7.27051006E+08   7.27051006E+08   8.60700741E+08   6.99013312E+08   6.99013312E+08
   2.54000000E-02   6.40988290E+08   7.12683459E+08   7.12683459E+08   8.45862007E+08   6.86390287E+08   6.86390287E+08
   2.56000000E-02   6.29175591E+08   6.98607662E+08   6.98607662E+08   8.31317862E+08   6.74019897E+08   6.74019897E+08
   2.58000000E-02   6.17598581E+08   6.84815791E+08   6.84815791E+08   8.17060488E+08   6.61895410E+08   6.61895410E+08
   2.60000000E-02   6.06251017E+08   6.71300288E+08   6.71300288E+08   8.03082327E+08   6.50010323E+08   6.50010323E+08
   2.62000000E-02   5.95126862E+08   6.58053847E+08   6.58053847E+08   7.89376074E+08   6.38358349E+08   6.38358349E+08
   2.64000000E-02   5.83981257E+08   6.44944466E+08   6.44944466E+08   7.75399343E+08   6.26620787E+08   6.26620787E+08
   2.66000000E-02   5.72508230E+08   6.31808330E+08   6.31808330E+08   7.60455227E+08   6.14394869E+08   6.14394869E+08
   2.68000000E-02   5.61259096E+08   6.18929868E+08   6.18929868E+08   7.45801919E+08   6.02407296E+08   6.02407296E+08
   2.70000000E-02   5.50228104E+08   6.06302443E+08   6.06302443E+08   7.31431956E+08   5.90651947E+08   5.90651947E+08
   2.72000000E-02   5.39409687E+08   5.93919637E+08   5.93919637E+08   7.17338117E+08   5.79122898E+08   5.79122898E+08
   2.74000000E-02   5.28798457E+08   5.81775234E+08   5.81775234E+08   7.03513414E+08   5.67814419E+08   5.67814419E+08
   2.76000000E-02   5.18389200E+08   5.69863221E+08   5.69863221E+08   6.89951079E+08   5.56720957E+08   5.56720957E+08
   2.78000000E-02   5.08176865E+08   5.58177772E+08   5.58177772E+08   6.76644561E+08   5.45837141E+08   5.45837141E+08
   2.80000000E-02   4.98156562E+08   5.46713249E+08   5.46713249E+08   6.63587515E+08   5.35157765E+08   5.35157765E+08
   2.82000000E-02   4.88323552E+08   5.35464187E+08   5.35464187E+08   6.50773794E+08   5.24677788E+08   5.24677788E+08
   2.84000000E-02   4.78673245E+08   5.24425292E+08   5.24425292E+08   6.38197440E+08   5.14392324E+08   5.14392324E+08
   2.86000000E-02   4.69201191E+08   5.13591435E+08   5.13591435E+08   6.25852683E+08   5.04296640E+08   5.04296640E+08
   2.88000000E-02   4.59903079E+08   5.02957643E+08   5.02957643E+08   6.13733925E+08   4.94386145E+08   4.94386145E+08
   2.90000000E-02   4.50774726E+08   4.92519095E+08   4.92519095E+08   6.01835741E+08   4.84656390E+08   4.84656390E+08
   2.92000000E-02   4.41812078E+08   4.82271116E+08   4.82271116E+08   5.90152870E+08   4.75103060E+08   4.75103060E+08
   2.94000000E-02   4.33011202E+08   4.72209172E+08   4.72209172E+08   5.78680207E+08   4.65721970E+08   4.65721970E+08
   2.96000000E-02   4.24368282E+08   4.62328863E+08   4.62328863E+08   5.67412802E+08   4.56509058E+08   4.56509058E+08
   2.98000000E-02   4.15879615E+08   4.52625923E+08   4.52625923E+08   5.56345850E+08   4.47460386E+08   4.47460386E+08
   3.00000000E-02   4.07541609E+08   4.43096209E+08   4.43096209E+08   5.45474688E+08   4.38572128E+08   4.38572128E+08
   3.02000000E-02   3.99350776E+08   4.33735701E+08   4.33735701E+08   5.34794790E+08   4.29840573E+08   4.29840573E+08
   3.04000000E-02   3.91303728E+08   4.24540495E+08   4.24540495E+08   5.24301760E+08   4.21262117E+08   4.21262117E+08
   3.06000000E-02   3.83397178E+08   4.15506801E+08   4.15506801E+08   5.13991330E+08   4.12833259E+08   4.12833259E+08
   3.08000000E-02   3.75627931E+08   4.06630938E+08   4.06630938E+08   5.03859356E+08   4.04550602E+08   4.04550602E+08
   3.10000000E-02   3.67992885E+08   3.97909330E+08   3.97909330E+08   4.93901810E+08   3.96410843E+08   3.96410843E+08
   3.12000000E-02   3.60489025E+08   3.89338503E+08   3.89338503E+08   4.84114779E+08   3.88410772E+08   3.88410772E+08
   3.14000000E-02   3.53113421E+08   3.80915081E+08   3.80915081E+08   4.74494461E+08   3.80547274E+08   3.80547274E+08
   3.16000000E-02   3.45863226E+08   3.72635783E+08   3.72635783E+08   4.65037161E+08   3.72817316E+08   3.72817316E+08
   3.18000000E-02   3.38735672E+08   3.64497419E+08   3.64497419E+08   4.55739285E+08   3.65217953E+08   3.65217953E+08
   3.20000000E-02   3.31728067E+08   3.56496889E+08   3.56496889E+08   4.46597339E+08   3.57746320E+08   3.57746320E+08
   3.22000000E-02   3.24837795E+08   3.48631176E+08   3.48631176E+08   4.37607928E+08   3.50399633E+08   3.50399633E+08
   3.24000000E-02   3.18062310E+08   3.40897349E+08   3.40897349E+08   4.28767745E+08   3.43175181E+08   3.43175181E+08
   3.26000000E-02   3.11399135E+08   3.33292554E+08   3.33292554E+08   4.20073577E+08   3.36070330E+08   3.36070330E+08
   3.28000000E-02   3.04845862E+08   3.25814017E+08   3.25814017E+08   4.11522297E+08   3.29082515E+08   3.29082515E+08
   3.30000000E-02   2.98400146E+08   3.18459036E+08   3.18459036E+08   4.03110860E+08   3.22209241E+08   3.22209241E+08
   3.32000000E-02   2.92059706E+08   3.11224983E+08   3.11224983E+08   3.94836306E+08   3.15448079E+08   3.15448079E+08
   3.34000000E-02   2.85822320E+08   3.04109300E+08   3.04109300E+08   3.86695750E+08   3.08796666E+08   3.08796666E+08
   3.36000000E-02   2.79685826E+08   2.97109497E+08   2.97109497E+08   3.78686385E+08   3.02252701E+08   3.02252701E+08
   3.38000000E-02   2.73648120E+08   2.90223149E+08   2.90223149E+08   3.70805479E+08   2.95813941E+08   2.95813941E+08
   3.40000000E-02   2.67707151E+08   2.83447894E+08   2.83447894E+08   3.63050368E+08   2.89478206E+08   2.89478206E+08
   3.42000000E-02   2.61860921E+08   2.76781433E+08   2.76781433E+08   3.55418462E+08   2.83243370E+08   2.83243370E+08
   3.44000000E-02   2.56107486E+08   2.70221526E+08   2.70221526E+08   3.47907233E+08   2.77107361E+08   2.77107361E+08
   3.46000000E-02   2.50444951E+08   2.63765990E+08   2.63765990E+08   3.40514222E+08   2.71068164E+08   2.71068164E+08
   3.48000000E-02   2.44871469E+08   2.57412698E+08   2.57412698E+08   3.33237029E+08   2.65123811E+08   2.65123811E+08
   3.50000000E-02   2.39385239E+08   2.51159579E+08   2.51159579E+08   3.26073319E+08   2.59272388E+08   2.59272388E+08
   3.52000000E-02   2.33984509E+08   2.45004612E+08   2.45004612E+08   3.19020813E+08   2.53512028E+08   2.53512028E+08
   3.54000000E-02   2.28667567E+08   2.38945829E+08   2.38945829E+08   3.12077290E+08   2.47840909E+08   2.47840909E+08
   3.56000000E-02   2.23432965E+08   2.32986111E+08   2.32986111E+08   3.05240587E+08   2.42257257E+08   2.42257257E+08
   3.58000000E-02   2.18324304E+08   2.28119326E+08   2.28119326E+08   2.98508591E+08   2.36759342E+08   2.36759342E+08
   3.60000000E-02   2.13312399E+08   2.23735977E+08   2.23735977E+08   2.91879244E+08   2.31345476E+08   2.31345476E+08
   3.62000000E-02   2.08376805E+08   2.19418231E+08   2.19418231E+08   2.85350537E+08   2.26014014E+08   2.26014014E+08
   3.64000000E-02   2.03516034E+08   2.15164818E+08   2.15164818E+08   2.78920511E+08   2.20763348E+08   2.20763348E+08
   3.66000000E-02   1.98728636E+08   2.10974499E+08   2.10974499E+08   2.72587256E+08   2.15591913E+08   2.15591913E+08
   3.68000000E-02   1.94013196E+08   2.06846066E+08   2.06846066E+08   2.66348905E+08   2.10498180E+08   2.10498180E+08
   3.70000000E-02   1.89368330E+08   2.02778340E+08   2.02778340E+08   2.60203640E+08   2.05480657E+08   2.05480657E+08
   3.72000000E-02   1.84792692E+08   1.98770168E+08   1.98770168E+08   2.54149683E+08   2.00537888E+08   2.00537888E+08
   3.74000000E-02   1.80284964E+08   1.94820426E+08   1.94820426E+08   2.48185301E+08   1.95668453E+08   1.95668453E+08
   3.76000000E-02   1.75843861E+08   1.90928018E+08   1.90928018E+08   2.42308801E+08   1.90870963E+08   1.90870963E+08
   3.78000000E-02   1.71468130E+08   1.87091871E+08   1.87091871E+08   2.36518530E+08   1.86144065E+08   1.86144065E+08
   3.80000000E-02   1.67156545E+08   1.83310938E+08   1.83310938E+08   2.30812874E+08   1.81486435E+08   1.81486435E+08
   3.82000000E-02   1.62907909E+08   1.79584198E+08   1.79584198E+08   2.25190258E+08   1.76896781E+08   1.76896781E+08
   3.84000000E-02   1.58721054E+08   1.75910652E+08   1.75910652E+08   2.19649140E+08   1.72373843E+08   1.72373843E+08
   3.86000000E-02   1.54601702E+08   1.72292913E+08   1.72292913E+08   2.14196966E+08   1.67923858E+08   1.67923858E+08
   3.88000000E-02   1.51672921E+08   1.69317648E+08   1.69317648E+08   2.10246064E+08   1.64757227E+08   1.64757227E+08
   3.90000000E-02   1.49278820E+08   1.66641658E+08   1.66641658E+08   2.06966560E+08   1.62165895E+08   1.62165895E+08
   3.92000000E-02   1.46917375E+08   1.64002172E+08   1.64002172E+08   2.03731722E+08   1.59609892E+08   1.59609892E+08
   3.94000000E-02   1.44588004E+08   1.61398543E+08   1.61398543E+08   2.00540758E+08   1.57088590E+08   1.57088590E+08
   3.96000000E-02   1.42290140E+08   1.58830136E+08   1.58830136E+08   1.97392891E+08   1.54601377E+08   1.54601377E+08
   3.98000000E-02   1.40023227E+08   1.56296330E+08   1.56296330E+08   1.94287363E+08   1.52147651E+08   1.52147651E+08
   4.00000000E-02   1.37786724E+08   1.53796519E+08   1.53796519E+08   1.91223432E+08   1.49726825E+08   1.49726825E+08
   4.02000000E-02   1.35580099E+08   1.51330109E+08   1.51330109E+08   1.88200372E+08   1.47338326E+08   1.47338326E+08
   4.04000000E-02   1.33402834E+08   1.48896520E+08   1.48896520E+08   1.85217474E+08   1.44981592E+08   1.44981592E+08
   4.06000000E-02   1.31254420E+08   1.46495184E+08   1.46495184E+08   1.82274044E+08   1.42656073E+08   1.42656073E+08
   4.08000000E-02   1.29134362E+08   1.44125547E+08   1.44125547E+08   1.79369402E+08   1.40361233E+08   1.40361233E+08
   4.10000000E-02   1.27042172E+08   1.41787065E+08   1.41787065E+08   1.76502885E+08   1.38096546E+08   1.38096546E+08
   4.12000000E-02   1.24977376E+08   1.39479206E+08   1.39479206E+08   1.73673843E+08   1.35861497E+08   1.35861497E+08
   4.14000000E-02   1.22939509E+08   1.37201451E+08   1.37201451E+08   1.70881638E+08   1.33655584E+08   1.33655584E+08
   4.16000000E-02   1.20928114E+08   1.34953290E+08   1.34953290E+08   1.68125650E+08   1.31478313E+08   1.31478313E+08
   4.18000000E-02   1.18942747E+08   1.32734224E+08   1.32734224E+08   1.65405269E+08   1.29329203E+08   1.29329203E+08
   4.20000000E-02   1.16982971E+08   1.30543767E+08   1.30543767E+08   1.62719897E+08   1.27207781E+08   1.27207781E+08
   4.22000000E-02   1.15048360E+08   1.28381441E+08   1.28381441E+08   1.60068952E+08   1.25113587E+08   1.25113587E+08
   4.24000000E-02   1.13138494E+08   1.26246778E+08   1.26246778E+08   1.57451862E+08   1.23046166E+08   1.23046166E+08
   4.26000000E-02   1.11252965E+08   1.24139321E+08   1.24139321E+08   1.54868067E+08   1.21005078E+08   1.21005078E+08
   4.28000000E-02   1.09391371E+08   1.22058622E+08   1.22058622E+08   1.52317019E+08   1.18989887E+08   1.18989887E+08
   4.30000000E-02   1.07553321E+08   1.20004241E+08   1.20004241E+08   1.49798181E+08   1.17000169E+08   1.17000169E+08
   4.32000000E-02   1.05738430E+08   1.17975749E+08   1.17975749E+08   1.47311028E+08   1.15035509E+08   1.15035509E+08
   4.34000000E-02   1.03946320E+08   1.15972725E+08   1.15972725E+08   1.44855044E+08   1.13095499E+08   1.13095499E+08
   4.36000000E-02   1.02176624E+08   1.13994756E+08   1.13994756E+08   1.42429726E+08   1.11179740E+08   1.11179740E+08
   4.38000000E-02   1.00428979E+08   1.12041438E+08   1.12041438E+08   1.40034578E+08   1.09287840E+08   1.09287840E+08
   4.40000000E-02   9.87030323E+07   1.10112375E+08   1.10112375E+08   1.37669118E+08   1.07419417E+08   1.07419417E+08
   4.42000000E-02   9.69984357E+07   1.08207181E+08   1.08207181E+08   1.35332870E+08   1.05574096E+08   1.05574096E+08
   4.44000000E-02   9.53148497E+07   1.06325473E+08   1.06325473E+08   1.33025369E+08   1.03751508E+08   1.03751508E+08
   4.46000000E-02   9.36519409E+07   1.04466880E+08   1.04466880E+08   1.30746161E+08   1.01951293E+08   1.01951293E+08
   4.48000000E-02   9.20093828E+07   1.02631036E+08   1.02631036E+08   1.28494797E+08   1.00173097E+08   1.00173097E+08
   4.50000000E-02   9.03868552E+07   1.00817584E+08   1.00817584E+08   1.26270841E+08   9.84165753E+07   9.84165753E+07
   4.52000000E-02   8.87840443E+07   9.90261731E+07   9.90261731E+07   1.24073864E+08   9.66813872E+07   9.66813872E+07
   4.54000000E-02   8.72006423E+07   9.72564588E+07   9.72564588E+07   1.21903444E+08   9.49672000E+07   9.49672000E+07
   4.56000000E-02   8.56363477E+07   9.55081040E+07   9.55081040E+07   1.19759169E+08   9.32736876E+07   9.32736876E+07
   4.58000000E-02   8.40908646E+07   9.37807781E+07   9.37807781E+07   1.17640636E+08   9.16005299E+07   9.16005299E+07
   4.60000000E-02   8.25639030E+07   9.20741568E+07   9.20741568E+07   1.15547446E+08   8.99474130E+07   8.99474130E+07
   4.62000000E-02   8.10551784E+07   9.03879221E+07   9.03879221E+07   1.13479212E+08   8.83140294E+07   8.83140294E+07
   4.64000000E-02   7.95644120E+07   8.87217621E+07   8.87217621E+07   1.11435551E+08   8.67000772E+07   8.67000772E+07
   4.66000000E-02   7.80913299E+07   8.70753710E+07   8.70753710E+07   1.09416090E+08   8.51052604E+07   8.51052604E+07
   4.68000000E-02   7.66356638E+07   8.54484486E+07   8.54484486E+07   1.07420462E+08   8.35292885E+07   8.35292885E+07
   4.70000000E-02   7.51971505E+07   8.38407006E+07   8.38407006E+07   1.05448306E+08   8.19718768E+07   8.19718768E+07
   4.72000000E-02   7.37755315E+07   8.22518382E+07   8.22518382E+07   1.03499270E+08   8.04327459E+07   8.04327459E+07
   4.74000000E-02   7.23705535E+07   8.06815779E+07   8.06815779E+07   1.01573006E+08   7.89116214E+07   7.89116214E+07
   4.76000000E-02   7.09819676E+07   7.91296419E+07   7.91296419E+07   9.96691745E+07   7.74082343E+07   7.74082343E+07
   4.78000000E-02   6.96095300E+07   7.75957572E+07   7.75957572E+07   9.77874420E+07   7.59223207E+07   7.59223207E+07
   4.80000000E-02   6.82530009E+07   7.60796561E+07   7.60796561E+07   9.59274809E+07   7.44536214E+07   7.44536214E+07
   4.82000000E-02   6.69121454E+07   7.45810758E+07   7.45810758E+07   9.40889697E+07   7.30018820E+07   7.30018820E+07
   4.84000000E-02   6.55867329E+07   7.30997583E+07   7.30997583E+07   9.22715928E+07   7.15668531E+07   7.15668531E+07
   4.86000000E-02   6.42765366E+07   7.16354505E+07   7.16354505E+07   9.04750405E+07   7.01482896E+07   7.01482896E+07
   4.88000000E-02   6.29813345E+07   7.01879039E+07   7.01879039E+07   8.86990089E+07   6.87459510E+07   6.87459510E+07
   4.90000000E-02   6.17009081E+07   6.87568744E+07   6.87568744E+07   8.69431995E+07   6.73596011E+07   6.73596011E+07
   4.92000000E-02   6.04350433E+07   6.73421224E+07   6.73421224E+07   8.52073191E+07   6.59890082E+07   6.59890082E+07
   4.94000000E-02   5.91835295E+07   6.59434128E+07   6.59434128E+07   8.34910801E+07   6.46339446E+07   6.46339446E+07
   4.96000000E-02   5.79461603E+07   6.45605145E+07   6.45605145E+07   8.17941998E+07   6.32941867E+07   6.32941867E+07
   4.98000000E-02   5.67227326E+07   6.31932007E+07   6.31932007E+07   8.01164010E+07   6.19695152E+07   6.19695152E+07
   5.00000000E-02   5.55130473E+07   6.18412488E+07   6.18412488E+07   7.84574109E+07   6.06597143E+07   6.06597143E+07
   5.02000000E-02   5.43169086E+07   6.05044398E+07   6.05044398E+07   7.68169620E+07   5.93645725E+07   5.93645725E+07
   5.04000000E-02   5.31341244E+07   5.91825589E+07   5.91825589E+07   7.51947914E+07   5.80838816E+07   5.80838816E+07
   5.06000000E-02   5.19645057E+07   5.78753951E+07   5.78753951E+07   7.35906409E+07   5.68174376E+07   5.68174376E+07
   5.08000000E-02   5.08078672E+07   5.65827409E+07   5.65827409E+07   7.20042567E+07   5.55650396E+07   5.55650396E+07
   5.10000000E-02   4.96640265E+07   5.53043927E+07   5.53043927E+07   7.04353898E+07   5.43264906E+07   5.43264906E+07
   5.12000000E-02   4.85328047E+07   5.40401503E+07   5.40401503E+07   6.88837952E+07   5.31015969E+07   5.31015969E+07
   5.14000000E-02   4.74140259E+07   5.27898170E+07   5.27898170E+07   6.73492323E+07   5.18901682E+07   5.18901682E+07
   5.16000000E-02   4.63075172E+07   5.15531997E+07   5.15531997E+07   6.58314648E+07   5.06920174E+07   5.06920174E+07
   5.18000000E-02   4.52131087E+07   5.03301084E+07   5.03301084E+07   6.43302603E+07   4.95069608E+07   4.95069608E+07
   5.20000000E-02   4.41306336E+07   4.91203566E+07   4.91203566E+07   6.28453906E+07   4.83348179E+07   4.83348179E+07
   5.22000000E-02   4.30599278E+07   4.79237608E+07   4.79237608E+07   6.13766313E+07   4.71754111E+07   4.71754111E+07
   5.24000000E-02   4.20008301E+07   4.67401408E+07   4.67401408E+07   5.99237619E+07   4.60285661E+07   4.60285661E+07
   5.26000000E-02   4.09531819E+07   4.55693195E+07   4.55693195E+07   5.84865656E+07   4.48941113E+07   4.48941113E+07
   5.28000000E-02   3.99168275E+07   4.44111226E+07   4.44111226E+07   5.70648293E+07   4.37718782E+07   4.37718782E+07
   5.30000000E-02   3.88916138E+07   4.32653790E+07   4.32653790E+07   5.56583436E+07   4.26617011E+07   4.26617011E+07
   5.32000000E-02   3.78773902E+07   4.21319204E+07   4.21319204E+07   5.42669026E+07   4.15634172E+07   4.15634172E+07
   5.34000000E-02   3.68740087E+07   4.10105813E+07   4.10105813E+07   5.28903037E+07   4.04768663E+07   4.04768663E+07
   5.36000000E-02   3.58813237E+07   3.99011990E+07   3.99011990E+07   5.15283480E+07   3.94018909E+07   3.94018909E+07
   5.38000000E-02   3.48991922E+07   3.88036135E+07   3.88036135E+07   5.01808397E+07   3.83383362E+07   3.83383362E+07
   5.40000000E-02   3.39274733E+07   3.77176675E+07   3.77176675E+07   4.88475863E+07   3.72860501E+07   3.72860501E+07
   5.42000000E-02   3.29660289E+07   3.66432063E+07   3.66432063E+07   4.75283985E+07   3.62448827E+07   3.62448827E+07
   5.44000000E-02   3.20147226E+07   3.55800777E+07   3.55800777E+07   4.62230902E+07   3.52146868E+07   3.52146868E+07
   5.46000000E-02   3.10734207E+07   3.45281322E+07   3.45281322E+07   4.49314783E+07   3.41953176E+07   3.41953176E+07
   5.48000000E-02   3.01419916E+07   3.34872226E+07   3.34872226E+07   4.36533827E+07   3.31866327E+07   3.31866327E+07
   5.50000000E-02   2.92203058E+07   3.24572040E+07   3.24572040E+07   4.23886263E+07   3.21884919E+07   3.21884919E+07
   5.52000000E-02   2.83082357E+07   3.14379341E+07   3.14379341E+07   4.11370349E+07   3.12007576E+07   3.12007576E+07
   5.54000000E-02   2.74056563E+07   3.04292728E+07   3.04292728E+07   3.98984370E+07   3.02232939E+07   3.02232939E+07
   5.56000000E-02   2.65124441E+07   2.94310823E+07   2.94310823E+07   3.86726640E+07   2.92559677E+07   2.92559677E+07
   5.58000000E-02   2.56284779E+07   2.84432270E+07   2.84432270E+07   3.74595500E+07   2.82986477E+07   2.82986477E+07
   5.60000000E-02   2.47536384E+07   2.74655735E+07   2.74655735E+07   3.62589317E+07   2.73512047E+07   2.73512047E+07
   5.62000000E-02   2.38878081E+07   2.64979905E+07   2.64979905E+07   3.50706486E+07   2.64135117E+07   2.64135117E+07
   5.64000000E-02   2.30308714E+07   2.55403489E+07   2.55403489E+07   3.38945425E+07   2.54854438E+07   2.54854438E+07
   5.66000000E-02   2.21827148E+07   2.45925216E+07   2.45925216E+07   3.27304580E+07   2.45668778E+07   2.45668778E+07
   5.68000000E-02   2.15310517E+07   2.37525617E+07   2.37525617E+07   3.18324046E+07   2.38643309E+07   2.38643309E+07
   5.70000000E-02   2.12771986E+07   2.31256341E+07   2.31256341E+07   3.14740487E+07   2.35995782E+07   2.35995782E+07
   5.72000000E-02   2.10478763E+07   2.25165572E+07   2.25165572E+07   3.11493628E+07   2.33617415E+07   2.33617415E+07
   5.74000000E-02   2.08254019E+07   2.20172779E+07   2.20172779E+07   3.08276861E+07   2.31261024E+07   2.31261024E+07
   5.76000000E-02   2.06164052E+07   2.17742570E+07   2.17742570E+07   3.05089821E+07   2.28926343E+07   2.28926343E+07
   5.78000000E-02   2.04102015E+07   2.15527480E+07   2.15527480E+07   3.01932147E+07   2.26613110E+07   2.26613110E+07
   5.80000000E-02   2.02058842E+07   2.13332698E+07   2.13332698E+07   2.98803487E+07   2.24321067E+07   2.24321067E+07
   5.82000000E-02   2.00034305E+07   2.11157980E+07   2.11157980E+07   2.95703490E+07   2.22049959E+07   2.22049959E+07
   5.84000000E-02   1.98028183E+07   2.09003086E+07   2.09003086E+07   2.92631814E+07   2.19799535E+07   2.19799535E+07
   5.86000000E-02   1.96040256E+07   2.06867779E+07   2.06867779E+07   2.89588121E+07   2.17569549E+07   2.17569549E+07
   5.88000000E-02   1.94070308E+07   2.04751826E+07   2.04751826E+07   2.86572076E+07   2.15359758E+07   2.15359758E+07
   5.90000000E-02   1.92118125E+07   2.02654999E+07   2.02654999E+07   2.83583353E+07   2.13169922E+07   2.13169922E+07
   5.92000000E-02   1.90183497E+07   2.00577070E+07   2.00577070E+07   2.80621627E+07   2.10999806E+07   2.10999806E+07
   5.94000000E-02   1.88266219E+07   1.98517817E+07   1.98517817E+07   2.77686581E+07   2.08849177E+07   2.08849177E+07
   5.96000000E-02   1.86366086E+07   1.96477021E+07   1.96477021E+07   2.74777900E+07   2.06717807E+07   2.06717807E+07
   5.98000000E-02   1.84482898E+07   1.94454466E+07   1.94454466E+07   2.71895276E+07   2.04605470E+07   2.04605470E+07
   6.00000000E-02   1.82616457E+07   1.92449938E+07   1.92449938E+07   2.69038404E+07   2.02511944E+07   2.02511944E+07
   6.02000000E-02   1.80766569E+07   1.90463228E+07   1.90463228E+07   2.66206984E+07   2.00437009E+07   2.00437009E+07
   6.04000000E-02   1.78933041E+07   1.88494128E+07   1.88494128E+07   2.63400720E+07   1.98380452E+07   1.98380452E+07
   6.06000000E-02   1.77115685E+07   1.86542437E+07   1.86542437E+07   2.60619321E+07   1.96342058E+07   1.96342058E+07
   6.08000000E-02   1.75314314E+07   1.84607951E+07   1.84607951E+07   2.57862500E+07   1.94321619E+07   1.94321619E+07
   6.10000000E-02   1.73528745E+07   1.82690475E+07   1.82690475E+07   2.55129975E+07   1.92318927E+07   1.92318927E+07
   6.12000000E-02   1.71758797E+07   1.80789812E+07   1.80789812E+07   2.52421466E+07   1.90333781E+07   1.90333781E+07
   6.14000000E-02   1.70004290E+07   1.78905771E+07   1.78905771E+07   2.49736699E+07   1.88365979E+07   1.88365979E+07
   6.16000000E-02   1.68265051E+07   1.77038162E+07   1.77038162E+07   2.47075403E+07   1.86415324E+07   1.86415324E+07
   6.18000000E-02   1.66540904E+07   1.75186799E+07   1.75186799E+07   2.44437311E+07   1.84481622E+07   1.84481622E+07
   6.20000000E-02   1.64831681E+07   1.73351497E+07   1.73351497E+07   2.41822160E+07   1.82564679E+07   1.82564679E+07
   6.22000000E-02   1.63137211E+07   1.71532075E+07   1.71532075E+07   2.39229690E+07   1.80664308E+07   1.80664308E+07
   6.24000000E-02   1.61457330E+07   1.69728355E+07   1.69728355E+07   2.36659647E+07   1.78780321E+07   1.78780321E+07
   6.26000000E-02   1.59791873E+07   1.67940160E+07   1.67940160E+07   2.34111778E+07   1.76912534E+07   1.76912534E+07
   6.28000000E-02   1.58140680E+07   1.66167316E+07   1.66167316E+07   2.31585834E+07   1.75060768E+07   1.75060768E+07
   6.30000000E-02   1.56503591E+07   1.64409653E+07   1.64409653E+07   2.29081571E+07   1.73224842E+07   1.73224842E+07
   6.32000000E-02   1.54880449E+07   1.62667001E+07   1.62667001E+07   2.26598748E+07   1.71404580E+07   1.71404580E+07
   6.34000000E-02   1.53271101E+07   1.60939193E+07   1.60939193E+07   2.24137125E+07   1.69599810E+07   1.69599810E+07
   6.36000000E-02   1.51675393E+07   1.59226065E+07   1.59226065E+07   2.21696469E+07   1.67810359E+07   1.67810359E+07
   6.38000000E-02   1.50093175E+07   1.57527457E+07   1.57527457E+07   2.19276548E+07   1.66036058E+07   1.66036058E+07
   6.40000000E-02   1.48524300E+07   1.55843206E+07   1.55843206E+07   2.16877133E+07   1.64276742E+07   1.64276742E+07
   6.42000000E-02   1.46968620E+07   1.54173158E+07   1.54173158E+07   2.14497999E+07   1.62532245E+07   1.62532245E+07
   6.44000000E-02   1.45425992E+07   1.52517155E+07   1.52517155E+07   2.12138925E+07   1.60802406E+07   1.60802406E+07
   6.46000000E-02   1.43896274E+07   1.50875045E+07   1.50875045E+07   2.09799692E+07   1.59087066E+07   1.59087066E+07
   6.48000000E-02   1.42379325E+07   1.49246677E+07   1.49246677E+07   2.07480083E+07   1.57386065E+07   1.57386065E+07
   6.50000000E-02   1.40875007E+07   1.47631901E+07   1.47631901E+07   2.05179885E+07   1.55699250E+07   1.55699250E+07
   6.52000000E-02   1.39383183E+07   1.46030572E+07   1.46030572E+07   2.02898889E+07   1.54026466E+07   1.54026466E+07
   6.54000000E-02   1.37903720E+07   1.44442543E+07   1.44442543E+07   2.00636886E+07   1.52367563E+07   1.52367563E+07
   6.56000000E-02   1.36436483E+07   1.42867672E+07   1.42867672E+07   1.98393674E+07   1.50722392E+07   1.50722392E+07
   6.58000000E-02   1.34981343E+07   1.41305818E+07   1.41305818E+07   1.96169049E+07   1.49090804E+07   1.49090804E+07
   6.60000000E-02   1.33538170E+07   1.39756841E+07   1.39756841E+07   1.93962814E+07   1.47472655E+07   1.47472655E+07
   6.62000000E-02   1.32106837E+07   1.38220605E+07   1.38220605E+07   1.91774771E+07   1.45867802E+07   1.45867802E+07
   6.64000000E-02   1.30687217E+07   1.36696973E+07   1.36696973E+07   1.89604728E+07   1.44276104E+07   1.44276104E+07
   6.66000000E-02   1.29279188E+07   1.35185813E+07   1.35185813E+07   1.87452493E+07   1.42697420E+07   1.42697420E+07
   6.68000000E-02   1.27882626E+07   1.33686992E+07   1.33686992E+07   1.85317877E+07   1.41131614E+07   1.41131614E+07
   6.70000000E-02   1.26497410E+07   1.32200380E+07   1.32200380E+07   1.83200695E+07   1.39578550E+07   1.39578550E+07
   6.72000000E-02   1.25123422E+07   1.30725849E+07   1.30725849E+07   1.81100763E+07   1.38038093E+07   1.38038093E+07
   6.74000000E-02   1.23760544E+07   1.29263273E+07   1.29263273E+07   1.79017900E+07   1.36510113E+07   1.36510113E+07
   6.76000000E-02   1.22408659E+07   1.27812525E+07   1.27812525E+07   1.76951927E+07   1.34994477E+07   1.34994477E+07
   6.78000000E-02   1.21067654E+07   1.26373483E+07   1.26373483E+07   1.74902668E+07   1.33491058E+07   1.33491058E+07
   6.80000000E-02   1.19737414E+07   1.24946025E+07   1.24946025E+07   1.72869949E+07   1.31999728E+07   1.31999728E+07
   6.82000000E-02   1.18417830E+07   1.23530030E+07   1.23530030E+07   1.70853598E+07   1.30520362E+07   1.30520362E+07
   6.84000000E-02   1.17108789E+07   1.22125381E+07   1.22125381E+07   1.68853446E+07   1.29052837E+07   1.29052837E+07
   6.86000000E-02   1.15810185E+07   1.20731960E+07   1.20731960E+07   1.66869325E+07   1.27597030E+07   1.27597030E+07
   6.88000000E-02   1.14521909E+07   1.19349651E+07   1.19349651E+07   1.64901070E+07   1.26152821E+07   1.26152821E+07
   6.90000000E-02   1.13243855E+07   1.17978341E+07   1.17978341E+07   1.62948517E+07   1.24720090E+07   1.24720090E+07
   6.92000000E-02   1.11975920E+07   1.16617916E+07   1.16617916E+07   1.61011507E+07   1.23298721E+07   1.23298721E+07
   6.94000000E-02   1.10717999E+07   1.15268267E+07   1.15268267E+07   1.59089880E+07   1.21888597E+07   1.21888597E+07
   6.96000000E-02   1.09469992E+07   1.13929282E+07   1.13929282E+07   1.57183480E+07   1.20489604E+07   1.20489604E+07
   6.98000000E-02   1.08231797E+07   1.12600854E+07   1.12600854E+07   1.55292151E+07   1.19101628E+07   1.19101628E+07
   7.00000000E-02   1.07003315E+07   1.11282876E+07   1.11282876E+07   1.53415740E+07   1.17724559E+07   1.17724559E+07
   7.02000000E-02   1.05784448E+07   1.09975242E+07   1.09975242E+07   1.51554098E+07   1.16358286E+07   1.16358286E+07
   7.04000000E-02   1.04575099E+07   1.08677848E+07   1.08677848E+07   1.49707074E+07   1.15002700E+07   1.15002700E+07
   7.06000000E-02   1.03375173E+07   1.07390590E+07   1.07390590E+07   1.47874522E+07   1.13657695E+07   1.13657695E+07
   7.08000000E-02   1.02184576E+07   1.06113369E+07   1.06113369E+07   1.46056296E+07   1.12323163E+07   1.12323163E+07
   7.10000000E-02   1.01003214E+07   1.04846082E+07   1.04846082E+07   1.44252254E+07   1.10999000E+07   1.10999000E+07
   7.12000000E-02   9.98309948E+06   1.03588631E+07   1.03588631E+07   1.42462253E+07   1.09685104E+07   1.09685104E+07
   7.14000000E-02   9.86678282E+06   1.02340918E+07   1.02340918E+07   1.40686153E+07   1.08381371E+07   1.08381371E+07
   7.16000000E-02   9.75136243E+06   1.01102847E+07   1.01102847E+07   1.38923817E+07   1.07087702E+07   1.07087702E+07
   7.18000000E-02   9.63682944E+06   9.98743212E+06   9.98743212E+06   1.37175108E+07   1.05803996E+07   1.05803996E+07
   7.20000000E-02   9.52317510E+06   9.86552476E+06   9.86552476E+06   1.35439891E+07   1.04530155E+07   1.04530155E+07
   7.22000000E-02   9.41039077E+06   9.74455327E+06   9.74455327E+06   1.33718034E+07   1.03266082E+07   1.03266082E+07
   7.24000000E-02   9.29846791E+06   9.62450846E+06   9.62450846E+06   1.32009405E+07   1.02011681E+07   1.02011681E+07
   7.26000000E-02   9.18739810E+06   9.50538124E+06   9.50538124E+06   1.30313874E+07   1.00766858E+07   1.00766858E+07
   7.28000000E-02   9.07717301E+06   9.38716265E+06   9.38716265E+06   1.28631313E+07   9.95315181E+06   9.95315181E+06
   7.30000000E-02   8.96778440E+06   9.26984383E+06   9.26984383E+06   1.26961595E+07   9.83055700E+06   9.83055700E+06
   7.32000000E-02   8.85922416E+06   9.15341602E+06   9.15341602E+06   1.25304596E+07   9.70889220E+06   9.70889220E+06
   7.34000000E-02   8.75148425E+06   9.03787060E+06   9.03787060E+06   1.23660192E+07   9.58814840E+06   9.58814840E+06
   7.36000000E-02   8.64455676E+06   8.92319901E+06   8.92319901E+06   1.22028260E+07   9.46831669E+06   9.46831669E+06
   7.38000000E-02   8.53843384E+06   8.80939282E+06   8.80939282E+06   1.20408681E+07   9.34938827E+06   9.34938827E+06
   7.40000000E-02   8.43310775E+06   8.69644370E+06   8.69644370E+06   1.18801336E+07   9.23135444E+06   9.23135444E+06
   7.42000000E-02   8.32857086E+06   8.58434341E+06   8.58434341E+06   1.17206105E+07   9.11420662E+06   9.11420662E+06
   7.44000000E-02   8.22481561E+06   8.47308383E+06   8.47308383E+06   1.15622874E+07   8.99793632E+06   8.99793632E+06
   7.46000000E-02   8.12183454E+06   8.36265691E+06   8.36265691E+06   1.14051528E+07   8.88253515E+06   8.88253515E+06
   7.48000000E-02   8.01962027E+06   8.25305472E+06   8.25305472E+06   1.12491953E+07   8.76799483E+06   8.76799483E+06
   7.50000000E-02   7.91816552E+06   8.14426941E+06   8.14426941E+06   1.10944036E+07   8.65430717E+06   8.65430717E+06
   7.52000000E-02   7.81746309E+06   8.03629323E+06   8.03629323E+06   1.09407668E+07   8.54146410E+06   8.54146410E+06
   7.54000000E-02   7.71750586E+06   7.92911851E+06   7.92911851E+06   1.07882738E+07   8.42945761E+06   8.42945761E+06
   7.56000000E-02   7.61828682E+06   7.82273770E+06   7.82273770E+06   1.06369139E+07   8.31827982E+06   8.31827982E+06
   7.58000000E-02   7.51979900E+06   7.71714331E+06   7.71714331E+06   1.04866764E+07   8.20792291E+06   8.20792291E+06
   7.60000000E-02   7.42203555E+06   7.61232794E+06   7.61232794E+06   1.03375507E+07   8.09837917E+06   8.09837917E+06
   7.62000000E-02   7.32498968E+06   7.50828430E+06   7.50828430E+06   1.01895263E+07   7.98964099E+06   7.98964099E+06
   7.64000000E-02   7.22865469E+06   7.40500516E+06   7.40500516E+06   1.00425930E+07   7.88170083E+06   7.88170083E+06
   7.66000000E-02   7.13302395E+06   7.30248340E+06   7.30248340E+06   9.89674058E+06   7.77455125E+06   7.77455125E+06
   7.68000000E-02   7.03809092E+06   7.20071195E+06   7.20071195E+06   9.75195891E+06   7.66818488E+06   7.66818488E+06
   7.70000000E-02   6.94384911E+06   7.09968386E+06   7.09968386E+06   9.60823807E+06   7.56259447E+06   7.56259447E+06
   7.72000000E-02   6.85029215E+06   6.99939222E+06   6.99939222E+06   9.46556822E+06   7.45777283E+06   7.45777283E+06
   7.74000000E-02   6.75741369E+06   6.89983025E+06   6.89983025E+06   9.32393961E+06   7.35371284E+06   7.35371284E+06
   7.76000000E-02   6.66520750E+06   6.80099119E+06   6.80099119E+06   9.18334265E+06   7.25040750E+06   7.25040750E+06
   7.78000000E-02   6.57366739E+06   6.70286841E+06   6.70286841E+06   9.04376782E+06   7.14784985E+06   7.14784985E+06
   7.80000000E-02   6.48278726E+06   6.60545532E+06   6.60545532E+06   8.90520573E+06   7.04603304E+06   7.04603304E+06
   7.82000000E-02   6.39256106E+06   6.50874543E+06   6.50874543E+06   8.76764709E+06   6.94495028E+06   6.94495028E+06
   7.84000000E-02   6.30298284E+06   6.41273231E+06   6.41273231E+06   8.63108272E+06   6.84459488E+06   6.84459488E+06
   7.86000000E-02   6.21404668E+06   6.31740961E+06   6.31740961E+06   8.49550355E+06   6.74496020E+06   6.74496020E+06
   7.88000000E-02   6.12574677E+06   6.22277105E+06   6.22277105E+06   8.36090060E+06   6.64603969E+06   6.64603969E+06
   7.90000000E-02   6.03807732E+06   6.12881042E+06   6.12881042E+06   8.22726500E+06   6.54782688E+06   6.54782688E+06
   7.92000000E-02   5.95103265E+06   6.03552157E+06   6.03552157E+06   8.09458797E+06   6.45031535E+06   6.45031535E+06
   7.94000000E-02   5.86460711E+06   5.94289845E+06   5.94289845E+06   7.96286086E+06   6.35349878E+06   6.35349878E+06
   7.96000000E-02   5.77879513E+06   5.85093506E+06   5.85093506E+06   7.83207509E+06   6.25737090E+06   6.25737090E+06
   7.98000000E-02   5.69359120E+06   5.75962545E+06   5.75962545E+06   7.70222217E+06   6.16192553E+06   6.16192553E+06
   8.00000000E-02   5.60898987E+06   5.66896376E+06   5.66896376E+06   7.57329374E+06   6.06715655E+06   6.06715655E+06
   8.02000000E-02   5.52498575E+06   5.57894419E+06   5.57894419E+06   7.44528149E+06   5.97305789E+06   5.97305789E+06
   8.04000000E-02   5.44157352E+06   5.48956101E+06   5.48956101E+06   7.31817725E+06   5.87962359E+06   5.87962359E+06
   8.06000000E-02   5.35874790E+06   5.40080855E+06   5.40080855E+06   7.19197289E+06   5.78684771E+06   5.78684771E+06
   8.08000000E-02   5.27650369E+06   5.31268119E+06   5.31268119E+06   7.06666042E+06   5.69472441E+06   5.69472441E+06
   8.10000000E-02   5.19483573E+06   5.22517339E+06   5.22517339E+06   6.94223191E+06   5.60324790E+06   5.60324790E+06
   8.12000000E-02   5.11373894E+06   5.13827966E+06   5.13827966E+06   6.81867952E+06   5.51241245E+06   5.51241245E+06
   8.14000000E-02   5.03320826E+06   5.05199459E+06   5.05199459E+06   6.69599550E+06   5.42221242E+06   5.42221242E+06
   8.16000000E-02   4.95323873E+06   4.96631279E+06   4.96631279E+06   6.57417218E+06   5.33264219E+06   5.33264219E+06
   8.18000000E-02   4.87382540E+06   4.88122898E+06   4.88122898E+06   6.45320200E+06   5.24369624E+06   5.24369624E+06
   8.20000000E-02   4.79496341E+06   4.79673790E+06   4.79673790E+06   6.33307744E+06   5.15536908E+06   5.15536908E+06
   8.22000000E-02   4.71664793E+06   4.71283436E+06   4.71283436E+06   6.21379111E+06   5.06765530E+06   5.06765530E+06
   8.24000000E-02   4.63887419E+06   4.62951323E+06   4.62951323E+06   6.09533565E+06   4.98054956E+06   4.98054956E+06
   8.26000000E-02   4.56163749E+06   4.54676942E+06   4.54676942E+06   5.97770383E+06   4.89404653E+06   4.89404653E+06
   8.28000000E-02   4.48493315E+06   4.46459793E+06   4.46459793E+06   5.86088846E+06   4.80814100E+06   4.80814100E+06
   8.30000000E-02   4.40875655E+06   4.38299377E+06   4.38299377E+06   5.74488245E+06   4.72282777E+06   4.72282777E+06
   8.32000000E-02   4.33477459E+06   4.30282573E+06   4.30282573E+06   5.63271209E+06   4.64012139E+06   4.64012139E+06
   8.34000000E-02   4.27999689E+06   4.23298241E+06   4.23298241E+06   5.55372761E+06   4.58021948E+06   4.58021948E+06
   8.36000000E-02   4.24125048E+06   4.17180279E+06   4.17180279E+06   5.50443140E+06   4.53981790E+06   4.53981790E+06
   8.38000000E-02   4.20343217E+06   4.11138983E+06   4.11138983E+06   5.45678560E+06   4.50051958E+06   4.50051958E+06
   8.40000000E-02   4.16585981E+06   4.05138454E+06   4.05138454E+06   5.40944875E+06   4.46147608E+06   4.46147608E+06
   8.42000000E-02   4.12853134E+06   3.99178345E+06   3.99178345E+06   5.36241827E+06   4.42268527E+06   4.42268527E+06
   8.44000000E-02   4.09144471E+06   3.93258313E+06   3.93258313E+06   5.31569157E+06   4.38414504E+06   4.38414504E+06
   8.46000000E-02   4.05459791E+06   3.87378016E+06   3.87378016E+06   5.26926614E+06   4.34585328E+06   4.34585328E+06
   8.48000000E-02   4.01798892E+06   3.81537118E+06   3.81537118E+06   5.22313946E+06   4.30780794E+06   4.30780794E+06
   8.50000000E-02   3.98161577E+06   3.75735287E+06   3.75735287E+06   5.17730904E+06   4.27000695E+06   4.27000695E+06
   8.52000000E-02   3.94547651E+06   3.69972193E+06   3.69972193E+06   5.13177243E+06   4.23244830E+06   4.23244830E+06
   8.54000000E-02   3.90956919E+06   3.64247510E+06   3.64247510E+06   5.08652719E+06   4.19512998E+06   4.19512998E+06
   8.56000000E-02   3.87389189E+06   3.58560916E+06   3.58560916E+06   5.04157093E+06   4.15805001E+06   4.15805001E+06
   8.58000000E-02   3.83844273E+06   3.52912091E+06   3.52912091E+06   4.99690125E+06   4.12120641E+06   4.12120641E+06
   8.60000000E-02   3.80321981E+06   3.47300720E+06   3.47300720E+06   4.95251580E+06   4.08459724E+06   4.08459724E+06
   8.62000000E-02   3.76822128E+06   3.41726490E+06   3.41726490E+06   4.90841225E+06   4.04822059E+06   4.04822059E+06
   8.64000000E-02   3.73344529E+06   3.36189092E+06   3.36189092E+06   4.86458829E+06   4.01207454E+06   4.01207454E+06
   8.66000000E-02   3.69889004E+06   3.30688220E+06   3.30688220E+06   4.82104163E+06   3.97615721E+06   3.97615721E+06
   8.68000000E-02   3.66455371E+06   3.25223570E+06   3.25223570E+06   4.77777001E+06   3.94046674E+06   3.94046674E+06
   8.70000000E-02   3.63043452E+06   3.19794844E+06   3.19794844E+06   4.73477119E+06   3.90500128E+06   3.90500128E+06
   8.72000000E-02   3.59653071E+06   3.14401745E+06   3.14401745E+06   4.69204297E+06   3.86975900E+06   3.86975900E+06
   8.74000000E-02   3.56284053E+06   3.09043978E+06   3.09043978E+06   4.64958313E+06   3.83473810E+06   3.83473810E+06
   8.76000000E-02   3.52936224E+06   3.03721254E+06   3.03721254E+06   4.60738953E+06   3.79993678E+06   3.79993678E+06
   8.78000000E-02   3.49609414E+06   2.98433284E+06   2.98433284E+06   4.56546000E+06   3.76535327E+06   3.76535327E+06
   8.80000000E-02   3.46303453E+06   2.93179785E+06   2.93179785E+06   4.52379241E+06   3.73098581E+06   3.73098581E+06
   8.82000000E-02   3.43018174E+06   2.87960473E+06   2.87960473E+06   4.48238467E+06   3.69683268E+06   3.69683268E+06
   8.84000000E-02   3.39753410E+06   2.82775072E+06   2.82775072E+06   4.44123470E+06   3.66289215E+06   3.66289215E+06
   8.86000000E-02   3.36508996E+06   2.77623303E+06   2.77623303E+06   4.40034042E+06   3.62916252E+06   3.62916252E+06
   8.88000000E-02   3.33284771E+06   2.72504895E+06   2.72504895E+06   4.35969979E+06   3.59564211E+06   3.59564211E+06
   8.90000000E-02   3.30080572E+06   2.67419576E+06   2.67419576E+06   4.31931080E+06   3.56232924E+06   3.56232924E+06
   8.92000000E-02   3.26896242E+06   2.62367080E+06   2.62367080E+06   4.27917143E+06   3.52922227E+06   3.52922227E+06
   8.94000000E-02   3.23731620E+06   2.57347140E+06   2.57347140E+06   4.23927972E+06   3.49631957E+06   3.49631957E+06
   8.96000000E-02   3.20586552E+06   2.52359495E+06   2.52359495E+06   4.19963370E+06   3.46361950E+06   3.46361950E+06
   8.98000000E-02   3.17460882E+06   2.47403884E+06   2.47403884E+06   4.16023142E+06   3.43112049E+06   3.43112049E+06
   9.00000000E-02   3.14354458E+06   2.42480051E+06   2.42480051E+06   4.12107096E+06   3.39882092E+06   3.39882092E+06
   9.02000000E-02   3.11267127E+06   2.37587741E+06   2.37587741E+06   4.08215042E+06   3.36671925E+06   3.36671925E+06
   9.04000000E-02   3.08198739E+06   2.32726702E+06   2.32726702E+06   4.04346792E+06   3.33481390E+06   3.33481390E+06
   9.06000000E-02   3.05149145E+06   2.27896684E+06   2.27896684E+06   4.00502158E+06   3.30310335E+06   3.30310335E+06
   9.08000000E-02   3.02118199E+06   2.23097440E+06   2.23097440E+06   3.96680956E+06   3.27158606E+06   3.27158606E+06
   9.10000000E-02   2.99105754E+06   2.18328727E+06   2.18328727E+06   3.92883003E+06   3.24026054E+06   3.24026054E+06
   9.12000000E-02   2.96111666E+06   2.13590300E+06   2.13590300E+06   3.89108117E+06   3.20912527E+06   3.20912527E+06
   9.14000000E-02   2.93135792E+06   2.08881922E+06   2.08881922E+06   3.85356120E+06   3.17817879E+06   3.17817879E+06
   9.16000000E-02   2.90177990E+06   2.04203354E+06   2.04203354E+06   3.81626833E+06   3.14741962E+06   3.14741962E+06
   9.18000000E-02   2.87238121E+06   1.99554361E+06   1.99554361E+06   3.77920081E+06   3.11684632E+06   3.11684632E+06
   9.20000000E-02   2.84316044E+06   1.94934711E+06   1.94934711E+06   3.74235688E+06   3.08645745E+06   3.08645745E+06
   9.22000000E-02   2.81427390E+06   1.90691284E+06   1.90691284E+06   3.70573484E+06   3.05625158E+06   3.05625158E+06
   9.24000000E-02   2.78618689E+06   1.87851293E+06   1.87851293E+06   3.66933296E+06   3.02622731E+06   3.02622731E+06
   9.26000000E-02   2.75876852E+06   1.86129298E+06   1.86129298E+06   3.63314956E+06   2.99638323E+06   2.99638323E+06
   9.28000000E-02   2.73152491E+06   1.84440695E+06   1.84440695E+06   3.59718295E+06   2.96671798E+06   2.96671798E+06
   9.30000000E-02   2.70444423E+06   1.82762120E+06   1.82762120E+06   3.56143148E+06   2.93723017E+06   2.93723017E+06
   9.32000000E-02   2.67752523E+06   1.81093497E+06   1.81093497E+06   3.52589351E+06   2.90791845E+06   2.90791845E+06
   9.34000000E-02   2.65076669E+06   1.79434751E+06   1.79434751E+06   3.49056741E+06   2.87878148E+06   2.87878148E+06
   9.36000000E-02   2.62416737E+06   1.77785806E+06   1.77785806E+06   3.45545155E+06   2.84981793E+06   2.84981793E+06
   9.38000000E-02   2.59772608E+06   1.76146588E+06   1.76146588E+06   3.42054436E+06   2.82102648E+06   2.82102648E+06
   9.40000000E-02   2.57144161E+06   1.74517024E+06   1.74517024E+06   3.38584423E+06   2.79240582E+06   2.79240582E+06
   9.42000000E-02   2.54531277E+06   1.72897041E+06   1.72897041E+06   3.35134962E+06   2.76395467E+06   2.76395467E+06
   9.44000000E-02   2.51933840E+06   1.71286567E+06   1.71286567E+06   3.31705896E+06   2.73567174E+06   2.73567174E+06
   9.46000000E-02   2.49351732E+06   1.69685530E+06   1.69685530E+06   3.28297071E+06   2.70755576E+06   2.70755576E+06
   9.48000000E-02   2.46784838E+06   1.68093859E+06   1.68093859E+06   3.24908336E+06   2.67960548E+06   2.67960548E+06
   9.50000000E-02   2.44233044E+06   1.66511485E+06   1.66511485E+06   3.21539539E+06   2.65181966E+06   2.65181966E+06
   9.52000000E-02   2.41696237E+06   1.64938337E+06   1.64938337E+06   3.18190531E+06   2.62419705E+06   2.62419705E+06
   9.54000000E-02   2.39174304E+06   1.63374347E+06   1.63374347E+06   3.14861164E+06   2.59673645E+06   2.59673645E+06
   9.56000000E-02   2.36667135E+06   1.61819447E+06   1.61819447E+06   3.11551291E+06   2.56943663E+06   2.56943663E+06
   9.58000000E-02   2.34174620E+06   1.60273570E+06   1.60273570E+06   3.08260767E+06   2.54229640E+06   2.54229640E+06
   9.60000000E-02   2.31696649E+06   1.58736647E+06   1.58736647E+06   3.04989448E+06   2.51531458E+06   2.51531458E+06
   9.62000000E-02   2.29233115E+06   1.57208614E+06   1.57208614E+06   3.01737192E+06   2.48848999E+06   2.48848999E+06
   9.64000000E-02   2.26783910E+06   1.55689404E+06   1.55689404E+06   2.98503857E+06   2.46182146E+06   2.46182146E+06
   9.66000000E-02   2.24348929E+06   1.54178952E+06   1.54178952E+06   2.95289303E+06   2.43530783E+06   2.43530783E+06
   9.68000000E-02   2.21928066E+06   1.52677194E+06   1.52677194E+06   2.92093391E+06   2.40894797E+06   2.40894797E+06
   9.70000000E-02   2.19521218E+06   1.51184066E+06   1.51184066E+06   2.88915984E+06   2.38274074E+06   2.38274074E+06
   9.72000000E-02   2.17128281E+06   1.49699504E+06   1.49699504E+06   2.85756947E+06   2.35668502E+06   2.35668502E+06
   9.74000000E-02   2.14749154E+06   1.48223447E+06   1.48223447E+06   2.82616143E+06   2.33077970E+06   2.33077970E+06
   9.76000000E-02   2.12383735E+06   1.46755831E+06   1.46755831E+06   2.79493440E+06   2.30502367E+06   2.30502367E+06
   9.78000000E-02   2.10031923E+06   1.45296595E+06   1.45296595E+06   2.76388705E+06   2.27941583E+06   2.27941583E+06
   9.80000000E-02   2.07693620E+06   1.43845679E+06   1.43845679E+06   2.73301807E+06   2.25395512E+06   2.25395512E+06
   9.82000000E-02   2.05368727E+06   1.42403021E+06   1.42403021E+06   2.70232616E+06   2.22864046E+06   2.22864046E+06
   9.84000000E-02   2.03057147E+06   1.40968562E+06   1.40968562E+06   2.67181002E+06   2.20347078E+06   2.20347078E+06
   9.86000000E-02   2.00758782E+06   1.39542243E+06   1.39542243E+06   2.64146840E+06   2.17844503E+06   2.17844503E+06
   9.88000000E-02   1.98473537E+06   1.38124004E+06   1.38124004E+06   2.61130001E+06   2.15356217E+06   2.15356217E+06
   9.90000000E-02   1.96201318E+06   1.36713788E+06   1.36713788E+06   2.58130360E+06   2.12882117E+06   2.12882117E+06
   9.92000000E-02   1.93942030E+06   1.35311536E+06   1.35311536E+06   2.55147794E+06   2.10422099E+06   2.10422099E+06
   9.94000000E-02   1.91695579E+06   1.33917192E+06   1.33917192E+06   2.52182180E+06   2.07976063E+06   2.07976063E+06
   9.96000000E-02   1.89461874E+06   1.32530699E+06   1.32530699E+06   2.49233394E+06   2.05543908E+06   2.05543908E+06
   9.98000000E-02   1.87240823E+06   1.31152000E+06   1.31152000E+06   2.46301317E+06   2.03125534E+06   2.03125534E+06
   1.00000000E-01   1.85032335E+06   1.29781040E+06   1.29781040E+06   2.43385829E+06   2.00720843E+06   2.00720843E+06