# TBinMid=0.9515 ssec TBinWidth=0.1 ss EBinWidth=0.2MeV Fluence at Earth for this timebin in neutrinos per cm^2
# E(GeV)	NuE	NuMu	NuTau	aNuE	aNuMu	aNuTau
   1.38589050E-13   1.24283869E+18   1.23788847E+18   1.23788847E+18   8.92433042E+17   1.16089844E+18   1.16089844E+18
   2.00000000E-04   2.22235316E+09   2.21350154E+09   2.21350154E+09   1.59578343E+09   2.07583360E+09   2.07583360E+09
   4.00000000E-04   1.13354413E+09   1.12902922E+09   1.12902922E+09   8.13952961E+08   1.05880966E+09   1.05880966E+09
   6.00000000E-04   7.64418867E+08   7.61374190E+08   7.61374190E+08   5.48898791E+08   7.14020795E+08   7.14020795E+08
   8.00000000E-04   5.77955835E+08   5.75653840E+08   5.75653840E+08   4.15007103E+08   5.39851255E+08   5.39851255E+08
   1.00000000E-03   4.65244965E+08   4.63391896E+08   4.63391896E+08   3.34073909E+08   4.34571403E+08   4.34571403E+08
   1.20000000E-03   3.89665282E+08   3.88113247E+08   3.88113247E+08   2.79803144E+08   3.63974682E+08   3.63974682E+08
   1.40000000E-03   4.74166402E+08   5.45306819E+08   5.45306819E+08   3.36722117E+08   4.39363427E+08   4.39363427E+08
   1.60000000E-03   5.29473396E+08   6.99452187E+08   6.99452187E+08   3.72197990E+08   4.86422042E+08   4.86422042E+08
   1.80000000E-03   5.96118142E+08   8.14666950E+08   8.14666950E+08   4.19120506E+08   5.46675257E+08   5.46675257E+08
   2.00000000E-03   8.60716496E+08   1.00519052E+09   1.00519052E+09   6.20256807E+08   7.99099351E+08   7.99099351E+08
   2.20000000E-03   1.06824470E+09   1.55917494E+09   1.55917494E+09   7.63746167E+08   9.78997739E+08   9.78997739E+08
   2.40000000E-03   1.22224888E+09   2.05459424E+09   2.05459424E+09   8.67367391E+08   1.10875614E+09   1.10875614E+09
   2.60000000E-03   1.33459368E+09   2.42756397E+09   2.42756397E+09   9.42681114E+08   1.20292755E+09   1.20292755E+09
   2.80000000E-03   1.67898713E+09   2.84780266E+09   2.84780266E+09   1.30861557E+09   1.54960620E+09   1.54960620E+09
   3.00000000E-03   1.95749557E+09   3.17813757E+09   3.17813757E+09   1.60776664E+09   1.83106432E+09   1.83106432E+09
   3.20000000E-03   2.17755811E+09   3.43569500E+09   3.43569500E+09   1.84613656E+09   2.05405137E+09   2.05405137E+09
   3.40000000E-03   2.36061164E+09   3.82238298E+09   3.82238298E+09   2.03712208E+09   2.23154522E+09   2.23154522E+09
   3.60000000E-03   2.51139312E+09   4.24150046E+09   4.24150046E+09   2.19071001E+09   2.37320866E+09   2.37320866E+09
   3.80000000E-03   2.63185843E+09   4.58414698E+09   4.58414698E+09   2.31446333E+09   2.48635026E+09   2.48635026E+09
   4.00000000E-03   2.87384084E+09   4.94119945E+09   4.94119945E+09   2.67049767E+09   2.75086960E+09   2.75086960E+09
   4.20000000E-03   3.09594455E+09   5.24773071E+09   5.24773071E+09   3.00677065E+09   2.99665408E+09   2.99665408E+09
   4.40000000E-03   3.28191451E+09   5.50233088E+09   5.50233088E+09   3.29189022E+09   3.20336034E+09   3.20336034E+09
   4.60000000E-03   3.43782002E+09   5.71382072E+09   5.71382072E+09   3.53427953E+09   3.37750908E+09   3.37750908E+09
   4.80000000E-03   3.56855279E+09   5.88930024E+09   5.88930024E+09   3.74074352E+09   3.52435995E+09   3.52435995E+09
   5.00000000E-03   3.67808854E+09   6.03453218E+09   6.03453218E+09   3.91682619E+09   3.64819110E+09   3.64819110E+09
   5.20000000E-03   3.76968324E+09   6.15422956E+09   6.15422956E+09   4.06707906E+09   3.75250903E+09   3.75250903E+09
   5.40000000E-03   3.84552719E+09   6.24137722E+09   6.24137722E+09   4.19526527E+09   3.84020803E+09   3.84020803E+09
   5.60000000E-03   3.90813577E+09   6.30550117E+09   6.30550117E+09   4.30451636E+09   3.91369249E+09   3.91369249E+09
   5.80000000E-03   3.99248225E+09   6.37263789E+09   6.37263789E+09   4.49005795E+09   4.02238189E+09   4.02238189E+09
   6.00000000E-03   4.06678218E+09   6.42741373E+09   6.42741373E+09   4.66006345E+09   4.11982252E+09   4.11982252E+09
   6.20000000E-03   4.12970727E+09   6.47017614E+09   6.47017614E+09   4.80895598E+09   4.20362937E+09   4.20362937E+09
   6.40000000E-03   4.18272882E+09   6.50257306E+09   6.50257306E+09   4.93933904E+09   4.27553264E+09   4.27553264E+09
   6.60000000E-03   4.22710353E+09   6.52600599E+09   6.52600599E+09   5.05344466E+09   4.33701232E+09   4.33701232E+09
   6.80000000E-03   4.26390928E+09   6.54167162E+09   6.54167162E+09   5.15319452E+09   4.38933973E+09   4.38933973E+09
   7.00000000E-03   4.29407414E+09   6.55059557E+09   6.55059557E+09   5.24024965E+09   4.43361114E+09   4.43361114E+09
   7.20000000E-03   4.31840011E+09   6.55365996E+09   6.55365996E+09   5.31605115E+09   4.47077543E+09   4.47077543E+09
   7.40000000E-03   4.33758261E+09   6.55162589E+09   6.55162589E+09   5.38185368E+09   4.50165667E+09   4.50165667E+09
   7.60000000E-03   4.35222655E+09   6.54515209E+09   6.54515209E+09   5.43875313E+09   4.52697290E+09   4.52697290E+09
   7.80000000E-03   4.36285970E+09   6.53481025E+09   6.53481025E+09   5.48770977E+09   4.54735163E+09   4.54735163E+09
   8.00000000E-03   4.36994384E+09   6.52109785E+09   6.52109785E+09   5.52956740E+09   4.56334288E+09   4.56334288E+09
   8.20000000E-03   4.37388403E+09   6.50444885E+09   6.50444885E+09   5.56506958E+09   4.57542998E+09   4.57542998E+09
   8.40000000E-03   4.35148485E+09   6.47293196E+09   6.47293196E+09   5.56301185E+09   4.55813017E+09   4.55813017E+09
   8.60000000E-03   4.32008609E+09   6.39620976E+09   6.39620976E+09   5.54949929E+09   4.53257437E+09   4.53257437E+09
   8.80000000E-03   4.28737490E+09   6.29552662E+09   6.29552662E+09   5.53399780E+09   4.50637271E+09   4.50637271E+09
   9.00000000E-03   4.25467882E+09   6.19833635E+09   6.19833635E+09   5.51675437E+09   4.47964768E+09   4.47964768E+09
   9.20000000E-03   4.22205874E+09   6.10445338E+09   6.10445338E+09   5.49798716E+09   4.45250601E+09   4.45250601E+09
   9.40000000E-03   4.18956645E+09   6.01370529E+09   6.01370529E+09   5.47788915E+09   4.42504074E+09   4.42504074E+09
   9.60000000E-03   4.15724593E+09   5.92593159E+09   5.92593159E+09   5.45663131E+09   4.39733308E+09   4.39733308E+09
   9.80000000E-03   4.12513443E+09   5.84098279E+09   5.84098279E+09   5.43436534E+09   4.36945388E+09   4.36945388E+09
   1.00000000E-02   4.09326337E+09   5.75871939E+09   5.75871939E+09   5.41122600E+09   4.34146502E+09   4.34146502E+09
   1.02000000E-02   4.06165914E+09   5.67901109E+09   5.67901109E+09   5.38733318E+09   4.31342050E+09   4.31342050E+09
   1.04000000E-02   4.03034379E+09   5.60173605E+09   5.60173605E+09   5.36279361E+09   4.28536748E+09   4.28536748E+09
   1.06000000E-02   3.99933561E+09   5.52678017E+09   5.52678017E+09   5.33770242E+09   4.25734706E+09   4.25734706E+09
   1.08000000E-02   3.96864963E+09   5.45403651E+09   5.45403651E+09   5.31214448E+09   4.22939508E+09   4.22939508E+09
   1.10000000E-02   3.93829804E+09   5.38340473E+09   5.38340473E+09   5.28619556E+09   4.20154274E+09   4.20154274E+09
   1.12000000E-02   3.90829060E+09   5.31479056E+09   5.31479056E+09   5.25992333E+09   4.17381716E+09   4.17381716E+09
   1.14000000E-02   3.87863491E+09   5.24810539E+09   5.24810539E+09   5.23338829E+09   4.14624185E+09   4.14624185E+09
   1.16000000E-02   3.84933676E+09   5.18326578E+09   5.18326578E+09   5.20664452E+09   4.11883715E+09   4.11883715E+09
   1.18000000E-02   3.82040031E+09   5.12019316E+09   5.12019316E+09   5.17974042E+09   4.09162061E+09   4.09162061E+09
   1.20000000E-02   3.79182836E+09   5.05881343E+09   5.05881343E+09   5.15271926E+09   4.06460733E+09   4.06460733E+09
   1.22000000E-02   3.74656030E+09   4.99013804E+09   4.99013804E+09   5.09665452E+09   4.01766172E+09   4.01766172E+09
   1.24000000E-02   3.68589168E+09   4.91477786E+09   4.91477786E+09   5.01377782E+09   3.95232368E+09   3.95232368E+09
   1.26000000E-02   3.62715283E+09   4.84172935E+09   4.84172935E+09   4.93354272E+09   3.88906831E+09   3.88906831E+09
   1.28000000E-02   3.57025318E+09   4.77088666E+09   4.77088666E+09   4.85582506E+09   3.82779774E+09   3.82779774E+09
   1.30000000E-02   3.51510773E+09   4.70215032E+09   4.70215032E+09   4.78050835E+09   3.76842011E+09   3.76842011E+09
   1.32000000E-02   3.46163663E+09   4.63542680E+09   4.63542680E+09   4.70748316E+09   3.71084914E+09   3.71084914E+09
   1.34000000E-02   3.40976483E+09   4.57062805E+09   4.57062805E+09   4.63664662E+09   3.65500373E+09   3.65500373E+09
   1.36000000E-02   3.35942167E+09   4.50767112E+09   4.50767112E+09   4.56790191E+09   3.60080754E+09   3.60080754E+09
   1.38000000E-02   3.30913109E+09   4.41544578E+09   4.41544578E+09   4.50115783E+09   3.54818867E+09   3.54818867E+09
   1.40000000E-02   3.25996244E+09   4.31880231E+09   4.31880231E+09   4.43632843E+09   3.49707935E+09   3.49707935E+09
   1.42000000E-02   3.21220533E+09   4.22535062E+09   4.22535062E+09   4.37333257E+09   3.44741561E+09   3.44741561E+09
   1.44000000E-02   3.16580021E+09   4.13494476E+09   4.13494476E+09   4.31209367E+09   3.39913706E+09   3.39913706E+09
   1.46000000E-02   3.12069084E+09   4.04744731E+09   4.04744731E+09   4.25253933E+09   3.35218662E+09   3.35218662E+09
   1.48000000E-02   3.07682402E+09   3.96272878E+09   3.96272878E+09   4.19460106E+09   3.30651030E+09   3.30651030E+09
   1.50000000E-02   3.03414943E+09   3.88066706E+09   3.88066706E+09   4.13821406E+09   3.26205701E+09   3.26205701E+09
   1.52000000E-02   2.99261944E+09   3.80114686E+09   3.80114686E+09   4.08331693E+09   3.21877833E+09   3.21877833E+09
   1.54000000E-02   2.95218887E+09   3.72405931E+09   3.72405931E+09   4.02985147E+09   3.17662838E+09   3.17662838E+09
   1.56000000E-02   2.91281493E+09   3.64930149E+09   3.64930149E+09   3.97776246E+09   3.13556362E+09   3.13556362E+09
   1.58000000E-02   2.87445698E+09   3.57677604E+09   3.57677604E+09   3.92699749E+09   3.09554274E+09   3.09554274E+09
   1.60000000E-02   2.83707646E+09   3.50639082E+09   3.50639082E+09   3.87750679E+09   3.05652648E+09   3.05652648E+09
   1.62000000E-02   2.80063669E+09   3.43805853E+09   3.43805853E+09   3.82924303E+09   3.01847754E+09   3.01847754E+09
   1.64000000E-02   2.76510284E+09   3.37169642E+09   3.37169642E+09   3.78216119E+09   2.98136043E+09   2.98136043E+09
   1.66000000E-02   2.73044175E+09   3.30722601E+09   3.30722601E+09   3.73621846E+09   2.94514137E+09   2.94514137E+09
   1.68000000E-02   2.69662186E+09   3.24457282E+09   3.24457282E+09   3.69137403E+09   2.90978821E+09   2.90978821E+09
   1.70000000E-02   2.66361311E+09   3.18366611E+09   3.18366611E+09   3.64758905E+09   2.87527031E+09   2.87527031E+09
   1.72000000E-02   2.63138684E+09   3.12443866E+09   3.12443866E+09   3.60482644E+09   2.84155844E+09   2.84155844E+09
   1.74000000E-02   2.59991574E+09   3.06682655E+09   3.06682655E+09   3.56305087E+09   2.80862474E+09   2.80862474E+09
   1.76000000E-02   2.56917374E+09   3.01076898E+09   3.01076898E+09   3.52222859E+09   2.77644261E+09   2.77644261E+09
   1.78000000E-02   2.53451224E+09   2.95379122E+09   2.95379122E+09   3.47514499E+09   2.73968289E+09   2.73968289E+09
   1.80000000E-02   2.48243394E+09   2.88879538E+09   2.88879538E+09   3.40083632E+09   2.68286531E+09   2.68286531E+09
   1.82000000E-02   2.43176159E+09   2.82557965E+09   2.82557965E+09   3.32855091E+09   2.62758472E+09   2.62758472E+09
   1.84000000E-02   2.38244371E+09   2.76407839E+09   2.76407839E+09   3.25821435E+09   2.57378478E+09   2.57378478E+09
   1.86000000E-02   2.33443118E+09   2.70422901E+09   2.70422901E+09   3.18975571E+09   2.52141176E+09   2.52141176E+09
   1.88000000E-02   2.28767717E+09   2.64597182E+09   2.64597182E+09   3.12310731E+09   2.47041440E+09   2.47041440E+09
   1.90000000E-02   2.24213697E+09   2.58924988E+09   2.58924988E+09   3.05820458E+09   2.42074379E+09   2.42074379E+09
   1.92000000E-02   2.19776789E+09   2.53400880E+09   2.53400880E+09   2.99498588E+09   2.37235322E+09   2.37235322E+09
   1.94000000E-02   2.15452916E+09   2.48019664E+09   2.48019664E+09   2.93339232E+09   2.32519807E+09   2.32519807E+09
   1.96000000E-02   2.11238179E+09   2.42776379E+09   2.42776379E+09   2.87336760E+09   2.27923570E+09   2.27923570E+09
   1.98000000E-02   2.07128851E+09   2.37666278E+09   2.37666278E+09   2.81485793E+09   2.23442533E+09   2.23442533E+09
   2.00000000E-02   2.03121366E+09   2.32684824E+09   2.32684824E+09   2.75781183E+09   2.19072795E+09   2.19072795E+09
   2.02000000E-02   1.99212314E+09   2.27827675E+09   2.27827675E+09   2.70218006E+09   2.14810624E+09   2.14810624E+09
   2.04000000E-02   1.95398425E+09   2.23090675E+09   2.23090675E+09   2.64791545E+09   2.10652445E+09   2.10652445E+09
   2.06000000E-02   1.91676570E+09   2.18469841E+09   2.18469841E+09   2.59497285E+09   2.06594835E+09   2.06594835E+09
   2.08000000E-02   1.88043752E+09   2.13961361E+09   2.13961361E+09   2.54330899E+09   2.02634512E+09   2.02634512E+09
   2.10000000E-02   1.84497094E+09   2.09561579E+09   2.09561579E+09   2.49288239E+09   1.98768334E+09   1.98768334E+09
   2.12000000E-02   1.81033840E+09   2.05266989E+09   2.05266989E+09   2.44365328E+09   1.94993283E+09   1.94993283E+09
   2.14000000E-02   1.77651344E+09   2.01074231E+09   2.01074231E+09   2.39558351E+09   1.91306466E+09   1.91306466E+09
   2.16000000E-02   1.74347068E+09   1.96980078E+09   1.96980078E+09   2.34863647E+09   1.87705107E+09   1.87705107E+09
   2.18000000E-02   1.71118574E+09   1.92981433E+09   1.92981433E+09   2.30277700E+09   1.84186540E+09   1.84186540E+09
   2.20000000E-02   1.67962309E+09   1.89048622E+09   1.89048622E+09   2.25797136E+09   1.80748205E+09   1.80748205E+09
   2.22000000E-02   1.64874529E+09   1.85145879E+09   1.85145879E+09   2.21418712E+09   1.77387641E+09   1.77387641E+09
   2.24000000E-02   1.61855884E+09   1.81332379E+09   1.81332379E+09   2.17139310E+09   1.74102484E+09   1.74102484E+09
   2.26000000E-02   1.58904291E+09   1.77605409E+09   1.77605409E+09   2.12955936E+09   1.70890460E+09   1.70890460E+09
   2.28000000E-02   1.56017749E+09   1.73962358E+09   1.73962358E+09   2.08865707E+09   1.67749384E+09   1.67749384E+09
   2.30000000E-02   1.53194331E+09   1.70400718E+09   1.70400718E+09   2.04865851E+09   1.64677152E+09   1.64677152E+09
   2.32000000E-02   1.50432182E+09   1.66918072E+09   1.66918072E+09   2.00953702E+09   1.61671739E+09   1.61671739E+09
   2.34000000E-02   1.47729518E+09   1.63512096E+09   1.63512096E+09   1.97126692E+09   1.58731197E+09   1.58731197E+09
   2.36000000E-02   1.45084618E+09   1.60180551E+09   1.60180551E+09   1.93382346E+09   1.55853647E+09   1.55853647E+09
   2.38000000E-02   1.42495826E+09   1.56921281E+09   1.56921281E+09   1.89718285E+09   1.53037283E+09   1.53037283E+09
   2.40000000E-02   1.39961546E+09   1.53732209E+09   1.53732209E+09   1.86132211E+09   1.50280361E+09   1.50280361E+09
   2.42000000E-02   1.37480240E+09   1.50611334E+09   1.50611334E+09   1.82621914E+09   1.47581203E+09   1.47581203E+09
   2.44000000E-02   1.35050425E+09   1.47556725E+09   1.47556725E+09   1.79185261E+09   1.44938187E+09   1.44938187E+09
   2.46000000E-02   1.32670668E+09   1.44566522E+09   1.44566522E+09   1.75820194E+09   1.42349754E+09   1.42349754E+09
   2.48000000E-02   1.30339589E+09   1.41638929E+09   1.41638929E+09   1.72524730E+09   1.39814395E+09   1.39814395E+09
   2.50000000E-02   1.28055857E+09   1.38772216E+09   1.38772216E+09   1.69296954E+09   1.37330656E+09   1.37330656E+09
   2.52000000E-02   1.25818184E+09   1.35964710E+09   1.35964710E+09   1.66135017E+09   1.34897134E+09   1.34897134E+09
   2.54000000E-02   1.23625329E+09   1.33214798E+09   1.33214798E+09   1.63037135E+09   1.32512473E+09   1.32512473E+09
   2.56000000E-02   1.21476093E+09   1.30520921E+09   1.30520921E+09   1.60001586E+09   1.30175363E+09   1.30175363E+09
   2.58000000E-02   1.19369317E+09   1.27881576E+09   1.27881576E+09   1.57026703E+09   1.27884541E+09   1.27884541E+09
   2.60000000E-02   1.17303880E+09   1.25295307E+09   1.25295307E+09   1.54110880E+09   1.25638783E+09   1.25638783E+09
   2.62000000E-02   1.15069993E+09   1.22651616E+09   1.22651616E+09   1.51051623E+09   1.23226392E+09   1.23226392E+09
   2.64000000E-02   1.12773108E+09   1.20004812E+09   1.20004812E+09   1.47949939E+09   1.20753644E+09   1.20753644E+09
   2.66000000E-02   1.10521438E+09   1.17410677E+09   1.17410677E+09   1.44909559E+09   1.18329609E+09   1.18329609E+09
   2.68000000E-02   1.08313811E+09   1.14867838E+09   1.14867838E+09   1.41928892E+09   1.15953026E+09   1.15953026E+09
   2.70000000E-02   1.06149095E+09   1.12374971E+09   1.12374971E+09   1.39006399E+09   1.13622673E+09   1.13622673E+09
   2.72000000E-02   1.04026194E+09   1.09930792E+09   1.09930792E+09   1.36140592E+09   1.11337370E+09   1.11337370E+09
   2.74000000E-02   1.01944047E+09   1.07534061E+09   1.07534061E+09   1.33330030E+09   1.09095973E+09   1.09095973E+09
   2.76000000E-02   9.99016269E+08   1.05183577E+09   1.05183577E+09   1.30573319E+09   1.06897376E+09   1.06897376E+09
   2.78000000E-02   9.78979394E+08   1.02878175E+09   1.02878175E+09   1.27869107E+09   1.04740507E+09   1.04740507E+09
   2.80000000E-02   9.59320216E+08   1.00616731E+09   1.00616731E+09   1.25216088E+09   1.02624327E+09   1.02624327E+09
   2.82000000E-02   9.40029406E+08   9.83981522E+08   9.83981522E+08   1.22612995E+09   1.00547832E+09   1.00547832E+09
   2.84000000E-02   9.21097925E+08   9.62213822E+08   9.62213822E+08   1.20058601E+09   9.85100479E+08   9.85100479E+08
   2.86000000E-02   9.02517014E+08   9.40853965E+08   9.40853965E+08   1.17551715E+09   9.65100301E+08   9.65100301E+08
   2.88000000E-02   8.84278181E+08   9.19892025E+08   9.19892025E+08   1.15091186E+09   9.45468638E+08   9.45468638E+08
   2.90000000E-02   8.66373193E+08   8.99318377E+08   8.99318377E+08   1.12675895E+09   9.26196619E+08   9.26196619E+08
   2.92000000E-02   8.48794069E+08   8.79123688E+08   8.79123688E+08   1.10304759E+09   9.07275639E+08   9.07275639E+08
   2.94000000E-02   8.31533066E+08   8.59298908E+08   8.59298908E+08   1.07976726E+09   8.88697356E+08   8.88697356E+08
   2.96000000E-02   8.14582670E+08   8.39835256E+08   8.39835256E+08   1.05690777E+09   8.70453673E+08   8.70453673E+08
   2.98000000E-02   7.97935595E+08   8.20724216E+08   8.20724216E+08   1.03445922E+09   8.52536737E+08   8.52536737E+08
   3.00000000E-02   7.81584765E+08   8.01957519E+08   8.01957519E+08   1.01241201E+09   8.34938925E+08   8.34938925E+08
   3.02000000E-02   7.65523315E+08   7.83527145E+08   7.83527145E+08   9.90756824E+08   8.17652837E+08   8.17652837E+08
   3.04000000E-02   7.49744579E+08   7.65425302E+08   7.65425302E+08   9.69484607E+08   8.00671289E+08   8.00671289E+08
   3.06000000E-02   7.34242083E+08   7.47644430E+08   7.47644430E+08   9.48586575E+08   7.83987306E+08   7.83987306E+08
   3.08000000E-02   7.19009540E+08   7.30177183E+08   7.30177183E+08   9.28054194E+08   7.67594112E+08   7.67594112E+08
   3.10000000E-02   7.04040842E+08   7.13016427E+08   7.13016427E+08   9.07879175E+08   7.51485127E+08   7.51485127E+08
   3.12000000E-02   6.89330055E+08   6.96155233E+08   6.96155233E+08   8.88053464E+08   7.35653955E+08   7.35653955E+08
   3.14000000E-02   6.74871413E+08   6.79586864E+08   6.79586864E+08   8.68569235E+08   7.20094383E+08   7.20094383E+08
   3.16000000E-02   6.60659312E+08   6.63304778E+08   6.63304778E+08   8.49418883E+08   7.04800372E+08   7.04800372E+08
   3.18000000E-02   6.46688304E+08   6.47302613E+08   6.47302613E+08   8.30595015E+08   6.89766051E+08   6.89766051E+08
   3.20000000E-02   6.32953090E+08   6.31574183E+08   6.31574183E+08   8.12090440E+08   6.74985711E+08   6.74985711E+08
   3.22000000E-02   6.19448520E+08   6.16113476E+08   6.16113476E+08   7.93898171E+08   6.60453803E+08   6.60453803E+08
   3.24000000E-02   6.06169585E+08   6.00914644E+08   6.00914644E+08   7.76011410E+08   6.46164928E+08   6.46164928E+08
   3.26000000E-02   5.93111411E+08   5.85971997E+08   5.85971997E+08   7.58423542E+08   6.32113834E+08   6.32113834E+08
   3.28000000E-02   5.80269256E+08   5.71280003E+08   5.71280003E+08   7.41128136E+08   6.18295412E+08   6.18295412E+08
   3.30000000E-02   5.67638506E+08   5.56833277E+08   5.56833277E+08   7.24118931E+08   6.04704692E+08   6.04704692E+08
   3.32000000E-02   5.55214673E+08   5.42626580E+08   5.42626580E+08   7.07389836E+08   5.91336835E+08   5.91336835E+08
   3.34000000E-02   5.42993384E+08   5.28654812E+08   5.28654812E+08   6.90934921E+08   5.78187131E+08   5.78187131E+08
   3.36000000E-02   5.30970385E+08   5.14913008E+08   5.14913008E+08   6.74748414E+08   5.65250996E+08   5.65250996E+08
   3.38000000E-02   5.19141534E+08   5.01396337E+08   5.01396337E+08   6.58824693E+08   5.52523965E+08   5.52523965E+08
   3.40000000E-02   5.07502795E+08   4.88100091E+08   4.88100091E+08   6.43158288E+08   5.40001692E+08   5.40001692E+08
   3.42000000E-02   4.96050239E+08   4.75019688E+08   4.75019688E+08   6.27743866E+08   5.27679943E+08   5.27679943E+08
   3.44000000E-02   4.84780038E+08   4.62150663E+08   4.62150663E+08   6.12576236E+08   5.15554593E+08   5.15554593E+08
   3.46000000E-02   4.73688464E+08   4.49488667E+08   4.49488667E+08   5.97650340E+08   5.03621625E+08   5.03621625E+08
   3.48000000E-02   4.62771882E+08   4.37029464E+08   4.37029464E+08   5.82961248E+08   4.91877122E+08   4.91877122E+08
   3.50000000E-02   4.52026751E+08   4.24768924E+08   4.24768924E+08   5.68504158E+08   4.80317269E+08   4.80317269E+08
   3.52000000E-02   4.41449620E+08   4.12703023E+08   4.12703023E+08   5.54274389E+08   4.68938348E+08   4.68938348E+08
   3.54000000E-02   4.31126264E+08   4.02790345E+08   4.02790345E+08   5.40267377E+08   4.57736734E+08   4.57736734E+08
   3.56000000E-02   4.21034470E+08   3.94610287E+08   3.94610287E+08   5.26478674E+08   4.46708891E+08   4.46708891E+08
   3.58000000E-02   4.11098163E+08   3.86554590E+08   3.86554590E+08   5.12903942E+08   4.35851375E+08   4.35851375E+08
   3.60000000E-02   4.01314275E+08   3.78620817E+08   3.78620817E+08   4.99538952E+08   4.25160823E+08   4.25160823E+08
   3.62000000E-02   3.91679819E+08   3.70806590E+08   3.70806590E+08   4.86379577E+08   4.14633959E+08   4.14633959E+08
   3.64000000E-02   3.82191878E+08   3.63109589E+08   3.63109589E+08   4.73421793E+08   4.04267585E+08   4.04267585E+08
   3.66000000E-02   3.72847607E+08   3.55527550E+08   3.55527550E+08   4.60661675E+08   3.94058581E+08   3.94058581E+08
   3.68000000E-02   3.63644231E+08   3.48058266E+08   3.48058266E+08   4.48095392E+08   3.84003904E+08   3.84003904E+08
   3.70000000E-02   3.54579041E+08   3.40699579E+08   3.40699579E+08   4.35719207E+08   3.74100583E+08   3.74100583E+08
   3.72000000E-02   3.45649393E+08   3.33449386E+08   3.33449386E+08   4.23529471E+08   3.64345721E+08   3.64345721E+08
   3.74000000E-02   3.36852706E+08   3.26305634E+08   3.26305634E+08   4.11522625E+08   3.54736488E+08   3.54736488E+08
   3.76000000E-02   3.28186462E+08   3.19266318E+08   3.19266318E+08   3.99695192E+08   3.45270121E+08   3.45270121E+08
   3.78000000E-02   3.19648200E+08   3.12329478E+08   3.12329478E+08   3.88043779E+08   3.35943924E+08   3.35943924E+08
   3.80000000E-02   3.11235520E+08   3.05493204E+08   3.05493204E+08   3.76565074E+08   3.26755264E+08   3.26755264E+08
   3.82000000E-02   3.02946076E+08   2.98755629E+08   2.98755629E+08   3.65255840E+08   3.17701570E+08   3.17701570E+08
   3.84000000E-02   2.96977786E+08   2.93265001E+08   2.93265001E+08   3.57586940E+08   3.11317326E+08   3.11317326E+08
   3.86000000E-02   2.92097712E+08   2.88376237E+08   2.88376237E+08   3.51612386E+08   3.06181067E+08   3.06181067E+08
   3.88000000E-02   2.87285127E+08   2.83555196E+08   2.83555196E+08   3.45720618E+08   3.01115874E+08   3.01115874E+08
   3.90000000E-02   2.82538816E+08   2.78800657E+08   2.78800657E+08   3.39910143E+08   2.96120468E+08   2.96120468E+08
   3.92000000E-02   2.77857594E+08   2.74111431E+08   2.74111431E+08   3.34179507E+08   2.91193598E+08   2.91193598E+08
   3.94000000E-02   2.73240301E+08   2.69486351E+08   2.69486351E+08   3.28527284E+08   2.86334043E+08   2.86334043E+08
   3.96000000E-02   2.68685802E+08   2.64924279E+08   2.64924279E+08   3.22952083E+08   2.81540610E+08   2.81540610E+08
   3.98000000E-02   2.64192989E+08   2.60424103E+08   2.60424103E+08   3.17452543E+08   2.76812130E+08   2.76812130E+08
   4.00000000E-02   2.59760778E+08   2.55984733E+08   2.55984733E+08   3.12027333E+08   2.72147462E+08   2.72147462E+08
   4.02000000E-02   2.55388109E+08   2.51605105E+08   2.51605105E+08   3.06675152E+08   2.67545490E+08   2.67545490E+08
   4.04000000E-02   2.51073945E+08   2.47284178E+08   2.47284178E+08   3.01394728E+08   2.63005121E+08   2.63005121E+08
   4.06000000E-02   2.46817273E+08   2.43020934E+08   2.43020934E+08   2.96184814E+08   2.58525287E+08   2.58525287E+08
   4.08000000E-02   2.42617099E+08   2.38814378E+08   2.38814378E+08   2.91044195E+08   2.54104944E+08   2.54104944E+08
   4.10000000E-02   2.38472453E+08   2.34663533E+08   2.34663533E+08   2.85971677E+08   2.49743070E+08   2.49743070E+08
   4.12000000E-02   2.34382387E+08   2.30567447E+08   2.30567447E+08   2.80966096E+08   2.45438664E+08   2.45438664E+08
   4.14000000E-02   2.30345970E+08   2.26525188E+08   2.26525188E+08   2.76026312E+08   2.41190748E+08   2.41190748E+08
   4.16000000E-02   2.26362293E+08   2.22535841E+08   2.22535841E+08   2.71151207E+08   2.36998364E+08   2.36998364E+08
   4.18000000E-02   2.22430467E+08   2.18598513E+08   2.18598513E+08   2.66339689E+08   2.32860575E+08   2.32860575E+08
   4.20000000E-02   2.18549620E+08   2.14712330E+08   2.14712330E+08   2.61590690E+08   2.28776463E+08   2.28776463E+08
   4.22000000E-02   2.14718899E+08   2.10876436E+08   2.10876436E+08   2.56903162E+08   2.24745131E+08   2.24745131E+08
   4.24000000E-02   2.10937470E+08   2.07089992E+08   2.07089992E+08   2.52276081E+08   2.20765698E+08   2.20765698E+08
   4.26000000E-02   2.07204514E+08   2.03352177E+08   2.03352177E+08   2.47708443E+08   2.16837305E+08   2.16837305E+08
   4.28000000E-02   2.03519232E+08   1.99662188E+08   1.99662188E+08   2.43199266E+08   2.12959107E+08   2.12959107E+08
   4.30000000E-02   1.99880840E+08   1.96019238E+08   1.96019238E+08   2.38747587E+08   2.09130280E+08   2.09130280E+08
   4.32000000E-02   1.96288570E+08   1.92422555E+08   1.92422555E+08   2.34352465E+08   2.05350016E+08   2.05350016E+08
   4.34000000E-02   1.92741670E+08   1.88871386E+08   1.88871386E+08   2.30012976E+08   2.01617521E+08   2.01617521E+08
   4.36000000E-02   1.89239403E+08   1.85364991E+08   1.85364991E+08   2.25728217E+08   1.97932021E+08   1.97932021E+08
   4.38000000E-02   1.85781048E+08   1.81902645E+08   1.81902645E+08   2.21497301E+08   1.94292755E+08   1.94292755E+08
   4.40000000E-02   1.82365897E+08   1.78483638E+08   1.78483638E+08   2.17319362E+08   1.90698979E+08   1.90698979E+08
   4.42000000E-02   1.78993259E+08   1.75107275E+08   1.75107275E+08   2.13193549E+08   1.87149963E+08   1.87149963E+08
   4.44000000E-02   1.75662454E+08   1.71772875E+08   1.71772875E+08   2.09119028E+08   1.83644993E+08   1.83644993E+08
   4.46000000E-02   1.72372817E+08   1.68479769E+08   1.68479769E+08   2.05094984E+08   1.80183368E+08   1.80183368E+08
   4.48000000E-02   1.69123697E+08   1.65227304E+08   1.65227304E+08   2.01120616E+08   1.76764401E+08   1.76764401E+08
   4.50000000E-02   1.65914453E+08   1.62014837E+08   1.62014837E+08   1.97195140E+08   1.73387419E+08   1.73387419E+08
   4.52000000E-02   1.62744460E+08   1.58841740E+08   1.58841740E+08   1.93317788E+08   1.70051763E+08   1.70051763E+08
   4.54000000E-02   1.59613103E+08   1.55707396E+08   1.55707396E+08   1.89487805E+08   1.66756786E+08   1.66756786E+08
   4.56000000E-02   1.56519780E+08   1.52611202E+08   1.52611202E+08   1.85704452E+08   1.63501854E+08   1.63501854E+08
   4.58000000E-02   1.53463902E+08   1.49552563E+08   1.49552563E+08   1.81967006E+08   1.60286345E+08   1.60286345E+08
   4.60000000E-02   1.50444889E+08   1.46530900E+08   1.46530900E+08   1.78274756E+08   1.57109649E+08   1.57109649E+08
   4.62000000E-02   1.47462173E+08   1.43545642E+08   1.43545642E+08   1.74627004E+08   1.53971169E+08   1.53971169E+08
   4.64000000E-02   1.44515198E+08   1.40596230E+08   1.40596230E+08   1.71023069E+08   1.50870319E+08   1.50870319E+08
   4.66000000E-02   1.41603417E+08   1.37682117E+08   1.37682117E+08   1.67462280E+08   1.47806522E+08   1.47806522E+08
   4.68000000E-02   1.38726296E+08   1.34802764E+08   1.34802764E+08   1.63943979E+08   1.44779216E+08   1.44779216E+08
   4.70000000E-02   1.35883308E+08   1.31957644E+08   1.31957644E+08   1.60467522E+08   1.41787847E+08   1.41787847E+08
   4.72000000E-02   1.33073938E+08   1.29146240E+08   1.29146240E+08   1.57032276E+08   1.38831872E+08   1.38831872E+08
   4.74000000E-02   1.30297681E+08   1.26368045E+08   1.26368045E+08   1.53637620E+08   1.35910758E+08   1.35910758E+08
   4.76000000E-02   1.27554039E+08   1.23622559E+08   1.23622559E+08   1.50282947E+08   1.33023983E+08   1.33023983E+08
   4.78000000E-02   1.24842527E+08   1.20909294E+08   1.20909294E+08   1.46967657E+08   1.30171034E+08   1.30171034E+08
   4.80000000E-02   1.22162666E+08   1.18227771E+08   1.18227771E+08   1.43691165E+08   1.27351408E+08   1.27351408E+08
   4.82000000E-02   1.19513987E+08   1.15577519E+08   1.15577519E+08   1.40452896E+08   1.24564611E+08   1.24564611E+08
   4.84000000E-02   1.16896030E+08   1.12958075E+08   1.12958075E+08   1.37252284E+08   1.21810158E+08   1.21810158E+08
   4.86000000E-02   1.14308343E+08   1.10368987E+08   1.10368987E+08   1.34088775E+08   1.19087573E+08   1.19087573E+08
   4.88000000E-02   1.11750483E+08   1.07809809E+08   1.07809809E+08   1.30961825E+08   1.16396390E+08   1.16396390E+08
   4.90000000E-02   1.09222014E+08   1.05280103E+08   1.05280103E+08   1.27870900E+08   1.13736149E+08   1.13736149E+08
   4.92000000E-02   1.06722508E+08   1.02779442E+08   1.02779442E+08   1.24815475E+08   1.11106401E+08   1.11106401E+08
   4.94000000E-02   1.04251547E+08   1.00307404E+08   1.00307404E+08   1.21795035E+08   1.08506704E+08   1.08506704E+08
   4.96000000E-02   1.01808717E+08   9.78635745E+07   9.78635745E+07   1.18809075E+08   1.05936624E+08   1.05936624E+08
   4.98000000E-02   9.93936147E+07   9.54475481E+07   9.54475481E+07   1.15857097E+08   1.03395734E+08   1.03395734E+08
   5.00000000E-02   9.70058420E+07   9.30589258E+07   9.30589258E+07   1.12938615E+08   1.00883615E+08   1.00883615E+08
   5.02000000E-02   9.46450086E+07   9.06973156E+07   9.06973156E+07   1.10053150E+08   9.83998582E+07   9.83998582E+07
   5.04000000E-02   9.23107311E+07   8.83623330E+07   8.83623330E+07   1.07200230E+08   9.59440582E+07   9.59440582E+07
   5.06000000E-02   9.00026331E+07   8.60535999E+07   8.60535999E+07   1.04379395E+08   9.35158188E+07   9.35158188E+07
   5.08000000E-02   8.77203445E+07   8.37707450E+07   8.37707450E+07   1.01590189E+08   9.11147505E+07   9.11147505E+07
   5.10000000E-02   8.54635019E+07   8.15134037E+07   8.15134037E+07   9.88321683E+07   8.87404706E+07   8.87404706E+07
   5.12000000E-02   8.32317484E+07   7.92812177E+07   7.92812177E+07   9.61048937E+07   8.63926031E+07   8.63926031E+07
   5.14000000E-02   8.10247330E+07   7.70738348E+07   7.70738348E+07   9.34079349E+07   8.40707787E+07   8.40707787E+07
   5.16000000E-02   7.88421113E+07   7.48909093E+07   7.48909093E+07   9.07408693E+07   8.17746344E+07   8.17746344E+07
   5.18000000E-02   7.66835444E+07   7.27321011E+07   7.27321011E+07   8.81032813E+07   7.95038136E+07   7.95038136E+07
   5.20000000E-02   7.45486994E+07   7.05970762E+07   7.05970762E+07   8.54947626E+07   7.72579657E+07   7.72579657E+07
   5.22000000E-02   7.24372494E+07   6.84855065E+07   6.84855065E+07   8.29149119E+07   7.50367463E+07   7.50367463E+07
   5.24000000E-02   7.03488729E+07   6.63970692E+07   6.63970692E+07   8.03633347E+07   7.28398169E+07   7.28398169E+07
   5.26000000E-02   6.82832537E+07   6.43314473E+07   6.43314473E+07   7.78396436E+07   7.06668447E+07   7.06668447E+07
   5.28000000E-02   6.62400814E+07   6.22883291E+07   6.22883291E+07   7.53434574E+07   6.85175027E+07   6.85175027E+07
   5.30000000E-02   6.42190506E+07   6.02674081E+07   6.02674081E+07   7.28744016E+07   6.63914693E+07   6.63914693E+07
   5.32000000E-02   6.22198611E+07   5.82683832E+07   5.82683832E+07   7.04321079E+07   6.42884286E+07   6.42884286E+07
   5.34000000E-02   6.02422179E+07   5.62909582E+07   5.62909582E+07   6.80162145E+07   6.22080697E+07   6.22080697E+07
   5.36000000E-02   5.82858308E+07   5.43348421E+07   5.43348421E+07   6.56263654E+07   6.01500872E+07   6.01500872E+07
   5.38000000E-02   5.63504146E+07   5.23997484E+07   5.23997484E+07   6.32622106E+07   5.81141806E+07   5.81141806E+07
   5.40000000E-02   5.44356887E+07   5.04853958E+07   5.04853958E+07   6.09234061E+07   5.61000546E+07   5.61000546E+07
   5.42000000E-02   5.25413772E+07   4.85915075E+07   4.85915075E+07   5.86096135E+07   5.41074187E+07   5.41074187E+07
   5.44000000E-02   5.06672090E+07   4.67178112E+07   4.67178112E+07   5.63205001E+07   5.21359872E+07   5.21359872E+07
   5.46000000E-02   4.88129171E+07   4.48640391E+07   4.48640391E+07   5.40557385E+07   5.01854793E+07   5.01854793E+07
   5.48000000E-02   4.69782393E+07   4.30299281E+07   4.30299281E+07   5.18150069E+07   4.82556186E+07   4.82556186E+07
   5.50000000E-02   4.51629173E+07   4.12152192E+07   4.12152192E+07   4.95979888E+07   4.63461334E+07   4.63461334E+07
   5.52000000E-02   4.33666974E+07   3.94196575E+07   3.94196575E+07   4.74043727E+07   4.44567562E+07   4.44567562E+07
   5.54000000E-02   4.15893297E+07   3.76429924E+07   3.76429924E+07   4.52338523E+07   4.25872242E+07   4.25872242E+07
   5.56000000E-02   3.98305686E+07   3.58849776E+07   3.58849776E+07   4.30861262E+07   4.07372786E+07   4.07372786E+07
   5.58000000E-02   3.80901723E+07   3.41453703E+07   3.41453703E+07   4.09608980E+07   3.89066649E+07   3.89066649E+07
   5.60000000E-02   3.63679031E+07   3.24239321E+07   3.24239321E+07   3.88578760E+07   3.70951327E+07   3.70951327E+07
   5.62000000E-02   3.49033114E+07   3.08457660E+07   3.08457660E+07   3.70864741E+07   3.55627750E+07   3.55627750E+07
   5.64000000E-02   3.44839254E+07   2.98224106E+07   2.98224106E+07   3.66644019E+07   3.51647627E+07   3.51647627E+07
   5.66000000E-02   3.40685459E+07   2.88095113E+07   2.88095113E+07   3.62463374E+07   3.47705222E+07   3.47705222E+07
   5.68000000E-02   3.36627511E+07   2.79308361E+07   2.79308361E+07   3.58322311E+07   3.43800071E+07   3.43800071E+07
   5.70000000E-02   3.32863574E+07   2.76236120E+07   2.76236120E+07   3.54220342E+07   3.39931714E+07   3.39931714E+07
   5.72000000E-02   3.29134974E+07   2.73192665E+07   2.73192665E+07   3.50156988E+07   3.36099700E+07   3.36099700E+07
   5.74000000E-02   3.25441277E+07   2.70177645E+07   2.70177645E+07   3.46131775E+07   3.32303585E+07   3.32303585E+07
   5.76000000E-02   3.21782059E+07   2.67190715E+07   2.67190715E+07   3.42144238E+07   3.28542931E+07   3.28542931E+07
   5.78000000E-02   3.18156900E+07   2.64231532E+07   2.64231532E+07   3.38193919E+07   3.24817306E+07   3.24817306E+07
   5.80000000E-02   3.14565389E+07   2.61299761E+07   2.61299761E+07   3.34280366E+07   3.21126286E+07   3.21126286E+07
   5.82000000E-02   3.11007119E+07   2.58395071E+07   2.58395071E+07   3.30403136E+07   3.17469455E+07   3.17469455E+07
   5.84000000E-02   3.07481690E+07   2.55517138E+07   2.55517138E+07   3.26561790E+07   3.13846399E+07   3.13846399E+07
   5.86000000E-02   3.03988709E+07   2.52665639E+07   2.52665639E+07   3.22755897E+07   3.10256714E+07   3.10256714E+07
   5.88000000E-02   3.00527786E+07   2.49840260E+07   2.49840260E+07   3.18985034E+07   3.06700000E+07   3.06700000E+07
   5.90000000E-02   2.97098540E+07   2.47040689E+07   2.47040689E+07   3.15248782E+07   3.03175865E+07   3.03175865E+07
   5.92000000E-02   2.93700594E+07   2.44266619E+07   2.44266619E+07   3.11546729E+07   2.99683921E+07   2.99683921E+07
   5.94000000E-02   2.90333578E+07   2.41517750E+07   2.41517750E+07   3.07878469E+07   2.96223786E+07   2.96223786E+07
   5.96000000E-02   2.86997127E+07   2.38793782E+07   2.38793782E+07   3.04243604E+07   2.92795085E+07   2.92795085E+07
   5.98000000E-02   2.83690880E+07   2.36094425E+07   2.36094425E+07   3.00641739E+07   2.89397448E+07   2.89397448E+07
   6.00000000E-02   2.80414482E+07   2.33419388E+07   2.33419388E+07   2.97072486E+07   2.86030509E+07   2.86030509E+07
   6.02000000E-02   2.77167586E+07   2.30768387E+07   2.30768387E+07   2.93535464E+07   2.82693910E+07   2.82693910E+07
   6.04000000E-02   2.73949845E+07   2.28141143E+07   2.28141143E+07   2.90030295E+07   2.79387296E+07   2.79387296E+07
   6.06000000E-02   2.70760923E+07   2.25537380E+07   2.25537380E+07   2.86556610E+07   2.76110319E+07   2.76110319E+07
   6.08000000E-02   2.67600483E+07   2.22956824E+07   2.22956824E+07   2.83114042E+07   2.72862634E+07   2.72862634E+07
   6.10000000E-02   2.64468197E+07   2.20399209E+07   2.20399209E+07   2.79702232E+07   2.69643904E+07   2.69643904E+07
   6.12000000E-02   2.61363741E+07   2.17864270E+07   2.17864270E+07   2.76320823E+07   2.66453793E+07   2.66453793E+07
   6.14000000E-02   2.58286794E+07   2.15351746E+07   2.15351746E+07   2.72969468E+07   2.63291974E+07   2.63291974E+07
   6.16000000E-02   2.55237041E+07   2.12861381E+07   2.12861381E+07   2.69647820E+07   2.60158121E+07   2.60158121E+07
   6.18000000E-02   2.52214173E+07   2.10392923E+07   2.10392923E+07   2.66355540E+07   2.57051916E+07   2.57051916E+07
   6.20000000E-02   2.49217882E+07   2.07946121E+07   2.07946121E+07   2.63092294E+07   2.53973043E+07   2.53973043E+07
   6.22000000E-02   2.46247866E+07   2.05520731E+07   2.05520731E+07   2.59857751E+07   2.50921192E+07   2.50921192E+07
   6.24000000E-02   2.43303829E+07   2.03116509E+07   2.03116509E+07   2.56651585E+07   2.47896057E+07   2.47896057E+07
   6.26000000E-02   2.40385477E+07   2.00733218E+07   2.00733218E+07   2.53473476E+07   2.44897336E+07   2.44897336E+07
   6.28000000E-02   2.37492521E+07   1.98370621E+07   1.98370621E+07   2.50323108E+07   2.41924731E+07   2.41924731E+07
   6.30000000E-02   2.34624676E+07   1.96028488E+07   1.96028488E+07   2.47200169E+07   2.38977951E+07   2.38977951E+07
   6.32000000E-02   2.31781661E+07   1.93706588E+07   1.93706588E+07   2.44104352E+07   2.36056704E+07   2.36056704E+07
   6.34000000E-02   2.28963198E+07   1.91404697E+07   1.91404697E+07   2.41035354E+07   2.33160707E+07   2.33160707E+07
   6.36000000E-02   2.26169015E+07   1.89122592E+07   1.89122592E+07   2.37992875E+07   2.30289679E+07   2.30289679E+07
   6.38000000E-02   2.23398843E+07   1.86860053E+07   1.86860053E+07   2.34976622E+07   2.27443341E+07   2.27443341E+07
   6.40000000E-02   2.20652415E+07   1.84616865E+07   1.84616865E+07   2.31986303E+07   2.24621422E+07   2.24621422E+07
   6.42000000E-02   2.17929470E+07   1.82392814E+07   1.82392814E+07   2.29021633E+07   2.21823651E+07   2.21823651E+07
   6.44000000E-02   2.15229749E+07   1.80187690E+07   1.80187690E+07   2.26082329E+07   2.19049764E+07   2.19049764E+07
   6.46000000E-02   2.12552999E+07   1.78001286E+07   1.78001286E+07   2.23168112E+07   2.16299497E+07   2.16299497E+07
   6.48000000E-02   2.09898966E+07   1.75833396E+07   1.75833396E+07   2.20278708E+07   2.13572592E+07   2.13572592E+07
   6.50000000E-02   2.07267405E+07   1.73683820E+07   1.73683820E+07   2.17413845E+07   2.10868795E+07   2.10868795E+07
   6.52000000E-02   2.04658069E+07   1.71552358E+07   1.71552358E+07   2.14573257E+07   2.08187855E+07   2.08187855E+07
   6.54000000E-02   2.02070720E+07   1.69438813E+07   1.69438813E+07   2.11756680E+07   2.05529522E+07   2.05529522E+07
   6.56000000E-02   1.99505117E+07   1.67342993E+07   1.67342993E+07   2.08963853E+07   2.02893553E+07   2.02893553E+07
   6.58000000E-02   1.96961028E+07   1.65264707E+07   1.65264707E+07   2.06194521E+07   2.00279707E+07   2.00279707E+07
   6.60000000E-02   1.94438220E+07   1.63203765E+07   1.63203765E+07   2.03448430E+07   1.97687744E+07   1.97687744E+07
   6.62000000E-02   1.91936466E+07   1.61159983E+07   1.61159983E+07   2.00725331E+07   1.95117431E+07   1.95117431E+07
   6.64000000E-02   1.89455540E+07   1.59133176E+07   1.59133176E+07   1.98024977E+07   1.92568536E+07   1.92568536E+07
   6.66000000E-02   1.86995219E+07   1.57123165E+07   1.57123165E+07   1.95347125E+07   1.90040830E+07   1.90040830E+07
   6.68000000E-02   1.84555286E+07   1.55129769E+07   1.55129769E+07   1.92691536E+07   1.87534089E+07   1.87534089E+07
   6.70000000E-02   1.82135523E+07   1.53152814E+07   1.53152814E+07   1.90057974E+07   1.85048088E+07   1.85048088E+07
   6.72000000E-02   1.79735717E+07   1.51192125E+07   1.51192125E+07   1.87446204E+07   1.82582609E+07   1.82582609E+07
   6.74000000E-02   1.77355658E+07   1.49247531E+07   1.49247531E+07   1.84855997E+07   1.80137436E+07   1.80137436E+07
   6.76000000E-02   1.74995138E+07   1.47318864E+07   1.47318864E+07   1.82287126E+07   1.77712353E+07   1.77712353E+07
   6.78000000E-02   1.72653951E+07   1.45405955E+07   1.45405955E+07   1.79739366E+07   1.75307152E+07   1.75307152E+07
   6.80000000E-02   1.70331896E+07   1.43508640E+07   1.43508640E+07   1.77212495E+07   1.72921623E+07   1.72921623E+07
   6.82000000E-02   1.68028772E+07   1.41626756E+07   1.41626756E+07   1.74706297E+07   1.70555560E+07   1.70555560E+07
   6.84000000E-02   1.65744383E+07   1.39760143E+07   1.39760143E+07   1.72220555E+07   1.68208762E+07   1.68208762E+07
   6.86000000E-02   1.63478534E+07   1.37908643E+07   1.37908643E+07   1.69755056E+07   1.65881029E+07   1.65881029E+07
   6.88000000E-02   1.61231033E+07   1.36072100E+07   1.36072100E+07   1.67309590E+07   1.63572161E+07   1.63572161E+07
   6.90000000E-02   1.59001690E+07   1.34250358E+07   1.34250358E+07   1.64883951E+07   1.61281966E+07   1.61281966E+07
   6.92000000E-02   1.56790320E+07   1.32443265E+07   1.32443265E+07   1.62477934E+07   1.59010250E+07   1.59010250E+07
   6.94000000E-02   1.54596736E+07   1.30650672E+07   1.30650672E+07   1.60091337E+07   1.56756823E+07   1.56756823E+07
   6.96000000E-02   1.52420756E+07   1.28872430E+07   1.28872430E+07   1.57723961E+07   1.54521498E+07   1.54521498E+07
   6.98000000E-02   1.50262201E+07   1.27108392E+07   1.27108392E+07   1.55375608E+07   1.52304090E+07   1.52304090E+07
   7.00000000E-02   1.48120894E+07   1.25358413E+07   1.25358413E+07   1.53046085E+07   1.50104416E+07   1.50104416E+07
   7.02000000E-02   1.45996658E+07   1.23622351E+07   1.23622351E+07   1.50735201E+07   1.47922295E+07   1.47922295E+07
   7.04000000E-02   1.43889320E+07   1.21900065E+07   1.21900065E+07   1.48442765E+07   1.45757551E+07   1.45757551E+07
   7.06000000E-02   1.41798710E+07   1.20191416E+07   1.20191416E+07   1.46168590E+07   1.43610006E+07   1.43610006E+07
   7.08000000E-02   1.39724659E+07   1.18496266E+07   1.18496266E+07   1.43912494E+07   1.41479487E+07   1.41479487E+07
   7.10000000E-02   1.37667001E+07   1.16814479E+07   1.16814479E+07   1.41674292E+07   1.39365823E+07   1.39365823E+07
   7.12000000E-02   1.35625570E+07   1.15145922E+07   1.15145922E+07   1.39453806E+07   1.37268845E+07   1.37268845E+07
   7.14000000E-02   1.33600204E+07   1.13490461E+07   1.13490461E+07   1.37250857E+07   1.35188385E+07   1.35188385E+07
   7.16000000E-02   1.31590743E+07   1.11847968E+07   1.11847968E+07   1.35065271E+07   1.33124278E+07   1.33124278E+07
   7.18000000E-02   1.29597028E+07   1.10218311E+07   1.10218311E+07   1.32896873E+07   1.31076362E+07   1.31076362E+07
   7.20000000E-02   1.27618903E+07   1.08601365E+07   1.08601365E+07   1.30745494E+07   1.29044475E+07   1.29044475E+07
   7.22000000E-02   1.25656213E+07   1.06997002E+07   1.06997002E+07   1.28610964E+07   1.27028459E+07   1.27028459E+07
   7.24000000E-02   1.23708806E+07   1.05405100E+07   1.05405100E+07   1.26493116E+07   1.25028156E+07   1.25028156E+07
   7.26000000E-02   1.21776531E+07   1.03825534E+07   1.03825534E+07   1.24391785E+07   1.23043411E+07   1.23043411E+07
   7.28000000E-02   1.19859239E+07   1.02258184E+07   1.02258184E+07   1.22306809E+07   1.21074072E+07   1.21074072E+07
   7.30000000E-02   1.17956782E+07   1.00702931E+07   1.00702931E+07   1.20238027E+07   1.19119988E+07   1.19119988E+07
   7.32000000E-02   1.16069017E+07   9.91596547E+06   9.91596547E+06   1.18185281E+07   1.17181007E+07   1.17181007E+07
   7.34000000E-02   1.14195799E+07   9.76282397E+06   9.76282397E+06   1.16148412E+07   1.15256984E+07   1.15256984E+07
   7.36000000E-02   1.12336987E+07   9.61085702E+06   9.61085702E+06   1.14127268E+07   1.13347773E+07   1.13347773E+07
   7.38000000E-02   1.10492441E+07   9.46005321E+06   9.46005321E+06   1.12121693E+07   1.11453229E+07   1.11453229E+07
   7.40000000E-02   1.08662021E+07   9.31040129E+06   9.31040129E+06   1.10131538E+07   1.09573210E+07   1.09573210E+07
   7.42000000E-02   1.06845593E+07   9.16189013E+06   9.16189013E+06   1.08156653E+07   1.07707575E+07   1.07707575E+07
   7.44000000E-02   1.05043020E+07   9.01450873E+06   9.01450873E+06   1.06196890E+07   1.05856187E+07   1.05856187E+07
   7.46000000E-02   1.03254170E+07   8.86824623E+06   8.86824623E+06   1.04252105E+07   1.04018907E+07   1.04018907E+07
   7.48000000E-02   1.01478910E+07   8.72309190E+06   8.72309190E+06   1.02322151E+07   1.02195600E+07   1.02195600E+07
   7.50000000E-02   9.97171112E+06   8.57903515E+06   8.57903515E+06   1.00406888E+07   1.00386133E+07   1.00386133E+07
   7.52000000E-02   9.79686441E+06   8.43606549E+06   8.43606549E+06   9.85061754E+06   9.85903723E+06   9.85903723E+06
   7.54000000E-02   9.62333818E+06   8.29417258E+06   8.29417258E+06   9.66198734E+06   9.68081882E+06   9.68081882E+06
   7.56000000E-02   9.45111988E+06   8.15334618E+06   8.15334618E+06   9.47478451E+06   9.50394513E+06   9.50394513E+06
   7.58000000E-02   9.28019710E+06   8.01357620E+06   8.01357620E+06   9.28899549E+06   9.32840339E+06   9.32840339E+06
   7.60000000E-02   9.11055758E+06   7.87485264E+06   7.87485264E+06   9.10460689E+06   9.15418099E+06   9.15418099E+06
   7.62000000E-02   8.94218921E+06   7.73716564E+06   7.73716564E+06   8.92160545E+06   8.98126548E+06   8.98126548E+06
   7.64000000E-02   8.77508001E+06   7.60050544E+06   7.60050544E+06   8.73997809E+06   8.80964454E+06   8.80964454E+06
   7.66000000E-02   8.60921815E+06   7.46486240E+06   7.46486240E+06   8.55971188E+06   8.63930599E+06   8.63930599E+06
   7.68000000E-02   8.44459193E+06   7.33022701E+06   7.33022701E+06   8.38079404E+06   8.47023781E+06   8.47023781E+06
   7.70000000E-02   8.28118980E+06   7.19658984E+06   7.19658984E+06   8.20321194E+06   8.30242811E+06   8.30242811E+06
   7.72000000E-02   8.11900034E+06   7.06394159E+06   7.06394159E+06   8.02695309E+06   8.13586515E+06   8.13586515E+06
   7.74000000E-02   7.95801226E+06   6.93227306E+06   6.93227306E+06   7.85200516E+06   7.97053732E+06   7.97053732E+06
   7.76000000E-02   7.79821439E+06   6.80157517E+06   6.80157517E+06   7.67835595E+06   7.80643312E+06   7.80643312E+06
   7.78000000E-02   7.63959571E+06   6.67183894E+06   6.67183894E+06   7.50599341E+06   7.64354123E+06   7.64354123E+06
   7.80000000E-02   7.48214532E+06   6.54305547E+06   6.54305547E+06   7.33490561E+06   7.48185043E+06   7.48185043E+06
   7.82000000E-02   7.32585243E+06   6.41521599E+06   6.41521599E+06   7.16508079E+06   7.32134964E+06   7.32134964E+06
   7.84000000E-02   7.17070640E+06   6.28831182E+06   6.28831182E+06   6.99650731E+06   7.16202789E+06   7.16202789E+06
   7.86000000E-02   7.01669670E+06   6.16233438E+06   6.16233438E+06   6.82917365E+06   7.00387435E+06   7.00387435E+06
   7.88000000E-02   6.86381291E+06   6.03727521E+06   6.03727521E+06   6.66306843E+06   6.84687833E+06   6.84687833E+06
   7.90000000E-02   6.71204475E+06   5.91312590E+06   5.91312590E+06   6.49818042E+06   6.69102924E+06   6.69102924E+06
   7.92000000E-02   6.56138204E+06   5.78987817E+06   5.78987817E+06   6.33449849E+06   6.53631660E+06   6.53631660E+06
   7.94000000E-02   6.41181471E+06   5.66752382E+06   5.66752382E+06   6.17201165E+06   6.38273008E+06   6.38273008E+06
   7.96000000E-02   6.26333284E+06   5.54605477E+06   5.54605477E+06   6.01070903E+06   6.23025945E+06   6.23025945E+06
   7.98000000E-02   6.11592657E+06   5.42546299E+06   5.42546299E+06   5.85057988E+06   6.07889459E+06   6.07889459E+06
   8.00000000E-02   5.96958620E+06   5.30574056E+06   5.30574056E+06   5.69161360E+06   5.92862550E+06   5.92862550E+06
   8.02000000E-02   5.82430211E+06   5.18687966E+06   5.18687966E+06   5.53379966E+06   5.77944231E+06   5.77944231E+06
   8.04000000E-02   5.68006479E+06   5.06887254E+06   5.06887254E+06   5.37712769E+06   5.63133522E+06   5.63133522E+06
   8.06000000E-02   5.53686484E+06   4.95171154E+06   4.95171154E+06   5.22158741E+06   5.48429459E+06   5.48429459E+06
   8.08000000E-02   5.39469298E+06   4.83538910E+06   4.83538910E+06   5.06716867E+06   5.33831085E+06   5.33831085E+06
   8.10000000E-02   5.25354001E+06   4.71989772E+06   4.71989772E+06   4.91386142E+06   5.19337454E+06   5.19337454E+06
   8.12000000E-02   5.11339685E+06   4.60523001E+06   4.60523001E+06   4.76165575E+06   5.04947633E+06   5.04947633E+06
   8.14000000E-02   4.97425451E+06   4.49137864E+06   4.49137864E+06   4.61054183E+06   4.90660697E+06   4.90660697E+06
   8.16000000E-02   4.83610410E+06   4.37833637E+06   4.37833637E+06   4.46050994E+06   4.76475731E+06   4.76475731E+06
   8.18000000E-02   4.69893683E+06   4.26609604E+06   4.26609604E+06   4.31155049E+06   4.62391833E+06   4.62391833E+06
   8.20000000E-02   4.56274402E+06   4.15465057E+06   4.15465057E+06   4.16365397E+06   4.48408108E+06   4.48408108E+06
   8.22000000E-02   4.42751705E+06   4.04399295E+06   4.04399295E+06   4.01681100E+06   4.34523672E+06   4.34523672E+06
   8.24000000E-02   4.29324744E+06   3.93411626E+06   3.93411626E+06   3.87101228E+06   4.20737650E+06   4.20737650E+06
   8.26000000E-02   4.23810772E+06   3.86587966E+06   3.86587966E+06   3.81783729E+06   4.15317436E+06   4.15317436E+06
   8.28000000E-02   4.19993828E+06   3.80678923E+06   3.80678923E+06   3.78448908E+06   4.11689700E+06   4.11689700E+06
   8.30000000E-02   4.16202002E+06   3.74810331E+06   3.74810331E+06   3.75135965E+06   4.08085763E+06   4.08085763E+06
   8.32000000E-02   4.12435080E+06   3.68981842E+06   3.68981842E+06   3.71844714E+06   4.04505424E+06   4.04505424E+06
   8.34000000E-02   4.08692851E+06   3.63193109E+06   3.63193109E+06   3.68574972E+06   4.00948482E+06   4.00948482E+06
   8.36000000E-02   4.04975107E+06   3.57443792E+06   3.57443792E+06   3.65326557E+06   3.97414741E+06   3.97414741E+06
   8.38000000E-02   4.01281639E+06   3.51733551E+06   3.51733551E+06   3.62099289E+06   3.93904005E+06   3.93904005E+06
   8.40000000E-02   3.97612245E+06   3.46062053E+06   3.46062053E+06   3.58892990E+06   3.90416079E+06   3.90416079E+06
   8.42000000E-02   3.93966721E+06   3.40428967E+06   3.40428967E+06   3.55707484E+06   3.86950774E+06   3.86950774E+06
   8.44000000E-02   3.90344867E+06   3.34833964E+06   3.34833964E+06   3.52542598E+06   3.83507898E+06   3.83507898E+06
   8.46000000E-02   3.86746486E+06   3.29276723E+06   3.29276723E+06   3.49398159E+06   3.80087266E+06   3.80087266E+06
   8.48000000E-02   3.83171381E+06   3.23756921E+06   3.23756921E+06   3.46273995E+06   3.76688690E+06   3.76688690E+06
   8.50000000E-02   3.79619359E+06   3.18274242E+06   3.18274242E+06   3.43169940E+06   3.73311989E+06   3.73311989E+06
   8.52000000E-02   3.76090227E+06   3.12828372E+06   3.12828372E+06   3.40085825E+06   3.69956979E+06   3.69956979E+06
   8.54000000E-02   3.72583796E+06   3.07419001E+06   3.07419001E+06   3.37021485E+06   3.66623482E+06   3.66623482E+06
   8.56000000E-02   3.69099878E+06   3.02045821E+06   3.02045821E+06   3.33976758E+06   3.63311320E+06   3.63311320E+06
   8.58000000E-02   3.65638286E+06   2.96708530E+06   2.96708530E+06   3.30951480E+06   3.60020316E+06   3.60020316E+06
   8.60000000E-02   3.62198838E+06   2.91406825E+06   2.91406825E+06   3.27945493E+06   3.56750296E+06   3.56750296E+06
   8.62000000E-02   3.58781349E+06   2.86140410E+06   2.86140410E+06   3.24958637E+06   3.53501089E+06   3.53501089E+06
   8.64000000E-02   3.55385641E+06   2.80908989E+06   2.80908989E+06   3.21990756E+06   3.50272523E+06   3.50272523E+06
   8.66000000E-02   3.52011536E+06   2.75712273E+06   2.75712273E+06   3.19041695E+06   3.47064429E+06   3.47064429E+06
   8.68000000E-02   3.48658855E+06   2.70549971E+06   2.70549971E+06   3.16111299E+06   3.43876641E+06   3.43876641E+06
   8.70000000E-02   3.45327425E+06   2.65421799E+06   2.65421799E+06   3.13199418E+06   3.40708993E+06   3.40708993E+06
   8.72000000E-02   3.42017073E+06   2.60327474E+06   2.60327474E+06   3.10305899E+06   3.37561322E+06   3.37561322E+06
   8.74000000E-02   3.38727627E+06   2.55266717E+06   2.55266717E+06   3.07430596E+06   3.34433465E+06   3.34433465E+06
   8.76000000E-02   3.35458919E+06   2.50239251E+06   2.50239251E+06   3.04573359E+06   3.31325261E+06   3.31325261E+06
   8.78000000E-02   3.32210779E+06   2.45244802E+06   2.45244802E+06   3.01734043E+06   3.28236553E+06   3.28236553E+06
   8.80000000E-02   3.28983043E+06   2.40283099E+06   2.40283099E+06   2.98912504E+06   3.25167183E+06   3.25167183E+06
   8.82000000E-02   3.25775546E+06   2.35353874E+06   2.35353874E+06   2.96108599E+06   3.22116996E+06   3.22116996E+06
   8.84000000E-02   3.22588125E+06   2.30456862E+06   2.30456862E+06   2.93322185E+06   3.19085837E+06   3.19085837E+06
   8.86000000E-02   3.19420620E+06   2.25591799E+06   2.25591799E+06   2.90553124E+06   3.16073554E+06   3.16073554E+06
   8.88000000E-02   3.16272870E+06   2.20758425E+06   2.20758425E+06   2.87801276E+06   3.13079996E+06   3.13079996E+06
   8.90000000E-02   3.13144718E+06   2.15956483E+06   2.15956483E+06   2.85066504E+06   3.10105014E+06   3.10105014E+06
   8.92000000E-02   3.10036008E+06   2.11185718E+06   2.11185718E+06   2.82348672E+06   3.07148460E+06   3.07148460E+06
   8.94000000E-02   3.06946585E+06   2.06445878E+06   2.06445878E+06   2.79647645E+06   3.04210187E+06   3.04210187E+06
   8.96000000E-02   3.03876296E+06   2.01736712E+06   2.01736712E+06   2.76963290E+06   3.01290051E+06   3.01290051E+06
   8.98000000E-02   3.00824990E+06   1.97057974E+06   1.97057974E+06   2.74295476E+06   2.98387908E+06   2.98387908E+06
   9.00000000E-02   2.97792515E+06   1.92409419E+06   1.92409419E+06   2.71644071E+06   2.95503616E+06   2.95503616E+06
   9.02000000E-02   2.94778724E+06   1.87790804E+06   1.87790804E+06   2.69008946E+06   2.92637035E+06   2.92637035E+06
   9.04000000E-02   2.91783470E+06   1.83201889E+06   1.83201889E+06   2.66389974E+06   2.89788024E+06   2.89788024E+06
   9.06000000E-02   2.88806606E+06   1.78642438E+06   1.78642438E+06   2.63787027E+06   2.86956446E+06   2.86956446E+06
   9.08000000E-02   2.85847989E+06   1.74112213E+06   1.74112213E+06   2.61199980E+06   2.84142165E+06   2.84142165E+06
   9.10000000E-02   2.82907475E+06   1.69610984E+06   1.69610984E+06   2.58628709E+06   2.81345045E+06   2.81345045E+06
   9.12000000E-02   2.79984924E+06   1.65138519E+06   1.65138519E+06   2.56073090E+06   2.78564952E+06   2.78564952E+06
   9.14000000E-02   2.77141379E+06   1.62041633E+06   1.62041633E+06   2.53533002E+06   2.75801755E+06   2.75801755E+06
   9.16000000E-02   2.74384256E+06   1.60486425E+06   1.60486425E+06   2.51008324E+06   2.73055320E+06   2.73055320E+06
   9.18000000E-02   2.71643831E+06   1.58940608E+06   1.58940608E+06   2.48498936E+06   2.70325520E+06   2.70325520E+06
   9.20000000E-02   2.68919973E+06   1.57404110E+06   1.57404110E+06   2.46004720E+06   2.67612224E+06   2.67612224E+06
   9.22000000E-02   2.66212555E+06   1.55876859E+06   1.55876859E+06   2.43525560E+06   2.64915305E+06   2.64915305E+06
   9.24000000E-02   2.63521450E+06   1.54358783E+06   1.54358783E+06   2.41061338E+06   2.62234637E+06   2.62234637E+06
   9.26000000E-02   2.60846532E+06   1.52849812E+06   1.52849812E+06   2.38611940E+06   2.59570095E+06   2.59570095E+06
   9.28000000E-02   2.58187678E+06   1.51349875E+06   1.51349875E+06   2.36177252E+06   2.56921556E+06   2.56921556E+06
   9.30000000E-02   2.55544763E+06   1.49858905E+06   1.49858905E+06   2.33757161E+06   2.54288896E+06   2.54288896E+06
   9.32000000E-02   2.52917667E+06   1.48376832E+06   1.48376832E+06   2.31351556E+06   2.51671993E+06   2.51671993E+06
   9.34000000E-02   2.50306268E+06   1.46903589E+06   1.46903589E+06   2.28960326E+06   2.49070729E+06   2.49070729E+06
   9.36000000E-02   2.47710447E+06   1.45439108E+06   1.45439108E+06   2.26583362E+06   2.46484983E+06   2.46484983E+06
   9.38000000E-02   2.45130086E+06   1.43983322E+06   1.43983322E+06   2.24220555E+06   2.43914637E+06   2.43914637E+06
   9.40000000E-02   2.42565066E+06   1.42536167E+06   1.42536167E+06   2.21871797E+06   2.41359576E+06   2.41359576E+06
   9.42000000E-02   2.40015272E+06   1.41097576E+06   1.41097576E+06   2.19536982E+06   2.38819682E+06   2.38819682E+06
   9.44000000E-02   2.37480589E+06   1.39667485E+06   1.39667485E+06   2.17216005E+06   2.36294841E+06   2.36294841E+06
   9.46000000E-02   2.34960902E+06   1.38245830E+06   1.38245830E+06   2.14908762E+06   2.33784940E+06   2.33784940E+06
   9.48000000E-02   2.32456099E+06   1.36832547E+06   1.36832547E+06   2.12615148E+06   2.31289866E+06   2.31289866E+06
   9.50000000E-02   2.29966068E+06   1.35427574E+06   1.35427574E+06   2.10335062E+06   2.28809507E+06   2.28809507E+06
   9.52000000E-02   2.27490697E+06   1.34030847E+06   1.34030847E+06   2.08068401E+06   2.26343753E+06   2.26343753E+06
   9.54000000E-02   2.25029878E+06   1.32642307E+06   1.32642307E+06   2.05815066E+06   2.23892496E+06   2.23892496E+06
   9.56000000E-02   2.22583502E+06   1.31261891E+06   1.31261891E+06   2.03574957E+06   2.21455626E+06   2.21455626E+06
   9.58000000E-02   2.20151460E+06   1.29889538E+06   1.29889538E+06   2.01347974E+06   2.19033035E+06   2.19033035E+06
   9.60000000E-02   2.17733645E+06   1.28525190E+06   1.28525190E+06   1.99134021E+06   2.16624619E+06   2.16624619E+06
   9.62000000E-02   2.15329953E+06   1.27168786E+06   1.27168786E+06   1.96933001E+06   2.14230271E+06   2.14230271E+06
   9.64000000E-02   2.12940279E+06   1.25820268E+06   1.25820268E+06   1.94744817E+06   2.11849887E+06   2.11849887E+06
   9.66000000E-02   2.10564518E+06   1.24479577E+06   1.24479577E+06   1.92569374E+06   2.09483364E+06   2.09483364E+06
   9.68000000E-02   2.08202567E+06   1.23146656E+06   1.23146656E+06   1.90406579E+06   2.07130598E+06   2.07130598E+06
   9.70000000E-02   2.05854326E+06   1.21821447E+06   1.21821447E+06   1.88256338E+06   2.04791490E+06   2.04791490E+06
   9.72000000E-02   2.03519693E+06   1.20503893E+06   1.20503893E+06   1.86118558E+06   2.02465938E+06   2.02465938E+06
   9.74000000E-02   2.01198567E+06   1.19193939E+06   1.19193939E+06   1.83993148E+06   2.00153842E+06   2.00153842E+06
   9.76000000E-02   1.98890850E+06   1.17891529E+06   1.17891529E+06   1.81880018E+06   1.97855104E+06   1.97855104E+06
   9.78000000E-02   1.96596444E+06   1.16596607E+06   1.16596607E+06   1.79779077E+06   1.95569626E+06   1.95569626E+06
   9.80000000E-02   1.94315252E+06   1.15309119E+06   1.15309119E+06   1.77690236E+06   1.93297311E+06   1.93297311E+06
   9.82000000E-02   1.92047176E+06   1.14029011E+06   1.14029011E+06   1.75613407E+06   1.91038063E+06   1.91038063E+06
   9.84000000E-02   1.89792122E+06   1.12756229E+06   1.12756229E+06   1.73548502E+06   1.88791787E+06   1.88791787E+06
   9.86000000E-02   1.87549995E+06   1.11490719E+06   1.11490719E+06   1.71495436E+06   1.86558388E+06   1.86558388E+06
   9.88000000E-02   1.85320701E+06   1.10232430E+06   1.10232430E+06   1.69454121E+06   1.84337774E+06   1.84337774E+06
   9.90000000E-02   1.83104147E+06   1.08981309E+06   1.08981309E+06   1.67424473E+06   1.82129851E+06   1.82129851E+06
   9.92000000E-02   1.80900241E+06   1.07737304E+06   1.07737304E+06   1.65406408E+06   1.79934528E+06   1.79934528E+06
   9.94000000E-02   1.78708891E+06   1.06500364E+06   1.06500364E+06   1.63399841E+06   1.77751714E+06   1.77751714E+06
   9.96000000E-02   1.76530008E+06   1.05270438E+06   1.05270438E+06   1.61404691E+06   1.75581319E+06   1.75581319E+06
   9.98000000E-02   1.74363502E+06   1.04047476E+06   1.04047476E+06   1.59420875E+06   1.73423254E+06   1.73423254E+06
   1.00000000E-01   1.72209284E+06   1.02831427E+06   1.02831427E+06   1.57448311E+06   1.71277429E+06   1.71277429E+06