# TBinMid=2.8515 ssec TBinWidth=0.1 ss EBinWidth=0.2MeV Fluence at Earth for this timebin in neutrinos per cm^2
# E(GeV)	NuE	NuMu	NuTau	aNuE	aNuMu	aNuTau
   1.38589050E-13   7.29099065E+17   5.72699184E+17   5.72699184E+17   5.50768840E+17   6.93003645E+17   6.93003645E+17
   2.00000000E-04   1.30372157E+09   1.02405875E+09   1.02405875E+09   9.84844520E+08   1.23917839E+09   1.23917839E+09
   4.00000000E-04   6.64982486E+08   5.22336326E+08   5.22336326E+08   5.02334525E+08   6.32061278E+08   6.32061278E+08
   6.00000000E-04   4.48438792E+08   3.52243670E+08   3.52243670E+08   3.38755219E+08   4.26237987E+08   4.26237987E+08
   8.00000000E-04   3.39052093E+08   2.66321637E+08   2.66321637E+08   2.56123395E+08   3.22266682E+08   3.22266682E+08
   1.00000000E-03   2.72931372E+08   2.14384548E+08   2.14384548E+08   2.06175131E+08   2.59419391E+08   2.59419391E+08
   1.20000000E-03   2.28593296E+08   1.79557484E+08   1.79557484E+08   1.72681698E+08   2.17276355E+08   2.17276355E+08
   1.40000000E-03   2.78851112E+08   2.54272506E+08   2.54272506E+08   2.04463157E+08   2.62313076E+08   2.62313076E+08
   1.60000000E-03   3.18900147E+08   3.39482889E+08   3.39482889E+08   2.29028741E+08   2.97088156E+08   2.97088156E+08
   1.80000000E-03   3.42540008E+08   3.93672107E+08   3.93672107E+08   2.43127146E+08   3.17378950E+08   3.17378950E+08
   2.00000000E-03   5.46708880E+08   5.28066011E+08   5.28066011E+08   3.87561423E+08   5.10090477E+08   5.10090477E+08
   2.20000000E-03   7.01878765E+08   7.73903930E+08   7.73903930E+08   4.92516185E+08   6.50188884E+08   6.50188884E+08
   2.40000000E-03   8.17867520E+08   1.02207715E+09   1.02207715E+09   5.68789334E+08   7.52054326E+08   7.52054326E+08
   2.60000000E-03   9.03112912E+08   1.20895502E+09   1.20895502E+09   6.24655147E+08   8.26711783E+08   8.26711783E+08
   2.80000000E-03   1.10876550E+09   1.42549235E+09   1.42549235E+09   8.12312259E+08   1.02775043E+09   1.02775043E+09
   3.00000000E-03   1.30704261E+09   1.61322044E+09   1.61322044E+09   9.98420819E+08   1.22356005E+09   1.22356005E+09
   3.20000000E-03   1.46405986E+09   1.76036776E+09   1.76036776E+09   1.14672335E+09   1.37889450E+09   1.37889450E+09
   3.40000000E-03   1.59129126E+09   1.92694011E+09   1.92694011E+09   1.26555217E+09   1.50272345E+09   1.50272345E+09
   3.60000000E-03   1.69641996E+09   2.13868264E+09   2.13868264E+09   1.36111877E+09   1.60172715E+09   1.60172715E+09
   3.80000000E-03   1.78056684E+09   2.31180311E+09   2.31180311E+09   1.43812716E+09   1.68095965E+09   1.68095965E+09
   4.00000000E-03   1.89825825E+09   2.48003843E+09   2.48003843E+09   1.57859805E+09   1.80214827E+09   1.80214827E+09
   4.20000000E-03   2.02793813E+09   2.63620752E+09   2.63620752E+09   1.74686804E+09   1.93990704E+09   1.93990704E+09
   4.40000000E-03   2.13605462E+09   2.76599820E+09   2.76599820E+09   1.88902859E+09   2.05521244E+09   2.05521244E+09
   4.60000000E-03   2.22625184E+09   2.87388737E+09   2.87388737E+09   2.00940505E+09   2.15183789E+09   2.15183789E+09
   4.80000000E-03   2.30146472E+09   2.96347891E+09   2.96347891E+09   2.11148928E+09   2.23282448E+09   2.23282448E+09
   5.00000000E-03   2.36407690E+09   3.03769821E+09   3.03769821E+09   2.19812401E+09   2.30064369E+09   2.30064369E+09
   5.20000000E-03   2.41603900E+09   3.09893802E+09   3.09893802E+09   2.27164132E+09   2.35731944E+09   2.35731944E+09
   5.40000000E-03   2.45899139E+09   3.14989318E+09   3.14989318E+09   2.33396788E+09   2.40452078E+09   2.40452078E+09
   5.60000000E-03   2.49432452E+09   3.19345802E+09   3.19345802E+09   2.38670572E+09   2.44363297E+09   2.44363297E+09
   5.80000000E-03   2.52465964E+09   3.22957279E+09   3.22957279E+09   2.44870266E+09   2.48117775E+09   2.48117775E+09
   6.00000000E-03   2.55062009E+09   3.25925075E+09   3.25925075E+09   2.51801896E+09   2.51716359E+09   2.51716359E+09
   6.20000000E-03   2.57141115E+09   3.28265582E+09   3.28265582E+09   2.57807316E+09   2.54706107E+09   2.54706107E+09
   6.40000000E-03   2.58773243E+09   3.30064421E+09   3.30064421E+09   2.63002829E+09   2.57167272E+09   2.57167272E+09
   6.60000000E-03   2.60017953E+09   3.31394436E+09   3.31394436E+09   2.67488001E+09   2.59168304E+09   2.59168304E+09
   6.80000000E-03   2.60926148E+09   3.32317846E+09   3.32317846E+09   2.71348431E+09   2.60767827E+09   2.60767827E+09
   7.00000000E-03   2.61541504E+09   3.32887999E+09   3.32887999E+09   2.74657997E+09   2.62016241E+09   2.62016241E+09
   7.20000000E-03   2.61901624E+09   3.33150797E+09   3.33150797E+09   2.77480696E+09   2.62957033E+09   2.62957033E+09
   7.40000000E-03   2.62038990E+09   3.33145859E+09   3.33145859E+09   2.79872163E+09   2.63627852E+09   2.63627852E+09
   7.60000000E-03   2.61981747E+09   3.32907491E+09   3.32907491E+09   2.81880915E+09   2.64061390E+09   2.64061390E+09
   7.80000000E-03   2.61754349E+09   3.32465480E+09   3.32465480E+09   2.83549394E+09   2.64286127E+09   2.64286127E+09
   8.00000000E-03   2.61378106E+09   3.31845757E+09   3.31845757E+09   2.84914836E+09   2.64326933E+09   2.64326933E+09
   8.20000000E-03   2.60871629E+09   3.31070954E+09   3.31070954E+09   2.86009996E+09   2.64205588E+09   2.64205588E+09
   8.40000000E-03   2.59845942E+09   3.29949028E+09   3.29949028E+09   2.86489316E+09   2.63536119E+09   2.63536119E+09
   8.60000000E-03   2.56943666E+09   3.27733333E+09   3.27733333E+09   2.85120525E+09   2.60968215E+09   2.60968215E+09
   8.80000000E-03   2.53991648E+09   3.23049751E+09   3.23049751E+09   2.83695012E+09   2.58437030E+09   2.58437030E+09
   9.00000000E-03   2.51103310E+09   3.18424026E+09   3.18424026E+09   2.82221785E+09   2.55943631E+09   2.55943631E+09
   9.20000000E-03   2.48281295E+09   3.13944522E+09   3.13944522E+09   2.80708734E+09   2.53488766E+09   2.53488766E+09
   9.40000000E-03   2.45523863E+09   3.09604216E+09   3.09604216E+09   2.79162772E+09   2.51072918E+09   2.51072918E+09
   9.60000000E-03   2.42829266E+09   3.05396528E+09   3.05396528E+09   2.77589970E+09   2.48696348E+09   2.48696348E+09
   9.80000000E-03   2.40195762E+09   3.01315289E+09   3.01315289E+09   2.75995656E+09   2.46359129E+09   2.46359129E+09
   1.00000000E-02   2.37621619E+09   2.97354704E+09   2.97354704E+09   2.74384516E+09   2.44061184E+09   2.44061184E+09
   1.02000000E-02   2.35105133E+09   2.93509330E+09   2.93509330E+09   2.72760669E+09   2.41802308E+09   2.41802308E+09
   1.04000000E-02   2.32644624E+09   2.89774047E+09   2.89774047E+09   2.71127740E+09   2.39582191E+09   2.39582191E+09
   1.06000000E-02   2.30238451E+09   2.86144039E+09   2.86144039E+09   2.69488915E+09   2.37400438E+09   2.37400438E+09
   1.08000000E-02   2.27885008E+09   2.82614765E+09   2.82614765E+09   2.67847001E+09   2.35256585E+09   2.35256585E+09
   1.10000000E-02   2.25582731E+09   2.79181945E+09   2.79181945E+09   2.66204464E+09   2.33150110E+09   2.33150110E+09
   1.12000000E-02   2.23330095E+09   2.75841541E+09   2.75841541E+09   2.64563472E+09   2.31080447E+09   2.31080447E+09
   1.14000000E-02   2.21125621E+09   2.72589739E+09   2.72589739E+09   2.62925932E+09   2.29046994E+09   2.29046994E+09
   1.16000000E-02   2.18967875E+09   2.69422934E+09   2.69422934E+09   2.61293514E+09   2.27049124E+09   2.27049124E+09
   1.18000000E-02   2.16855464E+09   2.66337715E+09   2.66337715E+09   2.59667685E+09   2.25086188E+09   2.25086188E+09
   1.20000000E-02   2.14787041E+09   2.63330855E+09   2.63330855E+09   2.58049725E+09   2.23157524E+09   2.23157524E+09
   1.22000000E-02   2.12761302E+09   2.60399297E+09   2.60399297E+09   2.56440755E+09   2.21262458E+09   2.21262458E+09
   1.24000000E-02   2.09601252E+09   2.56925573E+09   2.56925573E+09   2.53291657E+09   2.18116402E+09   2.18116402E+09
   1.26000000E-02   2.05819613E+09   2.53175577E+09   2.53175577E+09   2.49281071E+09   2.14279955E+09   2.14279955E+09
   1.28000000E-02   2.02163199E+09   2.49537680E+09   2.49537680E+09   2.45395662E+09   2.10569199E+09   2.10569199E+09
   1.30000000E-02   1.98626014E+09   2.46006864E+09   2.46006864E+09   2.41629658E+09   2.06978156E+09   2.06978156E+09
   1.32000000E-02   1.95202437E+09   2.42578408E+09   2.42578408E+09   2.37977635E+09   2.03501219E+09   2.03501219E+09
   1.34000000E-02   1.91887190E+09   2.39247866E+09   2.39247866E+09   2.34434494E+09   2.00133120E+09   2.00133120E+09
   1.36000000E-02   1.88675316E+09   2.36011048E+09   2.36011048E+09   2.30995435E+09   1.96868912E+09   1.96868912E+09
   1.38000000E-02   1.85562150E+09   2.32863999E+09   2.32863999E+09   2.27655936E+09   1.93703938E+09   1.93703938E+09
   1.40000000E-02   1.82474482E+09   2.28287771E+09   2.28287771E+09   2.24411734E+09   1.90633814E+09   1.90633814E+09
   1.42000000E-02   1.79463388E+09   2.23494443E+09   2.23494443E+09   2.21258806E+09   1.87654409E+09   1.87654409E+09
   1.44000000E-02   1.76542018E+09   2.18856027E+09   2.18856027E+09   2.18193352E+09   1.84761825E+09   1.84761825E+09
   1.46000000E-02   1.73706521E+09   2.14365565E+09   2.14365565E+09   2.15211780E+09   1.81952386E+09   1.81952386E+09
   1.48000000E-02   1.70953256E+09   2.10016499E+09   2.10016499E+09   2.12310692E+09   1.79222614E+09   1.79222614E+09
   1.50000000E-02   1.68278788E+09   2.05802641E+09   2.05802641E+09   2.09486871E+09   1.76569225E+09   1.76569225E+09
   1.52000000E-02   1.65679864E+09   2.01718152E+09   2.01718152E+09   2.06737269E+09   1.73989110E+09   1.73989110E+09
   1.54000000E-02   1.63153410E+09   1.97757515E+09   1.97757515E+09   2.04058999E+09   1.71479325E+09   1.71479325E+09
   1.56000000E-02   1.60696509E+09   1.93915513E+09   1.93915513E+09   2.01449317E+09   1.69037079E+09   1.69037079E+09
   1.58000000E-02   1.58306403E+09   1.90187213E+09   1.90187213E+09   1.98905622E+09   1.66659730E+09   1.66659730E+09
   1.60000000E-02   1.55980470E+09   1.86567941E+09   1.86567941E+09   1.96425441E+09   1.64344766E+09   1.64344766E+09
   1.62000000E-02   1.53716227E+09   1.83053271E+09   1.83053271E+09   1.94006424E+09   1.62089804E+09   1.62089804E+09
   1.64000000E-02   1.51511313E+09   1.79639008E+09   1.79639008E+09   1.91646334E+09   1.59892581E+09   1.59892581E+09
   1.66000000E-02   1.49363485E+09   1.76321169E+09   1.76321169E+09   1.89343045E+09   1.57750944E+09   1.57750944E+09
   1.68000000E-02   1.47270611E+09   1.73095978E+09   1.73095978E+09   1.87094528E+09   1.55662845E+09   1.55662845E+09
   1.70000000E-02   1.45230662E+09   1.69959843E+09   1.69959843E+09   1.84898852E+09   1.53626335E+09   1.53626335E+09
   1.72000000E-02   1.43241707E+09   1.66909355E+09   1.66909355E+09   1.82754176E+09   1.51639558E+09   1.51639558E+09
   1.74000000E-02   1.41301905E+09   1.63941270E+09   1.63941270E+09   1.80658742E+09   1.49700745E+09   1.49700745E+09
   1.76000000E-02   1.39409505E+09   1.61052500E+09   1.61052500E+09   1.78610872E+09   1.47808208E+09   1.47808208E+09
   1.78000000E-02   1.37562834E+09   1.58240107E+09   1.58240107E+09   1.76608966E+09   1.45960338E+09   1.45960338E+09
   1.80000000E-02   1.35742562E+09   1.55492022E+09   1.55492022E+09   1.74625643E+09   1.44135655E+09   1.44135655E+09
   1.82000000E-02   1.33016342E+09   1.52319025E+09   1.52319025E+09   1.71278461E+09   1.41280184E+09   1.41280184E+09
   1.84000000E-02   1.30234449E+09   1.49163780E+09   1.49163780E+09   1.67828035E+09   1.38355216E+09   1.38355216E+09
   1.86000000E-02   1.27526671E+09   1.46092428E+09   1.46092428E+09   1.64468802E+09   1.35508009E+09   1.35508009E+09
   1.88000000E-02   1.24890339E+09   1.43101952E+09   1.43101952E+09   1.61197493E+09   1.32735766E+09   1.32735766E+09
   1.90000000E-02   1.22322908E+09   1.40189472E+09   1.40189472E+09   1.58010987E+09   1.30035820E+09   1.30035820E+09
   1.92000000E-02   1.19821947E+09   1.37352240E+09   1.37352240E+09   1.54906302E+09   1.27405622E+09   1.27405622E+09
   1.94000000E-02   1.17385134E+09   1.34587629E+09   1.34587629E+09   1.51880593E+09   1.24842738E+09   1.24842738E+09
   1.96000000E-02   1.15010250E+09   1.31893130E+09   1.31893130E+09   1.48931137E+09   1.22344842E+09   1.22344842E+09
   1.98000000E-02   1.12695173E+09   1.29266343E+09   1.29266343E+09   1.46055333E+09   1.19909710E+09   1.19909710E+09
   2.00000000E-02   1.10437873E+09   1.26704972E+09   1.26704972E+09   1.43250690E+09   1.17535213E+09   1.17535213E+09
   2.02000000E-02   1.08236408E+09   1.24206820E+09   1.24206820E+09   1.40514827E+09   1.15219316E+09   1.15219316E+09
   2.04000000E-02   1.06088919E+09   1.21769785E+09   1.21769785E+09   1.37845462E+09   1.12960069E+09   1.12960069E+09
   2.06000000E-02   1.03993625E+09   1.19391851E+09   1.19391851E+09   1.35240409E+09   1.10755605E+09   1.10755605E+09
   2.08000000E-02   1.01948818E+09   1.17071088E+09   1.17071088E+09   1.32697575E+09   1.08604135E+09   1.08604135E+09
   2.10000000E-02   9.99528642E+08   1.14805647E+09   1.14805647E+09   1.30214953E+09   1.06503944E+09   1.06503944E+09
   2.12000000E-02   9.80041939E+08   1.12593751E+09   1.12593751E+09   1.27790617E+09   1.04453387E+09   1.04453387E+09
   2.14000000E-02   9.61013025E+08   1.10433700E+09   1.10433700E+09   1.25422719E+09   1.02450886E+09   1.02450886E+09
   2.16000000E-02   9.42427461E+08   1.08323860E+09   1.08323860E+09   1.23109488E+09   1.00494927E+09   1.00494927E+09
   2.18000000E-02   9.24271383E+08   1.06262661E+09   1.06262661E+09   1.20849221E+09   9.85840566E+08   9.85840566E+08
   2.20000000E-02   9.06531475E+08   1.04248599E+09   1.04248599E+09   1.18640283E+09   9.67168783E+08   9.67168783E+08
   2.22000000E-02   8.89194947E+08   1.02280225E+09   1.02280225E+09   1.16481104E+09   9.48920508E+08   9.48920508E+08
   2.24000000E-02   8.72208108E+08   1.00265008E+09   1.00265008E+09   1.14370172E+09   9.31082848E+08   9.31082848E+08
   2.26000000E-02   8.55583042E+08   9.82542353E+08   9.82542353E+08   1.12306038E+09   9.13643409E+08   9.13643409E+08
   2.28000000E-02   8.39327426E+08   9.62885514E+08   9.62885514E+08   1.10287304E+09   8.96590271E+08   8.96590271E+08
   2.30000000E-02   8.23430277E+08   9.43666097E+08   9.43666097E+08   1.08312628E+09   8.79911964E+08   8.79911964E+08
   2.32000000E-02   8.07881024E+08   9.24871151E+08   9.24871151E+08   1.06380715E+09   8.63597451E+08   8.63597451E+08
   2.34000000E-02   7.92669488E+08   9.06488206E+08   9.06488206E+08   1.04490321E+09   8.47636108E+08   8.47636108E+08
   2.36000000E-02   7.77785871E+08   8.88505257E+08   8.88505257E+08   1.02640248E+09   8.32017700E+08   8.32017700E+08
   2.38000000E-02   7.63220733E+08   8.70910739E+08   8.70910739E+08   1.00829339E+09   8.16732371E+08   8.16732371E+08
   2.40000000E-02   7.48964978E+08   8.53693513E+08   8.53693513E+08   9.90564830E+08   8.01770622E+08   8.01770622E+08
   2.42000000E-02   7.35009837E+08   8.36842839E+08   8.36842839E+08   9.73206058E+08   7.87123299E+08   7.87123299E+08
   2.44000000E-02   7.21346858E+08   8.20348365E+08   8.20348365E+08   9.56206730E+08   7.72781572E+08   7.72781572E+08
   2.46000000E-02   7.07967889E+08   8.04200110E+08   8.04200110E+08   9.39556866E+08   7.58736928E+08   7.58736928E+08
   2.48000000E-02   6.94865065E+08   7.88388444E+08   7.88388444E+08   9.23246839E+08   7.44981154E+08   7.44981154E+08
   2.50000000E-02   6.82030796E+08   7.72904075E+08   7.72904075E+08   9.07267356E+08   7.31506323E+08   7.31506323E+08
   2.52000000E-02   6.69457757E+08   7.57738035E+08   7.57738035E+08   8.91609447E+08   7.18304784E+08   7.18304784E+08
   2.54000000E-02   6.57138876E+08   7.42881668E+08   7.42881668E+08   8.76264451E+08   7.05369150E+08   7.05369150E+08
   2.56000000E-02   6.45067320E+08   7.28326612E+08   7.28326612E+08   8.61224000E+08   6.92692284E+08   6.92692284E+08
   2.58000000E-02   6.33236492E+08   7.14064793E+08   7.14064793E+08   8.46480012E+08   6.80267296E+08   6.80267296E+08
   2.60000000E-02   6.21640015E+08   7.00088406E+08   7.00088406E+08   8.32024677E+08   6.68087523E+08   6.68087523E+08
   2.62000000E-02   6.10271727E+08   6.86389912E+08   6.86389912E+08   8.17850442E+08   6.56146529E+08   6.56146529E+08
   2.64000000E-02   5.99123559E+08   6.72960919E+08   6.72960919E+08   8.03944716E+08   6.44435196E+08   6.44435196E+08
   2.66000000E-02   5.87642147E+08   6.59508139E+08   6.59508139E+08   7.88985084E+08   6.32210452E+08   6.32210452E+08
   2.68000000E-02   5.76190649E+08   6.46217496E+08   6.46217496E+08   7.73851971E+08   6.19963138E+08   6.19963138E+08
   2.70000000E-02   5.64960950E+08   6.33185514E+08   6.33185514E+08   7.59011282E+08   6.07952831E+08   6.07952831E+08
   2.72000000E-02   5.53947394E+08   6.20405582E+08   6.20405582E+08   7.44455565E+08   5.96173490E+08   5.96173490E+08
   2.74000000E-02   5.43144506E+08   6.07871302E+08   6.07871302E+08   7.30177611E+08   5.84619267E+08   5.84619267E+08
   2.76000000E-02   5.32546986E+08   5.95576480E+08   5.95576480E+08   7.16170438E+08   5.73284499E+08   5.73284499E+08
   2.78000000E-02   5.22149701E+08   5.83515121E+08   5.83515121E+08   7.02427286E+08   5.62163705E+08   5.62163705E+08
   2.80000000E-02   5.11947681E+08   5.71681415E+08   5.71681415E+08   6.88941608E+08   5.51251576E+08   5.51251576E+08
   2.82000000E-02   5.01936110E+08   5.60069737E+08   5.60069737E+08   6.75707063E+08   5.40542967E+08   5.40542967E+08
   2.84000000E-02   4.92110325E+08   5.48674636E+08   5.48674636E+08   6.62717505E+08   5.30032896E+08   5.30032896E+08
   2.86000000E-02   4.82465802E+08   5.37490829E+08   5.37490829E+08   6.49966976E+08   5.19716531E+08   5.19716531E+08
   2.88000000E-02   4.72998158E+08   5.26513196E+08   5.26513196E+08   6.37449705E+08   5.09589192E+08   5.09589192E+08
   2.90000000E-02   4.63703145E+08   5.15736772E+08   5.15736772E+08   6.25160093E+08   4.99646337E+08   4.99646337E+08
   2.92000000E-02   4.54576641E+08   5.05156743E+08   5.05156743E+08   6.13092710E+08   4.89883566E+08   4.89883566E+08
   2.94000000E-02   4.45614648E+08   4.94768439E+08   4.94768439E+08   6.01242292E+08   4.80296608E+08   4.80296608E+08
   2.96000000E-02   4.36813289E+08   4.84567331E+08   4.84567331E+08   5.89603728E+08   4.70881320E+08   4.70881320E+08
   2.98000000E-02   4.28168800E+08   4.74549023E+08   4.74549023E+08   5.78172063E+08   4.61633682E+08   4.61633682E+08
   3.00000000E-02   4.19677530E+08   4.64709250E+08   4.64709250E+08   5.66942484E+08   4.52549793E+08   4.52549793E+08
   3.02000000E-02   4.11335933E+08   4.55043871E+08   4.55043871E+08   5.55910321E+08   4.43625865E+08   4.43625865E+08
   3.04000000E-02   4.03140567E+08   4.45548866E+08   4.45548866E+08   5.45071040E+08   4.34858222E+08   4.34858222E+08
   3.06000000E-02   3.95088091E+08   4.36220333E+08   4.36220333E+08   5.34420235E+08   4.26243293E+08   4.26243293E+08
   3.08000000E-02   3.87175256E+08   4.27054479E+08   4.27054479E+08   5.23953631E+08   4.17777609E+08   4.17777609E+08
   3.10000000E-02   3.79398910E+08   4.18047621E+08   4.18047621E+08   5.13667072E+08   4.09457802E+08   4.09457802E+08
   3.12000000E-02   3.71755988E+08   4.09196183E+08   4.09196183E+08   5.03556520E+08   4.01280597E+08   4.01280597E+08
   3.14000000E-02   3.64243513E+08   4.00496686E+08   4.00496686E+08   4.93618053E+08   3.93242814E+08   3.93242814E+08
   3.16000000E-02   3.56858591E+08   3.91945752E+08   3.91945752E+08   4.83847855E+08   3.85341361E+08   3.85341361E+08
   3.18000000E-02   3.49598406E+08   3.83540094E+08   3.83540094E+08   4.74242221E+08   3.77573231E+08   3.77573231E+08
   3.20000000E-02   3.42460225E+08   3.75276520E+08   3.75276520E+08   4.64797544E+08   3.69935502E+08   3.69935502E+08
   3.22000000E-02   3.35441386E+08   3.67151924E+08   3.67151924E+08   4.55510321E+08   3.62425331E+08   3.62425331E+08
   3.24000000E-02   3.28539303E+08   3.59163284E+08   3.59163284E+08   4.46377140E+08   3.55039955E+08   3.55039955E+08
   3.26000000E-02   3.21751457E+08   3.51307662E+08   3.51307662E+08   4.37394685E+08   3.47776684E+08   3.47776684E+08
   3.28000000E-02   3.15075400E+08   3.43582200E+08   3.43582200E+08   4.28559729E+08   3.40632901E+08   3.40632901E+08
   3.30000000E-02   3.08508750E+08   3.35984116E+08   3.35984116E+08   4.19869131E+08   3.33606062E+08   3.33606062E+08
   3.32000000E-02   3.02049185E+08   3.28510702E+08   3.28510702E+08   4.11319835E+08   3.26693686E+08   3.26693686E+08
   3.34000000E-02   2.95694450E+08   3.21159323E+08   3.21159323E+08   4.02908866E+08   3.19893363E+08   3.19893363E+08
   3.36000000E-02   2.89442345E+08   3.13927415E+08   3.13927415E+08   3.94633326E+08   3.13202744E+08   3.13202744E+08
   3.38000000E-02   2.83290731E+08   3.06812478E+08   3.06812478E+08   3.86490395E+08   3.06619543E+08   3.06619543E+08
   3.40000000E-02   2.77237524E+08   2.99812082E+08   2.99812082E+08   3.78477327E+08   3.00141532E+08   3.00141532E+08
   3.42000000E-02   2.71280693E+08   2.92923856E+08   2.92923856E+08   3.70591445E+08   2.93766543E+08   2.93766543E+08
   3.44000000E-02   2.65418261E+08   2.86145494E+08   2.86145494E+08   3.62830144E+08   2.87492463E+08   2.87492463E+08
   3.46000000E-02   2.59648301E+08   2.79474746E+08   2.79474746E+08   3.55190884E+08   2.81317233E+08   2.81317233E+08
   3.48000000E-02   2.53968935E+08   2.72909422E+08   2.72909422E+08   3.47671190E+08   2.75238847E+08   2.75238847E+08
   3.50000000E-02   2.48378335E+08   2.66447388E+08   2.66447388E+08   3.40268651E+08   2.69255351E+08   2.69255351E+08
   3.52000000E-02   2.42874717E+08   2.60086562E+08   2.60086562E+08   3.32980916E+08   2.63364838E+08   2.63364838E+08
   3.54000000E-02   2.37456342E+08   2.53824916E+08   2.53824916E+08   3.25805693E+08   2.57565452E+08   2.57565452E+08
   3.56000000E-02   2.32121515E+08   2.47660472E+08   2.47660472E+08   3.18740749E+08   2.51855381E+08   2.51855381E+08
   3.58000000E-02   2.26874639E+08   2.41724627E+08   2.41724627E+08   3.11783904E+08   2.46232858E+08   2.46232858E+08
   3.60000000E-02   2.21758645E+08   2.36996174E+08   2.36996174E+08   3.04933035E+08   2.40696163E+08   2.40696163E+08
   3.62000000E-02   2.16728492E+08   2.32516235E+08   2.32516235E+08   2.98186067E+08   2.35243615E+08   2.35243615E+08
   3.64000000E-02   2.11774464E+08   2.28102900E+08   2.28102900E+08   2.91540980E+08   2.29873575E+08   2.29873575E+08
   3.66000000E-02   2.06895087E+08   2.23754886E+08   2.23754886E+08   2.84995802E+08   2.24584444E+08   2.24584444E+08
   3.68000000E-02   2.02088920E+08   2.19470944E+08   2.19470944E+08   2.78548606E+08   2.19374663E+08   2.19374663E+08
   3.70000000E-02   1.97354559E+08   2.15249853E+08   2.15249853E+08   2.72197516E+08   2.14242709E+08   2.14242709E+08
   3.72000000E-02   1.92690633E+08   2.11090422E+08   2.11090422E+08   2.65940698E+08   2.09187095E+08   2.09187095E+08
   3.74000000E-02   1.88095804E+08   2.06991488E+08   2.06991488E+08   2.59776362E+08   2.04206373E+08   2.04206373E+08
   3.76000000E-02   1.83568765E+08   2.02951916E+08   2.02951916E+08   2.53702761E+08   1.99299125E+08   1.99299125E+08
   3.78000000E-02   1.79108241E+08   1.98970598E+08   1.98970598E+08   2.47718190E+08   1.94463969E+08   1.94463969E+08
   3.80000000E-02   1.74712986E+08   1.95046451E+08   1.95046451E+08   2.41820983E+08   1.89699556E+08   1.89699556E+08
   3.82000000E-02   1.70381783E+08   1.91178417E+08   1.91178417E+08   2.36009513E+08   1.85004566E+08   1.85004566E+08
   3.84000000E-02   1.66113445E+08   1.87365464E+08   1.87365464E+08   2.30282191E+08   1.80377712E+08   1.80377712E+08
   3.86000000E-02   1.61906811E+08   1.83606583E+08   1.83606583E+08   2.24637466E+08   1.75817737E+08   1.75817737E+08
   3.88000000E-02   1.57872224E+08   1.79959059E+08   1.79959059E+08   2.19216550E+08   1.71444151E+08   1.71444151E+08
   3.90000000E-02   1.55110172E+08   1.76997742E+08   1.76997742E+08   2.15433904E+08   1.68450173E+08   1.68450173E+08
   3.92000000E-02   1.52684363E+08   1.74232848E+08   1.74232848E+08   2.12089976E+08   1.65821548E+08   1.65821548E+08
   3.94000000E-02   1.50291456E+08   1.71505451E+08   1.71505451E+08   2.08791362E+08   1.63228567E+08   1.63228567E+08
   3.96000000E-02   1.47930871E+08   1.68814888E+08   1.68814888E+08   2.05537262E+08   1.60670600E+08   1.60670600E+08
   3.98000000E-02   1.45602038E+08   1.66160511E+08   1.66160511E+08   2.02326891E+08   1.58147031E+08   1.58147031E+08
   4.00000000E-02   1.43304401E+08   1.63541685E+08   1.63541685E+08   1.99159485E+08   1.55657258E+08   1.55657258E+08
   4.02000000E-02   1.41037416E+08   1.60957791E+08   1.60957791E+08   1.96034293E+08   1.53200690E+08   1.53200690E+08
   4.04000000E-02   1.38800550E+08   1.58408221E+08   1.58408221E+08   1.92950584E+08   1.50776751E+08   1.50776751E+08
   4.06000000E-02   1.36593283E+08   1.55892384E+08   1.55892384E+08   1.89907641E+08   1.48384878E+08   1.48384878E+08
   4.08000000E-02   1.34415106E+08   1.53409698E+08   1.53409698E+08   1.86904763E+08   1.46024518E+08   1.46024518E+08
   4.10000000E-02   1.32265521E+08   1.50959596E+08   1.50959596E+08   1.83941263E+08   1.43695133E+08   1.43695133E+08
   4.12000000E-02   1.30144039E+08   1.48541522E+08   1.48541522E+08   1.81016471E+08   1.41396194E+08   1.41396194E+08
   4.14000000E-02   1.28050185E+08   1.46154933E+08   1.46154933E+08   1.78129730E+08   1.39127185E+08   1.39127185E+08
   4.16000000E-02   1.25983491E+08   1.43799297E+08   1.43799297E+08   1.75280397E+08   1.36887599E+08   1.36887599E+08
   4.18000000E-02   1.23943500E+08   1.41474092E+08   1.41474092E+08   1.72467844E+08   1.34676942E+08   1.34676942E+08
   4.20000000E-02   1.21929765E+08   1.39178810E+08   1.39178810E+08   1.69691453E+08   1.32494729E+08   1.32494729E+08
   4.22000000E-02   1.19941848E+08   1.36912951E+08   1.36912951E+08   1.66950623E+08   1.30340486E+08   1.30340486E+08
   4.24000000E-02   1.17979321E+08   1.34676027E+08   1.34676027E+08   1.64244764E+08   1.28213749E+08   1.28213749E+08
   4.26000000E-02   1.16041763E+08   1.32467559E+08   1.32467559E+08   1.61573296E+08   1.26114063E+08   1.26114063E+08
   4.28000000E-02   1.14128764E+08   1.30287080E+08   1.30287080E+08   1.58935655E+08   1.24040982E+08   1.24040982E+08
   4.30000000E-02   1.12239921E+08   1.28134129E+08   1.28134129E+08   1.56331287E+08   1.21994071E+08   1.21994071E+08
   4.32000000E-02   1.10374840E+08   1.26008259E+08   1.26008259E+08   1.53759647E+08   1.19972903E+08   1.19972903E+08
   4.34000000E-02   1.08533135E+08   1.23909028E+08   1.23909028E+08   1.51220206E+08   1.17977059E+08   1.17977059E+08
   4.36000000E-02   1.06714426E+08   1.21836007E+08   1.21836007E+08   1.48712441E+08   1.16006129E+08   1.16006129E+08
   4.38000000E-02   1.04918345E+08   1.19788772E+08   1.19788772E+08   1.46235843E+08   1.14059713E+08   1.14059713E+08
   4.40000000E-02   1.03144527E+08   1.17766909E+08   1.17766909E+08   1.43789911E+08   1.12137416E+08   1.12137416E+08
   4.42000000E-02   1.01392617E+08   1.15770014E+08   1.15770014E+08   1.41374156E+08   1.10238853E+08   1.10238853E+08
   4.44000000E-02   9.96622658E+07   1.13797688E+08   1.13797688E+08   1.38988098E+08   1.08363646E+08   1.08363646E+08
   4.46000000E-02   9.79531320E+07   1.11849543E+08   1.11849543E+08   1.36631266E+08   1.06511426E+08   1.06511426E+08
   4.48000000E-02   9.62648808E+07   1.09925197E+08   1.09925197E+08   1.34303199E+08   1.04681830E+08   1.04681830E+08
   4.50000000E-02   9.45971836E+07   1.08024275E+08   1.08024275E+08   1.32003445E+08   1.02874501E+08   1.02874501E+08
   4.52000000E-02   9.29497188E+07   1.06146412E+08   1.06146412E+08   1.29731561E+08   1.01089092E+08   1.01089092E+08
   4.54000000E-02   9.13221707E+07   1.04291246E+08   1.04291246E+08   1.27487112E+08   9.93252604E+07   9.93252604E+07
   4.56000000E-02   8.97142302E+07   1.02458427E+08   1.02458427E+08   1.25269673E+08   9.75826712E+07   9.75826712E+07
   4.58000000E-02   8.81255937E+07   1.00647607E+08   1.00647607E+08   1.23078825E+08   9.58609957E+07   9.58609957E+07
   4.60000000E-02   8.65559640E+07   9.88584489E+07   9.88584489E+07   1.20914160E+08   9.41599120E+07   9.41599120E+07
   4.62000000E-02   8.50050492E+07   9.70906194E+07   9.70906194E+07   1.18775276E+08   9.24791039E+07   9.24791039E+07
   4.64000000E-02   8.34725634E+07   9.53437927E+07   9.53437927E+07   1.16661778E+08   9.08182616E+07   9.08182616E+07
   4.66000000E-02   8.19582259E+07   9.36176489E+07   9.36176489E+07   1.14573281E+08   8.91770811E+07   8.91770811E+07
   4.68000000E-02   8.04617614E+07   9.19118745E+07   9.19118745E+07   1.12509405E+08   8.75552642E+07   8.75552642E+07
   4.70000000E-02   7.89828999E+07   9.02261616E+07   9.02261616E+07   1.10469779E+08   8.59525184E+07   8.59525184E+07
   4.72000000E-02   7.75213764E+07   8.85602083E+07   8.85602083E+07   1.08454037E+08   8.43685568E+07   8.43685568E+07
   4.74000000E-02   7.60769311E+07   8.69137185E+07   8.69137185E+07   1.06461823E+08   8.28030977E+07   8.28030977E+07
   4.76000000E-02   7.46493089E+07   8.52864015E+07   8.52864015E+07   1.04492784E+08   8.12558649E+07   8.12558649E+07
   4.78000000E-02   7.32382594E+07   8.36779721E+07   8.36779721E+07   1.02546576E+08   7.97265871E+07   7.97265871E+07
   4.80000000E-02   7.18435371E+07   8.20881502E+07   8.20881502E+07   1.00622861E+08   7.82149985E+07   7.82149985E+07
   4.82000000E-02   7.04649009E+07   8.05166613E+07   8.05166613E+07   9.87213062E+07   7.67208377E+07   7.67208377E+07
   4.84000000E-02   6.91021142E+07   7.89632356E+07   7.89632356E+07   9.68415869E+07   7.52438485E+07   7.52438485E+07
   4.86000000E-02   6.77549446E+07   7.74276085E+07   7.74276085E+07   9.49833827E+07   7.37837793E+07   7.37837793E+07
   4.88000000E-02   6.64231642E+07   7.59095201E+07   7.59095201E+07   9.31463798E+07   7.23403830E+07   7.23403830E+07
   4.90000000E-02   6.51065492E+07   7.44087154E+07   7.44087154E+07   9.13302698E+07   7.09134172E+07   7.09134172E+07
   4.92000000E-02   6.38048797E+07   7.29249438E+07   7.29249438E+07   8.95347501E+07   6.95026438E+07   6.95026438E+07
   4.94000000E-02   6.25179399E+07   7.14579594E+07   7.14579594E+07   8.77595236E+07   6.81078290E+07   6.81078290E+07
   4.96000000E-02   6.12455180E+07   7.00075208E+07   7.00075208E+07   8.60042985E+07   6.67287433E+07   6.67287433E+07
   4.98000000E-02   5.99874058E+07   6.85733908E+07   6.85733908E+07   8.42687882E+07   6.53651613E+07   6.53651613E+07
   5.00000000E-02   5.87433990E+07   6.71553364E+07   6.71553364E+07   8.25527113E+07   6.40168615E+07   6.40168615E+07
   5.02000000E-02   5.75132968E+07   6.57531291E+07   6.57531291E+07   8.08557914E+07   6.26836266E+07   6.26836266E+07
   5.04000000E-02   5.62969022E+07   6.43665441E+07   6.43665441E+07   7.91777570E+07   6.13652429E+07   6.13652429E+07
   5.06000000E-02   5.50940214E+07   6.29953606E+07   6.29953606E+07   7.75183414E+07   6.00615006E+07   6.00615006E+07
   5.08000000E-02   5.39044642E+07   6.16393620E+07   6.16393620E+07   7.58772827E+07   5.87721938E+07   5.87721938E+07
   5.10000000E-02   5.27280437E+07   6.02983351E+07   6.02983351E+07   7.42543234E+07   5.74971198E+07   5.74971198E+07
   5.12000000E-02   5.15645762E+07   5.89720708E+07   5.89720708E+07   7.26492108E+07   5.62360799E+07   5.62360799E+07
   5.14000000E-02   5.04138814E+07   5.76603634E+07   5.76603634E+07   7.10616963E+07   5.49888785E+07   5.49888785E+07
   5.16000000E-02   4.92757820E+07   5.63630109E+07   5.63630109E+07   6.94915357E+07   5.37553235E+07   5.37553235E+07
   5.18000000E-02   4.81501037E+07   5.50798147E+07   5.50798147E+07   6.79384893E+07   5.25352264E+07   5.25352264E+07
   5.20000000E-02   4.70366753E+07   5.38105798E+07   5.38105798E+07   6.64023212E+07   5.13284015E+07   5.13284015E+07
   5.22000000E-02   4.59353286E+07   5.25551144E+07   5.25551144E+07   6.48827996E+07   5.01346666E+07   5.01346666E+07
   5.24000000E-02   4.48458982E+07   5.13132299E+07   5.13132299E+07   6.33796969E+07   4.89538425E+07   4.89538425E+07
   5.26000000E-02   4.37682215E+07   5.00847412E+07   5.00847412E+07   6.18927892E+07   4.77857532E+07   4.77857532E+07
   5.28000000E-02   4.27021387E+07   4.88694661E+07   4.88694661E+07   6.04218563E+07   4.66302255E+07   4.66302255E+07
   5.30000000E-02   4.16474927E+07   4.76672256E+07   4.76672256E+07   5.89666821E+07   4.54870893E+07   4.54870893E+07
   5.32000000E-02   4.06041291E+07   4.64778438E+07   4.64778438E+07   5.75270537E+07   4.43561772E+07   4.43561772E+07
   5.34000000E-02   3.95718961E+07   4.53011476E+07   4.53011476E+07   5.61027621E+07   4.32373249E+07   4.32373249E+07
   5.36000000E-02   3.85506443E+07   4.41369668E+07   4.41369668E+07   5.46936017E+07   4.21303704E+07   4.21303704E+07
   5.38000000E-02   3.75402270E+07   4.29851342E+07   4.29851342E+07   5.32993704E+07   4.10351549E+07   4.10351549E+07
   5.40000000E-02   3.65404999E+07   4.18454852E+07   4.18454852E+07   5.19198693E+07   3.99515219E+07   3.99515219E+07
   5.42000000E-02   3.55513209E+07   4.07178581E+07   4.07178581E+07   5.05549029E+07   3.88793177E+07   3.88793177E+07
   5.44000000E-02   3.45725505E+07   3.96020939E+07   3.96020939E+07   4.92042790E+07   3.78183911E+07   3.78183911E+07
   5.46000000E-02   3.36040514E+07   3.84980359E+07   3.84980359E+07   4.78678085E+07   3.67685932E+07   3.67685932E+07
   5.48000000E-02   3.26456884E+07   3.74055304E+07   3.74055304E+07   4.65453054E+07   3.57297778E+07   3.57297778E+07
   5.50000000E-02   3.16973288E+07   3.63244258E+07   3.63244258E+07   4.52365868E+07   3.47018010E+07   3.47018010E+07
   5.52000000E-02   3.07588420E+07   3.52545734E+07   3.52545734E+07   4.39414726E+07   3.36845212E+07   3.36845212E+07
   5.54000000E-02   2.98300992E+07   3.41958266E+07   3.41958266E+07   4.26597858E+07   3.26777992E+07   3.26777992E+07
   5.56000000E-02   2.89109741E+07   3.31480413E+07   3.31480413E+07   4.13913523E+07   3.16814979E+07   3.16814979E+07
   5.58000000E-02   2.80013423E+07   3.21110756E+07   3.21110756E+07   4.01360007E+07   3.06954826E+07   3.06954826E+07
   5.60000000E-02   2.71010813E+07   3.10847901E+07   3.10847901E+07   3.88935624E+07   2.97196206E+07   2.97196206E+07
   5.62000000E-02   2.62100707E+07   3.00690475E+07   3.00690475E+07   3.76638714E+07   2.87537814E+07   2.87537814E+07
   5.64000000E-02   2.53281919E+07   2.90637127E+07   2.90637127E+07   3.64467646E+07   2.77978367E+07   2.77978367E+07
   5.66000000E-02   2.44553283E+07   2.80686528E+07   2.80686528E+07   3.52420813E+07   2.68516600E+07   2.68516600E+07
   5.68000000E-02   2.35913651E+07   2.70837369E+07   2.70837369E+07   3.40496634E+07   2.59151270E+07   2.59151270E+07
   5.70000000E-02   2.28613678E+07   2.61742684E+07   2.61742684E+07   3.30405337E+07   2.51262509E+07   2.51262509E+07
   5.72000000E-02   2.25332322E+07   2.54802107E+07   2.54802107E+07   3.25850492E+07   2.47816009E+07   2.47816009E+07
   5.74000000E-02   2.22912599E+07   2.48364774E+07   2.48364774E+07   3.22480668E+07   2.45319987E+07   2.45319987E+07
   5.76000000E-02   2.20546707E+07   2.42681830E+07   2.42681830E+07   3.19141990E+07   2.42846958E+07   2.42846958E+07
   5.78000000E-02   2.18317830E+07   2.39589893E+07   2.39589893E+07   3.15834082E+07   2.40396643E+07   2.40396643E+07
   5.80000000E-02   2.16138249E+07   2.37162836E+07   2.37162836E+07   3.12556572E+07   2.37968769E+07   2.37968769E+07
   5.82000000E-02   2.13978543E+07   2.34757951E+07   2.34757951E+07   3.09309096E+07   2.35563067E+07   2.35563067E+07
   5.84000000E-02   2.11838474E+07   2.32374974E+07   2.32374974E+07   3.06091294E+07   2.33179271E+07   2.33179271E+07
   5.86000000E-02   2.09717807E+07   2.30013643E+07   2.30013643E+07   3.02902810E+07   2.30817119E+07   2.30817119E+07
   5.88000000E-02   2.07616312E+07   2.27673700E+07   2.27673700E+07   2.99743296E+07   2.28476356E+07   2.28476356E+07
   5.90000000E-02   2.05533763E+07   2.25354893E+07   2.25354893E+07   2.96612408E+07   2.26156726E+07   2.26156726E+07
   5.92000000E-02   2.03469935E+07   2.23056970E+07   2.23056970E+07   2.93509807E+07   2.23857981E+07   2.23857981E+07
   5.94000000E-02   2.01424608E+07   2.20779687E+07   2.20779687E+07   2.90435160E+07   2.21579875E+07   2.21579875E+07
   5.96000000E-02   1.99397565E+07   2.18522801E+07   2.18522801E+07   2.87388137E+07   2.19322164E+07   2.19322164E+07
   5.98000000E-02   1.97388592E+07   2.16286072E+07   2.16286072E+07   2.84368415E+07   2.17084611E+07   2.17084611E+07
   6.00000000E-02   1.95397478E+07   2.14069267E+07   2.14069267E+07   2.81375676E+07   2.14866979E+07   2.14866979E+07
   6.02000000E-02   1.93424016E+07   2.11872152E+07   2.11872152E+07   2.78409604E+07   2.12669039E+07   2.12669039E+07
   6.04000000E-02   1.91468002E+07   2.09694500E+07   2.09694500E+07   2.75469889E+07   2.10490560E+07   2.10490560E+07
   6.06000000E-02   1.89529232E+07   2.07536085E+07   2.07536085E+07   2.72556227E+07   2.08331318E+07   2.08331318E+07
   6.08000000E-02   1.87607510E+07   2.05396687E+07   2.05396687E+07   2.69668317E+07   2.06191091E+07   2.06191091E+07
   6.10000000E-02   1.85702638E+07   2.03276085E+07   2.03276085E+07   2.66805863E+07   2.04069661E+07   2.04069661E+07
   6.12000000E-02   1.83814425E+07   2.01174065E+07   2.01174065E+07   2.63968571E+07   2.01966813E+07   2.01966813E+07
   6.14000000E-02   1.81942680E+07   1.99090414E+07   1.99090414E+07   2.61156155E+07   1.99882333E+07   1.99882333E+07
   6.16000000E-02   1.80087216E+07   1.97024924E+07   1.97024924E+07   2.58368331E+07   1.97816013E+07   1.97816013E+07
   6.18000000E-02   1.78247847E+07   1.94977387E+07   1.94977387E+07   2.55604819E+07   1.95767648E+07   1.95767648E+07
   6.20000000E-02   1.76424392E+07   1.92947601E+07   1.92947601E+07   2.52865343E+07   1.93737032E+07   1.93737032E+07
   6.22000000E-02   1.74616671E+07   1.90935366E+07   1.90935366E+07   2.50149632E+07   1.91723967E+07   1.91723967E+07
   6.24000000E-02   1.72824508E+07   1.88940483E+07   1.88940483E+07   2.47457418E+07   1.89728254E+07   1.89728254E+07
   6.26000000E-02   1.71047728E+07   1.86962759E+07   1.86962759E+07   2.44788437E+07   1.87749699E+07   1.87749699E+07
   6.28000000E-02   1.69286158E+07   1.85002000E+07   1.85002000E+07   2.42142428E+07   1.85788110E+07   1.85788110E+07
   6.30000000E-02   1.67539630E+07   1.83058018E+07   1.83058018E+07   2.39519134E+07   1.83843298E+07   1.83843298E+07
   6.32000000E-02   1.65807977E+07   1.81130627E+07   1.81130627E+07   2.36918304E+07   1.81915076E+07   1.81915076E+07
   6.34000000E-02   1.64091032E+07   1.79219641E+07   1.79219641E+07   2.34339687E+07   1.80003261E+07   1.80003261E+07
   6.36000000E-02   1.62388635E+07   1.77324880E+07   1.77324880E+07   2.31783037E+07   1.78107670E+07   1.78107670E+07
   6.38000000E-02   1.60700624E+07   1.75446165E+07   1.75446165E+07   2.29248112E+07   1.76228125E+07   1.76228125E+07
   6.40000000E-02   1.59026841E+07   1.73583320E+07   1.73583320E+07   2.26734672E+07   1.74364449E+07   1.74364449E+07
   6.42000000E-02   1.57367131E+07   1.71736169E+07   1.71736169E+07   2.24242482E+07   1.72516469E+07   1.72516469E+07
   6.44000000E-02   1.55721341E+07   1.69904543E+07   1.69904543E+07   2.21771309E+07   1.70684013E+07   1.70684013E+07
   6.46000000E-02   1.54089317E+07   1.68088271E+07   1.68088271E+07   2.19320923E+07   1.68866912E+07   1.68866912E+07
   6.48000000E-02   1.52470912E+07   1.66287187E+07   1.66287187E+07   2.16891099E+07   1.67064998E+07   1.67064998E+07
   6.50000000E-02   1.50865977E+07   1.64501126E+07   1.64501126E+07   2.14481612E+07   1.65278108E+07   1.65278108E+07
   6.52000000E-02   1.49274366E+07   1.62729925E+07   1.62729925E+07   2.12092244E+07   1.63506079E+07   1.63506079E+07
   6.54000000E-02   1.47695938E+07   1.60973425E+07   1.60973425E+07   2.09722776E+07   1.61748751E+07   1.61748751E+07
   6.56000000E-02   1.46130549E+07   1.59231468E+07   1.59231468E+07   2.07372995E+07   1.60005965E+07   1.60005965E+07
   6.58000000E-02   1.44578060E+07   1.57503897E+07   1.57503897E+07   2.05042689E+07   1.58277567E+07   1.58277567E+07
   6.60000000E-02   1.43038334E+07   1.55790559E+07   1.55790559E+07   2.02731650E+07   1.56563401E+07   1.56563401E+07
   6.62000000E-02   1.41511234E+07   1.54091302E+07   1.54091302E+07   2.00439671E+07   1.54863318E+07   1.54863318E+07
   6.64000000E-02   1.39996627E+07   1.52405976E+07   1.52405976E+07   1.98166551E+07   1.53177166E+07   1.53177166E+07
   6.66000000E-02   1.38494380E+07   1.50734435E+07   1.50734435E+07   1.95912089E+07   1.51504799E+07   1.51504799E+07
   6.68000000E-02   1.37004363E+07   1.49076531E+07   1.49076531E+07   1.93676088E+07   1.49846070E+07   1.49846070E+07
   6.70000000E-02   1.35526446E+07   1.47432122E+07   1.47432122E+07   1.91458352E+07   1.48200836E+07   1.48200836E+07
   6.72000000E-02   1.34060504E+07   1.45801065E+07   1.45801065E+07   1.89258689E+07   1.46568955E+07   1.46568955E+07
   6.74000000E-02   1.32606409E+07   1.44183221E+07   1.44183221E+07   1.87076910E+07   1.44950287E+07   1.44950287E+07
   6.76000000E-02   1.31164040E+07   1.42578451E+07   1.42578451E+07   1.84912828E+07   1.43344694E+07   1.43344694E+07
   6.78000000E-02   1.29733273E+07   1.40986620E+07   1.40986620E+07   1.82766256E+07   1.41752040E+07   1.41752040E+07
   6.80000000E-02   1.28313987E+07   1.39407591E+07   1.39407591E+07   1.80637014E+07   1.40172189E+07   1.40172189E+07
   6.82000000E-02   1.26906065E+07   1.37841234E+07   1.37841234E+07   1.78524921E+07   1.38605011E+07   1.38605011E+07
   6.84000000E-02   1.25509388E+07   1.36287416E+07   1.36287416E+07   1.76429799E+07   1.37050372E+07   1.37050372E+07
   6.86000000E-02   1.24123841E+07   1.34746008E+07   1.34746008E+07   1.74351474E+07   1.35508144E+07   1.35508144E+07
   6.88000000E-02   1.22749309E+07   1.33216883E+07   1.33216883E+07   1.72289771E+07   1.33978200E+07   1.33978200E+07
   6.90000000E-02   1.21385679E+07   1.31699915E+07   1.31699915E+07   1.70244521E+07   1.32460413E+07   1.32460413E+07
   6.92000000E-02   1.20032841E+07   1.30194979E+07   1.30194979E+07   1.68215554E+07   1.30954659E+07   1.30954659E+07
   6.94000000E-02   1.18690683E+07   1.28701952E+07   1.28701952E+07   1.66202705E+07   1.29460815E+07   1.29460815E+07
   6.96000000E-02   1.17359097E+07   1.27220713E+07   1.27220713E+07   1.64205808E+07   1.27978760E+07   1.27978760E+07
   6.98000000E-02   1.16037976E+07   1.25751143E+07   1.25751143E+07   1.62224702E+07   1.26508374E+07   1.26508374E+07
   7.00000000E-02   1.14727215E+07   1.24293123E+07   1.24293123E+07   1.60259227E+07   1.25049539E+07   1.25049539E+07
   7.02000000E-02   1.13426707E+07   1.22846537E+07   1.22846537E+07   1.58309223E+07   1.23602139E+07   1.23602139E+07
   7.04000000E-02   1.12136352E+07   1.21411269E+07   1.21411269E+07   1.56374536E+07   1.22166058E+07   1.22166058E+07
   7.06000000E-02   1.10856045E+07   1.19987206E+07   1.19987206E+07   1.54455011E+07   1.20741182E+07   1.20741182E+07
   7.08000000E-02   1.09585688E+07   1.18574235E+07   1.18574235E+07   1.52550496E+07   1.19327400E+07   1.19327400E+07
   7.10000000E-02   1.08325180E+07   1.17172246E+07   1.17172246E+07   1.50660840E+07   1.17924600E+07   1.17924600E+07
   7.12000000E-02   1.07074424E+07   1.15781129E+07   1.15781129E+07   1.48785896E+07   1.16532673E+07   1.16532673E+07
   7.14000000E-02   1.05833321E+07   1.14400775E+07   1.14400775E+07   1.46925517E+07   1.15151511E+07   1.15151511E+07
   7.16000000E-02   1.04601778E+07   1.13031079E+07   1.13031079E+07   1.45079557E+07   1.13781007E+07   1.13781007E+07
   7.18000000E-02   1.03379699E+07   1.11671935E+07   1.11671935E+07   1.43247874E+07   1.12421056E+07   1.12421056E+07
   7.20000000E-02   1.02166992E+07   1.10323238E+07   1.10323238E+07   1.41430328E+07   1.11071553E+07   1.11071553E+07
   7.22000000E-02   1.00963563E+07   1.08984887E+07   1.08984887E+07   1.39626778E+07   1.09732396E+07   1.09732396E+07
   7.24000000E-02   9.97693215E+06   1.07656778E+07   1.07656778E+07   1.37837087E+07   1.08403483E+07   1.08403483E+07
   7.26000000E-02   9.85841784E+06   1.06338812E+07   1.06338812E+07   1.36061118E+07   1.07084714E+07   1.07084714E+07
   7.28000000E-02   9.74080444E+06   1.05030890E+07   1.05030890E+07   1.34298739E+07   1.05775989E+07   1.05775989E+07
   7.30000000E-02   9.62408319E+06   1.03732913E+07   1.03732913E+07   1.32549815E+07   1.04477212E+07   1.04477212E+07
   7.32000000E-02   9.50824541E+06   1.02444786E+07   1.02444786E+07   1.30814217E+07   1.03188284E+07   1.03188284E+07
   7.34000000E-02   9.39328256E+06   1.01166412E+07   1.01166412E+07   1.29091814E+07   1.01909111E+07   1.01909111E+07
   7.36000000E-02   9.27918617E+06   9.98976982E+06   9.98976982E+06   1.27382479E+07   1.00639599E+07   1.00639599E+07
   7.38000000E-02   9.16594789E+06   9.86385500E+06   9.86385500E+06   1.25686085E+07   9.93796533E+06   9.93796533E+06
   7.40000000E-02   9.05355948E+06   9.73888758E+06   9.73888758E+06   1.24002507E+07   9.81291829E+06   9.81291829E+06
   7.42000000E-02   8.94201278E+06   9.61485847E+06   9.61485847E+06   1.22331623E+07   9.68880966E+06   9.68880966E+06
   7.44000000E-02   8.83129973E+06   9.49175867E+06   9.49175867E+06   1.20673311E+07   9.56563045E+06   9.56563045E+06
   7.46000000E-02   8.72141238E+06   9.36957931E+06   9.36957931E+06   1.19027450E+07   9.44337178E+06   9.44337178E+06
   7.48000000E-02   8.61234287E+06   9.24831161E+06   9.24831161E+06   1.17393921E+07   9.32202488E+06   9.32202488E+06
   7.50000000E-02   8.50408342E+06   9.12794691E+06   9.12794691E+06   1.15772607E+07   9.20158108E+06   9.20158108E+06
   7.52000000E-02   8.39662636E+06   9.00847663E+06   9.00847663E+06   1.14163392E+07   9.08203182E+06   9.08203182E+06
   7.54000000E-02   8.28996411E+06   8.88989231E+06   8.88989231E+06   1.12566161E+07   8.96336863E+06   8.96336863E+06
   7.56000000E-02   8.18408916E+06   8.77218560E+06   8.77218560E+06   1.10980800E+07   8.84558315E+06   8.84558315E+06
   7.58000000E-02   8.07899412E+06   8.65534821E+06   8.65534821E+06   1.09407199E+07   8.72866712E+06   8.72866712E+06
   7.60000000E-02   7.97467166E+06   8.53937200E+06   8.53937200E+06   1.07845246E+07   8.61261236E+06   8.61261236E+06
   7.62000000E-02   7.87111455E+06   8.42424888E+06   8.42424888E+06   1.06294831E+07   8.49741081E+06   8.49741081E+06
   7.64000000E-02   7.76831564E+06   8.30997087E+06   8.30997087E+06   1.04755847E+07   8.38305449E+06   8.38305449E+06
   7.66000000E-02   7.66626786E+06   8.19653010E+06   8.19653010E+06   1.03228187E+07   8.26953551E+06   8.26953551E+06
   7.68000000E-02   7.56496423E+06   8.08391877E+06   8.08391877E+06   1.01711746E+07   8.15684610E+06   8.15684610E+06
   7.70000000E-02   7.46439785E+06   7.97212919E+06   7.97212919E+06   1.00206418E+07   8.04497854E+06   8.04497854E+06
   7.72000000E-02   7.36456190E+06   7.86115373E+06   7.86115373E+06   9.87121012E+06   7.93392522E+06   7.93392522E+06
   7.74000000E-02   7.26544964E+06   7.75098488E+06   7.75098488E+06   9.72286932E+06   7.82367863E+06   7.82367863E+06
   7.76000000E-02   7.16705439E+06   7.64161519E+06   7.64161519E+06   9.57560935E+06   7.71423132E+06   7.71423132E+06
   7.78000000E-02   7.06936958E+06   7.53303733E+06   7.53303733E+06   9.42942023E+06   7.60557595E+06   7.60557595E+06
   7.80000000E-02   6.97238869E+06   7.42524402E+06   7.42524402E+06   9.28429213E+06   7.49770525E+06   7.49770525E+06
   7.82000000E-02   6.87610527E+06   7.31822807E+06   7.31822807E+06   9.14021531E+06   7.39061204E+06   7.39061204E+06
   7.84000000E-02   6.78051298E+06   7.21198240E+06   7.21198240E+06   8.99718016E+06   7.28428921E+06   7.28428921E+06
   7.86000000E-02   6.68560551E+06   7.10649997E+06   7.10649997E+06   8.85517715E+06   7.17872975E+06   7.17872975E+06
   7.88000000E-02   6.59137664E+06   7.00177385E+06   7.00177385E+06   8.71419690E+06   7.07392672E+06   7.07392672E+06
   7.90000000E-02   6.49782023E+06   6.89779718E+06   6.89779718E+06   8.57423011E+06   6.96987326E+06   6.96987326E+06
   7.92000000E-02   6.40493020E+06   6.79456318E+06   6.79456318E+06   8.43526758E+06   6.86656258E+06   6.86656258E+06
   7.94000000E-02   6.31270053E+06   6.69206513E+06   6.69206513E+06   8.29730024E+06   6.76398798E+06   6.76398798E+06
   7.96000000E-02   6.22112529E+06   6.59029640E+06   6.59029640E+06   8.16031910E+06   6.66214283E+06   6.66214283E+06
   7.98000000E-02   6.13019859E+06   6.48925045E+06   6.48925045E+06   8.02431528E+06   6.56102058E+06   6.56102058E+06
   8.00000000E-02   6.03991463E+06   6.38892079E+06   6.38892079E+06   7.88927999E+06   6.46061473E+06   6.46061473E+06
   8.02000000E-02   5.95026765E+06   6.28930100E+06   6.28930100E+06   7.75520456E+06   6.36091888E+06   6.36091888E+06
   8.04000000E-02   5.86125199E+06   6.19038476E+06   6.19038476E+06   7.62208040E+06   6.26192670E+06   6.26192670E+06
   8.06000000E-02   5.77286201E+06   6.09216578E+06   6.09216578E+06   7.48989901E+06   6.16363191E+06   6.16363191E+06
   8.08000000E-02   5.68509217E+06   5.99463788E+06   5.99463788E+06   7.35865201E+06   6.06602832E+06   6.06602832E+06
   8.10000000E-02   5.59793697E+06   5.89779492E+06   5.89779492E+06   7.22833109E+06   5.96910979E+06   5.96910979E+06
   8.12000000E-02   5.51139098E+06   5.80163084E+06   5.80163084E+06   7.09892804E+06   5.87287027E+06   5.87287027E+06
   8.14000000E-02   5.42544882E+06   5.70613965E+06   5.70613965E+06   6.97043474E+06   5.77730377E+06   5.77730377E+06
   8.16000000E-02   5.34010519E+06   5.61131542E+06   5.61131542E+06   6.84284316E+06   5.68240435E+06   5.68240435E+06
   8.18000000E-02   5.25535481E+06   5.51715229E+06   5.51715229E+06   6.71614535E+06   5.58816615E+06   5.58816615E+06
   8.20000000E-02   5.17119251E+06   5.42364445E+06   5.42364445E+06   6.59033347E+06   5.49458337E+06   5.49458337E+06
   8.22000000E-02   5.08761312E+06   5.33078618E+06   5.33078618E+06   6.46539975E+06   5.40165028E+06   5.40165028E+06
   8.24000000E-02   5.00461158E+06   5.23857179E+06   5.23857179E+06   6.34133649E+06   5.30936121E+06   5.30936121E+06
   8.26000000E-02   4.92218285E+06   5.14699568E+06   5.14699568E+06   6.21813611E+06   5.21771053E+06   5.21771053E+06
   8.28000000E-02   4.84032195E+06   5.05605230E+06   5.05605230E+06   6.09579108E+06   5.12669271E+06   5.12669271E+06
   8.30000000E-02   4.75902397E+06   4.96573615E+06   4.96573615E+06   5.97429397E+06   5.03630226E+06   5.03630226E+06
   8.32000000E-02   4.67828403E+06   4.87604181E+06   4.87604181E+06   5.85363742E+06   4.94653373E+06   4.94653373E+06
   8.34000000E-02   4.59809732E+06   4.78696390E+06   4.78696390E+06   5.73381416E+06   4.85738177E+06   4.85738177E+06
   8.36000000E-02   4.52355050E+06   4.70115845E+06   4.70115845E+06   5.62415474E+06   4.77501617E+06   4.77501617E+06
   8.38000000E-02   4.46862473E+06   4.62593077E+06   4.62593077E+06   5.54930079E+06   4.71615968E+06   4.71615968E+06
   8.40000000E-02   4.42865360E+06   4.55883891E+06   4.55883891E+06   5.50104806E+06   4.67523572E+06   4.67523572E+06
   8.42000000E-02   4.38921126E+06   4.49233960E+06   4.49233960E+06   5.45358381E+06   4.63489909E+06   4.63489909E+06
   8.44000000E-02   4.35002431E+06   4.42628721E+06   4.42628721E+06   5.40642593E+06   4.59482282E+06   4.59482282E+06
   8.46000000E-02   4.31109061E+06   4.36067796E+06   4.36067796E+06   5.35957185E+06   4.55500473E+06   4.55500473E+06
   8.48000000E-02   4.27240805E+06   4.29550809E+06   4.29550809E+06   5.31301905E+06   4.51544267E+06   4.51544267E+06
   8.50000000E-02   4.23397454E+06   4.23077389E+06   4.23077389E+06   5.26676502E+06   4.47613452E+06   4.47613452E+06
   8.52000000E-02   4.19578802E+06   4.16647169E+06   4.16647169E+06   5.22080729E+06   4.43707817E+06   4.43707817E+06
   8.54000000E-02   4.15784643E+06   4.10259786E+06   4.10259786E+06   5.17514339E+06   4.39827153E+06   4.39827153E+06
   8.56000000E-02   4.12014775E+06   4.03914879E+06   4.03914879E+06   5.12977091E+06   4.35971254E+06   4.35971254E+06
   8.58000000E-02   4.08268997E+06   3.97612094E+06   3.97612094E+06   5.08468745E+06   4.32139916E+06   4.32139916E+06
   8.60000000E-02   4.04547112E+06   3.91351077E+06   3.91351077E+06   5.03989063E+06   4.28332938E+06   4.28332938E+06
   8.62000000E-02   4.00848923E+06   3.85131480E+06   3.85131480E+06   4.99537809E+06   4.24550119E+06   4.24550119E+06
   8.64000000E-02   3.97174236E+06   3.78952959E+06   3.78952959E+06   4.95114751E+06   4.20791262E+06   4.20791262E+06
   8.66000000E-02   3.93522858E+06   3.72815173E+06   3.72815173E+06   4.90719658E+06   4.17056171E+06   4.17056171E+06
   8.68000000E-02   3.89894600E+06   3.66717783E+06   3.66717783E+06   4.86352303E+06   4.13344652E+06   4.13344652E+06
   8.70000000E-02   3.86289272E+06   3.60660455E+06   3.60660455E+06   4.82012460E+06   4.09656513E+06   4.09656513E+06
   8.72000000E-02   3.82706689E+06   3.54642859E+06   3.54642859E+06   4.77699905E+06   4.05991564E+06   4.05991564E+06
   8.74000000E-02   3.79146665E+06   3.48664667E+06   3.48664667E+06   4.73414418E+06   4.02349619E+06   4.02349619E+06
   8.76000000E-02   3.75609019E+06   3.42725555E+06   3.42725555E+06   4.69155779E+06   3.98730489E+06   3.98730489E+06
   8.78000000E-02   3.72093569E+06   3.36825203E+06   3.36825203E+06   4.64923772E+06   3.95133993E+06   3.95133993E+06
   8.80000000E-02   3.68600137E+06   3.30963293E+06   3.30963293E+06   4.60718183E+06   3.91559947E+06   3.91559947E+06
   8.82000000E-02   3.65128545E+06   3.25139511E+06   3.25139511E+06   4.56538800E+06   3.88008170E+06   3.88008170E+06
   8.84000000E-02   3.61678619E+06   3.19353546E+06   3.19353546E+06   4.52385411E+06   3.84478486E+06   3.84478486E+06
   8.86000000E-02   3.58250184E+06   3.13605090E+06   3.13605090E+06   4.48257810E+06   3.80970716E+06   3.80970716E+06
   8.88000000E-02   3.54843068E+06   3.07893839E+06   3.07893839E+06   4.44155790E+06   3.77484685E+06   3.77484685E+06
   8.90000000E-02   3.51457102E+06   3.02219490E+06   3.02219490E+06   4.40079147E+06   3.74020222E+06   3.74020222E+06
   8.92000000E-02   3.48092117E+06   2.96581747E+06   2.96581747E+06   4.36027680E+06   3.70577153E+06   3.70577153E+06
   8.94000000E-02   3.44747947E+06   2.90980311E+06   2.90980311E+06   4.32001190E+06   3.67155309E+06   3.67155309E+06
   8.96000000E-02   3.41424426E+06   2.85414893E+06   2.85414893E+06   4.27999477E+06   3.63754523E+06   3.63754523E+06
   8.98000000E-02   3.38121391E+06   2.79885201E+06   2.79885201E+06   4.24022347E+06   3.60374627E+06   3.60374627E+06
   9.00000000E-02   3.34838680E+06   2.74390948E+06   2.74390948E+06   4.20069605E+06   3.57015457E+06   3.57015457E+06
   9.02000000E-02   3.31576133E+06   2.68931852E+06   2.68931852E+06   4.16141059E+06   3.53676851E+06   3.53676851E+06
   9.04000000E-02   3.28333592E+06   2.63507631E+06   2.63507631E+06   4.12236520E+06   3.50358645E+06   3.50358645E+06
   9.06000000E-02   3.25110899E+06   2.58118007E+06   2.58118007E+06   4.08355800E+06   3.47060681E+06   3.47060681E+06
   9.08000000E-02   3.21907898E+06   2.52762704E+06   2.52762704E+06   4.04498711E+06   3.43782800E+06   3.43782800E+06
   9.10000000E-02   3.18724436E+06   2.47441450E+06   2.47441450E+06   4.00665069E+06   3.40524845E+06   3.40524845E+06
   9.12000000E-02   3.15560361E+06   2.42153974E+06   2.42153974E+06   3.96854692E+06   3.37286661E+06   3.37286661E+06
   9.14000000E-02   3.12415521E+06   2.36900009E+06   2.36900009E+06   3.93067399E+06   3.34068094E+06   3.34068094E+06
   9.16000000E-02   3.09289767E+06   2.31679291E+06   2.31679291E+06   3.89303011E+06   3.30868992E+06   3.30868992E+06
   9.18000000E-02   3.06182951E+06   2.26491557E+06   2.26491557E+06   3.85561349E+06   3.27689205E+06   3.27689205E+06
   9.20000000E-02   3.03094926E+06   2.21336547E+06   2.21336547E+06   3.81842240E+06   3.24528582E+06   3.24528582E+06
   9.22000000E-02   3.00025547E+06   2.16214006E+06   2.16214006E+06   3.78145507E+06   3.21386976E+06   3.21386976E+06
   9.24000000E-02   2.96974671E+06   2.11123677E+06   2.11123677E+06   3.74470980E+06   3.18264241E+06   3.18264241E+06
   9.26000000E-02   2.93966320E+06   2.06597358E+06   2.06597358E+06   3.70818488E+06   3.15160231E+06   3.15160231E+06
   9.28000000E-02   2.91038952E+06   2.03484569E+06   2.03484569E+06   3.67187860E+06   3.12074804E+06   3.12074804E+06
   9.30000000E-02   2.88184249E+06   2.01604996E+06   2.01604996E+06   3.63578932E+06   3.09007816E+06   3.09007816E+06
   9.32000000E-02   2.85349458E+06   1.99800057E+06   1.99800057E+06   3.59991535E+06   3.05959127E+06   3.05959127E+06
   9.34000000E-02   2.82531548E+06   1.98005783E+06   1.98005783E+06   3.56425507E+06   3.02928597E+06   3.02928597E+06
   9.36000000E-02   2.79730391E+06   1.96222094E+06   1.96222094E+06   3.52880684E+06   2.99916089E+06   2.99916089E+06
   9.38000000E-02   2.76945860E+06   1.94448908E+06   1.94448908E+06   3.49356907E+06   2.96921464E+06   2.96921464E+06
   9.40000000E-02   2.74177829E+06   1.92686148E+06   1.92686148E+06   3.45854014E+06   2.93944589E+06   2.93944589E+06
   9.42000000E-02   2.71426172E+06   1.90933734E+06   1.90933734E+06   3.42371848E+06   2.90985327E+06   2.90985327E+06
   9.44000000E-02   2.68690767E+06   1.89191589E+06   1.89191589E+06   3.38910252E+06   2.88043548E+06   2.88043548E+06
   9.46000000E-02   2.65971490E+06   1.87459635E+06   1.87459635E+06   3.35469072E+06   2.85119117E+06   2.85119117E+06
   9.48000000E-02   2.63268221E+06   1.85737796E+06   1.85737796E+06   3.32048155E+06   2.82211906E+06   2.82211906E+06
   9.50000000E-02   2.60580839E+06   1.84025996E+06   1.84025996E+06   3.28647346E+06   2.79321785E+06   2.79321785E+06
   9.52000000E-02   2.57909225E+06   1.82324161E+06   1.82324161E+06   3.25266497E+06   2.76448626E+06   2.76448626E+06
   9.54000000E-02   2.55253261E+06   1.80632215E+06   1.80632215E+06   3.21905458E+06   2.73592301E+06   2.73592301E+06
   9.56000000E-02   2.52612831E+06   1.78950086E+06   1.78950086E+06   3.18564081E+06   2.70752686E+06   2.70752686E+06
   9.58000000E-02   2.49987818E+06   1.77277700E+06   1.77277700E+06   3.15242219E+06   2.67929656E+06   2.67929656E+06
   9.60000000E-02   2.47378109E+06   1.75614986E+06   1.75614986E+06   3.11939728E+06   2.65123087E+06   2.65123087E+06
   9.62000000E-02   2.44783589E+06   1.73961871E+06   1.73961871E+06   3.08656463E+06   2.62332857E+06   2.62332857E+06
   9.64000000E-02   2.42204146E+06   1.72318285E+06   1.72318285E+06   3.05392282E+06   2.59558846E+06   2.59558846E+06
   9.66000000E-02   2.39639669E+06   1.70684158E+06   1.70684158E+06   3.02147044E+06   2.56800933E+06   2.56800933E+06
   9.68000000E-02   2.37090046E+06   1.69059419E+06   1.69059419E+06   2.98920610E+06   2.54058999E+06   2.54058999E+06
   9.70000000E-02   2.34555169E+06   1.67444001E+06   1.67444001E+06   2.95712840E+06   2.51332927E+06   2.51332927E+06
   9.72000000E-02   2.32034930E+06   1.65837835E+06   1.65837835E+06   2.92523597E+06   2.48622600E+06   2.48622600E+06
   9.74000000E-02   2.29529220E+06   1.64240853E+06   1.64240853E+06   2.89352746E+06   2.45927903E+06   2.45927903E+06
   9.76000000E-02   2.27037933E+06   1.62652988E+06   1.62652988E+06   2.86200151E+06   2.43248721E+06   2.43248721E+06
   9.78000000E-02   2.24560965E+06   1.61074173E+06   1.61074173E+06   2.83065680E+06   2.40584940E+06   2.40584940E+06
   9.80000000E-02   2.22098210E+06   1.59504343E+06   1.59504343E+06   2.79949199E+06   2.37936448E+06   2.37936448E+06
   9.82000000E-02   2.19649564E+06   1.57943433E+06   1.57943433E+06   2.76850579E+06   2.35303134E+06   2.35303134E+06
   9.84000000E-02   2.17214926E+06   1.56391378E+06   1.56391378E+06   2.73769688E+06   2.32684888E+06   2.32684888E+06
   9.86000000E-02   2.14794194E+06   1.54848114E+06   1.54848114E+06   2.70706398E+06   2.30081600E+06   2.30081600E+06
   9.88000000E-02   2.12387266E+06   1.53313577E+06   1.53313577E+06   2.67660583E+06   2.27493161E+06   2.27493161E+06
   9.90000000E-02   2.09994043E+06   1.51787704E+06   1.51787704E+06   2.64632114E+06   2.24919465E+06   2.24919465E+06
   9.92000000E-02   2.07614427E+06   1.50270434E+06   1.50270434E+06   2.61620868E+06   2.22360404E+06   2.22360404E+06
   9.94000000E-02   2.05248318E+06   1.48761704E+06   1.48761704E+06   2.58626719E+06   2.19815874E+06   2.19815874E+06
   9.96000000E-02   2.02895621E+06   1.47261453E+06   1.47261453E+06   2.55649546E+06   2.17285769E+06   2.17285769E+06
   9.98000000E-02   2.00556238E+06   1.45769621E+06   1.45769621E+06   2.52689226E+06   2.14769987E+06   2.14769987E+06
   1.00000000E-01   1.98230074E+06   1.44286147E+06   1.44286147E+06   2.49745638E+06   2.12268425E+06   2.12268425E+06