# TBinMid=-0.0035 ssec TBinWidth=0.01 ss EBinWidth=0.2MeV Fluence at Earth for this timebin in neutrinos per cm^2
# E(GeV)	NuE	NuMu	NuTau	aNuE	aNuMu	aNuTau
   1.38589050E-13   3.53883742E+15   7.66396752E+16   7.66396752E+16   4.59515571E+13   5.71103053E+13   5.71103053E+13
   2.00000000E-04   6.32789001E+06   1.37041457E+08   1.37041457E+08   8.21672104E+04   1.02120467E+05   1.02120467E+05
   4.00000000E-04   3.22763397E+06   6.99000235E+07   6.99000235E+07   4.19106019E+04   5.20880559E+04   5.20880559E+04
   6.00000000E-04   2.17659308E+06   4.71379063E+07   4.71379063E+07   2.82629093E+04   3.51261956E+04   3.51261956E+04
   8.00000000E-04   1.64566146E+06   3.56396593E+07   3.56396593E+07   2.13687993E+04   2.65579391E+04   2.65579391E+04
   1.00000000E-03   1.32473048E+06   2.86893410E+07   2.86893410E+07   1.72015329E+04   2.13787052E+04   2.13787052E+04
   1.20000000E-03   1.10952619E+06   2.40287182E+07   2.40287182E+07   1.44071202E+04   1.79057052E+04   1.79057052E+04
   1.40000000E-03   1.49769988E+06   3.25248289E+07   3.25248289E+07   2.23811330E+04   2.15957793E+04   2.15957793E+04
   1.60000000E-03   1.94687766E+06   4.23843375E+07   4.23843375E+07   2.76317465E+04   2.39073061E+04   2.39073061E+04
   1.80000000E-03   2.22948563E+06   4.85930087E+07   4.85930087E+07   3.18571177E+04   2.53812970E+04   2.53812970E+04
   2.00000000E-03   2.40797153E+06   5.25234512E+07   5.25234512E+07   4.08569397E+04   2.74590151E+04   2.74590151E+04
   2.20000000E-03   3.34919476E+06   7.32504921E+07   7.32504921E+07   4.71637235E+04   2.87586884E+04   2.87586884E+04
   2.40000000E-03   4.21181057E+06   9.22492527E+07   9.22492527E+07   5.16195408E+04   2.95387739E+04   2.95387739E+04
   2.60000000E-03   4.85731098E+06   1.06469303E+08   1.06469303E+08   5.47698742E+04   2.99640018E+04   2.99640018E+04
   2.80000000E-03   5.34270415E+06   1.17189733E+08   1.17189733E+08   5.90658443E+04   2.97349132E+04   2.97349132E+04
   3.00000000E-03   5.70971760E+06   1.25300216E+08   1.25300216E+08   6.23338006E+04   2.93988669E+04   2.93988669E+04
   3.20000000E-03   5.98708138E+06   1.31433103E+08   1.31433103E+08   6.47571219E+04   2.90051815E+04   2.90051815E+04
   3.40000000E-03   7.60141837E+06   1.66997877E+08   1.66997877E+08   6.65346661E+04   2.85754073E+04   2.85754073E+04
   3.60000000E-03   9.75775567E+06   2.14492800E+08   2.14492800E+08   6.78130271E+04   2.81244614E+04   2.81244614E+04
   3.80000000E-03   1.15549941E+07   2.54079526E+08   2.54079526E+08   6.87019445E+04   2.76627512E+04   2.76627512E+04
   4.00000000E-03   1.30593466E+07   2.87227620E+08   2.87227620E+08   6.62955252E+04   2.60790565E+04   2.60790565E+04
   4.20000000E-03   1.43235801E+07   3.15087666E+08   3.15087666E+08   6.36308285E+04   2.44909992E+04   2.44909992E+04
   4.40000000E-03   1.53891139E+07   3.38570138E+08   3.38570138E+08   6.11865149E+04   2.30626868E+04   2.30626868E+04
   4.60000000E-03   1.62889915E+07   3.58402960E+08   3.58402960E+08   5.89356987E+04   2.17719748E+04   2.17719748E+04
   4.80000000E-03   1.70498768E+07   3.75173525E+08   3.75173525E+08   5.68557472E+04   2.06005699E+04   2.06005699E+04
   5.00000000E-03   1.76934667E+07   3.89359812E+08   3.89359812E+08   5.49274662E+04   1.95332342E+04   1.95332342E+04
   5.20000000E-03   1.82375523E+07   4.01353759E+08   4.01353759E+08   5.31344663E+04   1.85571784E+04   1.85571784E+04
   5.40000000E-03   1.81543684E+07   3.99536195E+08   3.99536195E+08   5.14626649E+04   1.76615930E+04   1.76615930E+04
   5.60000000E-03   1.77612825E+07   3.90894516E+08   3.90894516E+08   4.98998913E+04   1.68372830E+04   1.68372830E+04
   5.80000000E-03   1.73871062E+07   3.82658364E+08   3.82658364E+08   4.62645503E+04   1.59204014E+04   1.59204014E+04
   6.00000000E-03   1.70301071E+07   3.74799474E+08   3.74799474E+08   4.27334415E+04   1.50612421E+04   1.50612421E+04
   6.20000000E-03   1.66890769E+07   3.67292221E+08   3.67292221E+08   3.94932657E+04   1.42679367E+04   1.42679367E+04
   6.40000000E-03   1.63629531E+07   3.60113201E+08   3.60113201E+08   3.65128647E+04   1.35336701E+04   1.35336701E+04
   6.60000000E-03   1.60507630E+07   3.53240988E+08   3.53240988E+08   3.37652046E+04   1.28525106E+04   1.28525106E+04
   6.80000000E-03   1.57516152E+07   3.46655947E+08   3.46655947E+08   3.12267291E+04   1.22192735E+04   1.22192735E+04
   7.00000000E-03   1.54646915E+07   3.40340056E+08   3.40340056E+08   2.88768293E+04   1.16294088E+04   1.16294088E+04
   7.20000000E-03   1.51892401E+07   3.34276757E+08   3.34276757E+08   2.66974065E+04   1.10789084E+04   1.10789084E+04
   7.40000000E-03   1.49245689E+07   3.28450809E+08   3.28450809E+08   2.46725091E+04   1.05642288E+04   1.05642288E+04
   7.60000000E-03   1.46700405E+07   3.22848171E+08   3.22848171E+08   2.27880306E+04   1.00822273E+04   1.00822273E+04
   7.80000000E-03   1.44250662E+07   3.17455882E+08   3.17455882E+08   2.10314561E+04   9.63010718E+03   9.63010718E+03
   8.00000000E-03   1.41891022E+07   3.12261966E+08   3.12261966E+08   1.93916491E+04   9.20537231E+03   9.20537231E+03
   8.20000000E-03   1.39616454E+07   3.07255341E+08   3.07255341E+08   1.78586712E+04   8.80578864E+03   8.80578864E+03
   8.40000000E-03   1.37422066E+07   3.02425726E+08   3.02425726E+08   1.65829326E+04   8.44890810E+03   8.44890810E+03
   8.60000000E-03   1.31794434E+07   2.90037515E+08   2.90037515E+08   1.54316480E+04   8.11759911E+03   8.11759911E+03
   8.80000000E-03   1.24136432E+07   2.73179154E+08   2.73179154E+08   1.43498967E+04   7.80437883E+03   7.80437883E+03
   9.00000000E-03   1.16921245E+07   2.57295657E+08   2.57295657E+08   1.33322873E+04   7.50790820E+03   7.50790820E+03
   9.20000000E-03   1.10115587E+07   2.42313741E+08   2.42313741E+08   1.23739458E+04   7.22697320E+03   7.22697320E+03
   9.40000000E-03   1.03689285E+07   2.28166978E+08   2.28166978E+08   1.14704564E+04   6.96047082E+03   6.96047082E+03
   9.60000000E-03   9.76149269E+06   2.14795021E+08   2.14795021E+08   1.06178109E+04   6.70739684E+03   6.70739684E+03
   9.80000000E-03   9.18675651E+06   2.02142945E+08   2.02142945E+08   9.81236296E+03   6.46683522E+03   6.46683522E+03
   1.00000000E-02   8.64244486E+06   1.90160662E+08   1.90160662E+08   9.05078999E+03   6.23794878E+03   6.23794878E+03
   1.02000000E-02   8.12647935E+06   1.78802417E+08   1.78802417E+08   8.33005842E+03   6.01997104E+03   6.01997104E+03
   1.04000000E-02   7.63695797E+06   1.68026335E+08   1.68026335E+08   7.64739393E+03   5.81219902E+03   5.81219902E+03
   1.06000000E-02   7.17213719E+06   1.57794033E+08   1.57794033E+08   7.00025502E+03   5.61398695E+03   5.61398695E+03
   1.08000000E-02   6.73041623E+06   1.48070267E+08   1.48070267E+08   6.38630974E+03   5.42474060E+03   5.42474060E+03
   1.10000000E-02   6.31032307E+06   1.38822632E+08   1.38822632E+08   5.80341510E+03   5.24391242E+03   5.24391242E+03
   1.12000000E-02   5.91050208E+06   1.30021283E+08   1.30021283E+08   5.24959884E+03   5.07099703E+03   5.07099703E+03
   1.14000000E-02   5.52970308E+06   1.21638697E+08   1.21638697E+08   4.72304322E+03   4.90552739E+03   4.90552739E+03
   1.16000000E-02   5.16677146E+06   1.13649454E+08   1.13649454E+08   4.22207057E+03   4.74707125E+03   4.74707125E+03
   1.18000000E-02   4.82063952E+06   1.06030049E+08   1.06030049E+08   3.74513047E+03   4.59522803E+03   4.59522803E+03
   1.20000000E-02   4.49031862E+06   9.87587167E+07   9.87587167E+07   3.29078825E+03   4.44962605E+03   4.44962605E+03
   1.22000000E-02   4.17485235E+06   9.18152588E+07   9.18152588E+07   3.00098363E+03   4.31227858E+03   4.31227858E+03
   1.24000000E-02   3.87339038E+06   8.51809457E+07   8.51809457E+07   2.87294242E+03   4.18283470E+03   4.18283470E+03
   1.26000000E-02   3.58518534E+06   7.88383952E+07   7.88383952E+07   2.75022005E+03   4.05844324E+03   4.05844324E+03
   1.28000000E-02   3.30950151E+06   7.27714148E+07   7.27714148E+07   2.63252832E+03   3.93883813E+03   3.93883813E+03
   1.30000000E-02   3.04565365E+06   6.69649236E+07   6.69649236E+07   2.51959853E+03   3.82377099E+03   3.82377099E+03
   1.32000000E-02   2.79300293E+06   6.14048615E+07   6.14048615E+07   2.41117995E+03   3.71300977E+03   3.71300977E+03
   1.34000000E-02   2.55095313E+06   5.60781063E+07   5.60781063E+07   2.30703829E+03   3.60633739E+03   3.60633739E+03
   1.36000000E-02   2.31894723E+06   5.09723991E+07   5.09723991E+07   2.20695451E+03   3.50355062E+03   3.50355062E+03
   1.38000000E-02   2.19058583E+06   4.81484717E+07   4.81484717E+07   2.11072353E+03   3.40445899E+03   3.40445899E+03
   1.40000000E-02   2.09244582E+06   4.59898310E+07   4.59898310E+07   2.01815323E+03   3.30888383E+03   3.30888383E+03
   1.42000000E-02   1.99800516E+06   4.39125665E+07   4.39125665E+07   1.92906346E+03   3.21665738E+03   3.21665738E+03
   1.44000000E-02   1.90708393E+06   4.19127200E+07   4.19127200E+07   1.84328512E+03   3.12762202E+03   3.12762202E+03
   1.46000000E-02   1.81951311E+06   3.99865735E+07   3.99865735E+07   1.76065934E+03   3.04162947E+03   3.04162947E+03
   1.48000000E-02   1.73513380E+06   3.81306315E+07   3.81306315E+07   1.68103678E+03   2.95854019E+03   2.95854019E+03
   1.50000000E-02   1.65379650E+06   3.63416053E+07   3.63416053E+07   1.60427691E+03   2.87822270E+03   2.87822270E+03
   1.52000000E-02   1.57536042E+06   3.46163978E+07   3.46163978E+07   1.53024741E+03   2.80055304E+03   2.80055304E+03
   1.54000000E-02   1.49969290E+06   3.29520907E+07   3.29520907E+07   1.45882356E+03   2.72541428E+03   2.72541428E+03
   1.56000000E-02   1.42666883E+06   3.13459317E+07   3.13459317E+07   1.38988774E+03   2.65269598E+03   2.65269598E+03
   1.58000000E-02   1.35617012E+06   2.97953235E+07   2.97953235E+07   1.32332897E+03   2.58229381E+03   2.58229381E+03
   1.60000000E-02   1.28808527E+06   2.82978129E+07   2.82978129E+07   1.25904240E+03   2.51410911E+03   2.51410911E+03
   1.62000000E-02   1.22230889E+06   2.68510817E+07   2.68510817E+07   1.19692894E+03   2.44804853E+03   2.44804853E+03
   1.64000000E-02   1.15874132E+06   2.54529376E+07   2.54529376E+07   1.13689491E+03   2.38402367E+03   2.38402367E+03
   1.66000000E-02   1.09728824E+06   2.41013056E+07   2.41013056E+07   1.07885161E+03   2.32195078E+03   2.32195078E+03
   1.68000000E-02   1.03786034E+06   2.27942213E+07   2.27942213E+07   1.02271507E+03   2.26175047E+03   2.26175047E+03
   1.70000000E-02   9.80373003E+05   2.15298232E+07   2.15298232E+07   9.68405715E+02   2.20334742E+03   2.20334742E+03
   1.72000000E-02   9.24745990E+05   2.03063462E+07   2.03063462E+07   9.15848106E+02   2.14667013E+03   2.14667013E+03
   1.74000000E-02   8.70903192E+05   1.91221162E+07   1.91221162E+07   8.64970663E+02   2.09165069E+03   2.09165069E+03
   1.76000000E-02   8.18772362E+05   1.79755437E+07   1.79755437E+07   8.15705444E+02   2.03822455E+03   2.03822455E+03
   1.78000000E-02   7.68284344E+05   1.68651192E+07   1.68651192E+07   7.72994918E+02   1.98708305E+03   1.98708305E+03
   1.80000000E-02   7.19372007E+05   1.57894072E+07   1.57894072E+07   7.54705350E+02   1.94086151E+03   1.94086151E+03
   1.82000000E-02   6.71975915E+05   1.47470453E+07   1.47470453E+07   7.36923765E+02   1.89591968E+03   1.89591968E+03
   1.84000000E-02   6.26037085E+05   1.37367361E+07   1.37367361E+07   7.19631307E+02   1.85221011E+03   1.85221011E+03
   1.86000000E-02   5.81499376E+05   1.27572447E+07   1.27572447E+07   7.02810003E+02   1.80968761E+03   1.80968761E+03
   1.88000000E-02   5.38309328E+05   1.18073951E+07   1.18073951E+07   6.86442715E+02   1.76830905E+03   1.76830905E+03
   1.90000000E-02   4.96416005E+05   1.08860670E+07   1.08860670E+07   6.70513093E+02   1.72803329E+03   1.72803329E+03
   1.92000000E-02   4.55770855E+05   9.99219242E+06   9.99219242E+06   6.55005532E+02   1.68882109E+03   1.68882109E+03
   1.94000000E-02   4.16327573E+05   9.12475287E+06   9.12475287E+06   6.39905126E+02   1.65063494E+03   1.65063494E+03
   1.96000000E-02   3.78041981E+05   8.28277658E+06   8.28277658E+06   6.25197638E+02   1.61343900E+03   1.61343900E+03
   1.98000000E-02   3.40871908E+05   7.46533596E+06   7.46533596E+06   6.10869458E+02   1.57719904E+03   1.57719904E+03
   2.00000000E-02   3.04777081E+05   6.67154515E+06   6.67154515E+06   5.96907570E+02   1.54188231E+03   1.54188231E+03
   2.02000000E-02   2.69719022E+05   5.90055785E+06   5.90055785E+06   5.83299525E+02   1.50745748E+03   1.50745748E+03
   2.04000000E-02   2.35660957E+05   5.15156511E+06   5.15156511E+06   5.70033404E+02   1.47389454E+03   1.47389454E+03
   2.06000000E-02   2.02567718E+05   4.42379343E+06   4.42379343E+06   5.57097799E+02   1.44116480E+03   1.44116480E+03
   2.08000000E-02   1.70405666E+05   3.71650287E+06   3.71650287E+06   5.44481778E+02   1.40924074E+03   1.40924074E+03
   2.10000000E-02   1.39142607E+05   3.02898531E+06   3.02898531E+06   5.32174870E+02   1.37809600E+03   1.37809600E+03
   2.12000000E-02   1.08747720E+05   2.36056281E+06   2.36056281E+06   5.20167032E+02   1.34770531E+03   1.34770531E+03
   2.14000000E-02   7.91914866E+04   1.71058608E+06   1.71058608E+06   5.08448637E+02   1.31804442E+03   1.31804442E+03
   2.16000000E-02   5.04456235E+04   1.07843302E+06   1.07843302E+06   4.97010445E+02   1.28909010E+03   1.28909010E+03
   2.18000000E-02   2.24830232E+04   4.63507396E+05   4.63507396E+05   4.85843591E+02   1.26082001E+03   1.26082001E+03
   2.20000000E-02   2.66646974E+03   2.79101388E+04   2.79101388E+04   4.74939562E+02   1.23321273E+03   1.23321273E+03
   2.22000000E-02   2.60070521E+03   2.71339150E+04   2.71339150E+04   4.64290183E+02   1.20624768E+03   1.20624768E+03
   2.24000000E-02   2.53648608E+03   2.63762169E+04   2.63762169E+04   4.53887597E+02   1.17990507E+03   1.17990507E+03
   2.26000000E-02   2.47376478E+03   2.56364706E+04   2.56364706E+04   4.43724255E+02   1.15416591E+03   1.15416591E+03
   2.28000000E-02   2.41249559E+03   2.49141242E+04   2.49141242E+04   4.33792899E+02   1.12901191E+03   1.12901191E+03
   2.30000000E-02   2.35263453E+03   2.42086473E+04   2.42086473E+04   4.24086546E+02   1.10442549E+03   1.10442549E+03
   2.32000000E-02   2.29413931E+03   2.35195297E+04   2.35195297E+04   4.14598481E+02   1.08038975E+03   1.08038975E+03
   2.34000000E-02   2.23696923E+03   2.28462805E+04   2.28462805E+04   4.05322239E+02   1.05688840E+03   1.05688840E+03
   2.36000000E-02   2.18108510E+03   2.21884272E+04   2.21884272E+04   3.96251598E+02   1.03390578E+03   1.03390578E+03
   2.38000000E-02   2.12644920E+03   2.15455151E+04   2.15455151E+04   3.87380563E+02   1.01142678E+03   1.01142678E+03
   2.40000000E-02   2.07302521E+03   2.09171061E+04   2.09171061E+04   3.78703363E+02   9.89436883E+02   9.89436883E+02
   2.42000000E-02   2.02077810E+03   2.03027782E+04   2.03027782E+04   3.70214435E+02   9.67922065E+02   9.67922065E+02
   2.44000000E-02   1.96967415E+03   1.97021250E+04   1.97021250E+04   3.61908417E+02   9.46868826E+02   9.46868826E+02
   2.46000000E-02   1.91968082E+03   1.91147545E+04   1.91147545E+04   3.53780139E+02   9.26264145E+02   9.26264145E+02
   2.48000000E-02   1.87076677E+03   1.85402890E+04   1.85402890E+04   3.45824616E+02   9.06095461E+02   9.06095461E+02
   2.50000000E-02   1.82290173E+03   1.79783639E+04   1.79783639E+04   3.38037037E+02   8.86350660E+02   8.86350660E+02
   2.52000000E-02   1.77605652E+03   1.74286277E+04   1.74286277E+04   3.30412761E+02   8.67018050E+02   8.67018050E+02
   2.54000000E-02   1.73020296E+03   1.68907413E+04   1.68907413E+04   3.22947308E+02   8.48086344E+02   8.48086344E+02
   2.56000000E-02   1.68531387E+03   1.63643773E+04   1.63643773E+04   3.15636353E+02   8.29544644E+02   8.29544644E+02
   2.58000000E-02   1.64136298E+03   1.58492195E+04   1.58492195E+04   3.08475717E+02   8.11382427E+02   8.11382427E+02
   2.60000000E-02   1.59832494E+03   1.53449626E+04   1.53449626E+04   3.01461366E+02   7.93589524E+02   7.93589524E+02
   2.62000000E-02   1.57275642E+03   1.48599789E+04   1.48599789E+04   3.00172649E+02   7.90448154E+02   7.90448154E+02
   2.64000000E-02   1.55756600E+03   1.43902892E+04   1.43902892E+04   3.02225926E+02   7.95856828E+02   7.95856828E+02
   2.66000000E-02   1.54262855E+03   1.39303373E+04   1.39303373E+04   3.04215912E+02   8.01098800E+02   8.01098800E+02
   2.68000000E-02   1.52793803E+03   1.34798657E+04   1.34798657E+04   3.06144507E+02   8.06179071E+02   8.06179071E+02
   2.70000000E-02   1.51348861E+03   1.30386250E+04   1.30386250E+04   3.08013543E+02   8.11102467E+02   8.11102467E+02
   2.72000000E-02   1.49927461E+03   1.26063741E+04   1.26063741E+04   3.09824788E+02   8.15873645E+02   8.15873645E+02
   2.74000000E-02   1.48529056E+03   1.21828797E+04   1.21828797E+04   3.11579948E+02   8.20497097E+02   8.20497097E+02
   2.76000000E-02   1.47153113E+03   1.17679163E+04   1.17679163E+04   3.13280670E+02   8.24977164E+02   8.24977164E+02
   2.78000000E-02   1.45799116E+03   1.13612653E+04   1.13612653E+04   3.14928545E+02   8.29318034E+02   8.29318034E+02
   2.80000000E-02   1.44466563E+03   1.09627153E+04   1.09627153E+04   3.16525110E+02   8.33523754E+02   8.33523754E+02
   2.82000000E-02   1.43154970E+03   1.05720616E+04   1.05720616E+04   3.18071848E+02   8.37598234E+02   8.37598234E+02
   2.84000000E-02   1.41863863E+03   1.01891058E+04   1.01891058E+04   3.19570193E+02   8.41545251E+02   8.41545251E+02
   2.86000000E-02   1.40592786E+03   9.81365591E+03   9.81365591E+03   3.21021533E+02   8.45368456E+02   8.45368456E+02
   2.88000000E-02   1.39341294E+03   9.44552570E+03   9.44552570E+03   3.22427206E+02   8.49071378E+02   8.49071378E+02
   2.90000000E-02   1.38108954E+03   9.08453483E+03   9.08453483E+03   3.23788508E+02   8.52657428E+02   8.52657428E+02
   2.92000000E-02   1.36895349E+03   8.73050846E+03   8.73050846E+03   3.25106692E+02   8.56129906E+02   8.56129906E+02
   2.94000000E-02   1.35700069E+03   8.38327707E+03   8.38327707E+03   3.26382969E+02   8.59492005E+02   8.59492005E+02
   2.96000000E-02   1.34522720E+03   8.04267629E+03   8.04267629E+03   3.27618513E+02   8.62746812E+02   8.62746812E+02
   2.98000000E-02   1.33362916E+03   7.70854668E+03   7.70854668E+03   3.28814456E+02   8.65897314E+02   8.65897314E+02
   3.00000000E-02   1.32220284E+03   7.38073357E+03   7.38073357E+03   3.29971898E+02   8.68946403E+02   8.68946403E+02
   3.02000000E-02   1.31094460E+03   7.05908691E+03   7.05908691E+03   3.31091901E+02   8.71896879E+02   8.71896879E+02
   3.04000000E-02   1.29985089E+03   6.74346106E+03   6.74346106E+03   3.32175493E+02   8.74751451E+02   8.74751451E+02
   3.06000000E-02   1.28891829E+03   6.43371465E+03   6.43371465E+03   3.33223671E+02   8.77512743E+02   8.77512743E+02
   3.08000000E-02   1.27814344E+03   6.12971046E+03   6.12971046E+03   3.34237401E+02   8.80183297E+02   8.80183297E+02
   3.10000000E-02   1.26752309E+03   5.83131523E+03   5.83131523E+03   3.35217616E+02   8.82765576E+02   8.82765576E+02
   3.12000000E-02   1.25705407E+03   5.53839953E+03   5.53839953E+03   3.36165222E+02   8.85261964E+02   8.85261964E+02
   3.14000000E-02   1.24673329E+03   5.25083768E+03   5.25083768E+03   3.37081097E+02   8.87674772E+02   8.87674772E+02
   3.16000000E-02   1.23655776E+03   4.96850753E+03   4.96850753E+03   3.37966092E+02   8.90006242E+02   8.90006242E+02
   3.18000000E-02   1.22652454E+03   4.69129042E+03   4.69129042E+03   3.38821030E+02   8.92258545E+02   8.92258545E+02
   3.20000000E-02   1.21663080E+03   4.41907102E+03   4.41907102E+03   3.39646712E+02   8.94433786E+02   8.94433786E+02
   3.22000000E-02   1.20687375E+03   4.15173722E+03   4.15173722E+03   3.40443913E+02   8.96534007E+02   8.96534007E+02
   3.24000000E-02   1.19725070E+03   3.88918005E+03   3.88918005E+03   3.41213384E+02   8.98561188E+02   8.98561188E+02
   3.26000000E-02   1.18775902E+03   3.63129352E+03   3.63129352E+03   3.41955854E+02   9.00517249E+02   9.00517249E+02
   3.28000000E-02   1.17839614E+03   3.37797459E+03   3.37797459E+03   3.42672031E+02   9.02404054E+02   9.02404054E+02
   3.30000000E-02   1.16915956E+03   3.12912302E+03   3.12912302E+03   3.43362601E+02   9.04223410E+02   9.04223410E+02
   3.32000000E-02   1.16004685E+03   2.88464128E+03   2.88464128E+03   3.44028230E+02   9.05977073E+02   9.05977073E+02
   3.34000000E-02   1.15105562E+03   2.64443451E+03   2.64443451E+03   3.44669565E+02   9.07666744E+02   9.07666744E+02
   3.36000000E-02   1.14218357E+03   2.40841037E+03   2.40841037E+03   3.45287233E+02   9.09294077E+02   9.09294077E+02
   3.38000000E-02   1.13342844E+03   2.17647902E+03   2.17647902E+03   3.45881844E+02   9.10860676E+02   9.10860676E+02
   3.40000000E-02   1.12478802E+03   1.94855297E+03   1.94855297E+03   3.46453989E+02   9.12368101E+02   9.12368101E+02
   3.42000000E-02   1.11626016E+03   1.72454706E+03   1.72454706E+03   3.47004243E+02   9.13817863E+02   9.13817863E+02
   3.44000000E-02   1.10784276E+03   1.50437840E+03   1.50437840E+03   3.47533163E+02   9.15211433E+02   9.15211433E+02
   3.46000000E-02   1.09953379E+03   1.28796621E+03   1.28796621E+03   3.48041293E+02   9.16550239E+02   9.16550239E+02
   3.48000000E-02   1.09133124E+03   1.07523186E+03   1.07523186E+03   3.48529158E+02   9.17835669E+02   9.17835669E+02
   3.50000000E-02   1.08323317E+03   8.66098734E+02   8.66098734E+02   3.48997270E+02   9.19069069E+02   9.19069069E+02
   3.52000000E-02   1.07523766E+03   6.60492185E+02   6.60492185E+02   3.49446127E+02   9.20251750E+02   9.20251750E+02
   3.54000000E-02   1.07197553E+03   5.60332937E+02   5.60332937E+02   3.49876212E+02   9.21384985E+02   9.21384985E+02
   3.56000000E-02   1.07323797E+03   5.60992824E+02   5.60992824E+02   3.50287995E+02   9.22470012E+02   9.22470012E+02
   3.58000000E-02   1.07444571E+03   5.61624124E+02   5.61624124E+02   3.50681933E+02   9.23508034E+02   9.23508034E+02
   3.60000000E-02   1.07560013E+03   5.62227550E+02   5.62227550E+02   3.51058470E+02   9.24500221E+02   9.24500221E+02
   3.62000000E-02   1.07670254E+03   5.62803793E+02   5.62803793E+02   3.51418037E+02   9.25447711E+02   9.25447711E+02
   3.64000000E-02   1.07775424E+03   5.63353526E+02   5.63353526E+02   3.51761056E+02   9.26351609E+02   9.26351609E+02
   3.66000000E-02   1.07875647E+03   5.63877403E+02   5.63877403E+02   3.52087934E+02   9.27212993E+02   9.27212993E+02
   3.68000000E-02   1.07971045E+03   5.64376061E+02   5.64376061E+02   3.52399069E+02   9.28032909E+02   9.28032909E+02
   3.70000000E-02   1.08061738E+03   5.64850120E+02   5.64850120E+02   3.52694848E+02   9.28812376E+02   9.28812376E+02
   3.72000000E-02   1.08147839E+03   5.65300183E+02   5.65300183E+02   3.52975646E+02   9.29552385E+02   9.29552385E+02
   3.74000000E-02   1.08229462E+03   5.65726835E+02   5.65726835E+02   3.53241831E+02   9.30253900E+02   9.30253900E+02
   3.76000000E-02   1.08306716E+03   5.66130648E+02   5.66130648E+02   3.53493759E+02   9.30917860E+02   9.30917860E+02
   3.78000000E-02   1.08379707E+03   5.66512177E+02   5.66512177E+02   3.53731776E+02   9.31545180E+02   9.31545180E+02
   3.80000000E-02   1.08448538E+03   5.66871964E+02   5.66871964E+02   3.53956220E+02   9.32136747E+02   9.32136747E+02
   3.82000000E-02   1.08513310E+03   5.67210535E+02   5.67210535E+02   3.54167421E+02   9.32693429E+02   9.32693429E+02
   3.84000000E-02   1.07487943E+03   5.61850835E+02   5.61850835E+02   3.50820740E+02   9.23880182E+02   9.23880182E+02
   3.86000000E-02   1.05852937E+03   5.53304485E+02   5.53304485E+02   3.45484382E+02   9.09826979E+02   9.09826979E+02
   3.88000000E-02   1.04240329E+03   5.44875214E+02   5.44875214E+02   3.40221129E+02   8.95966296E+02   8.95966296E+02
   3.90000000E-02   1.02649719E+03   5.36560925E+02   5.36560925E+02   3.35029671E+02   8.82294683E+02   8.82294683E+02
   3.92000000E-02   1.01080713E+03   5.28359567E+02   5.28359567E+02   3.29908727E+02   8.68808769E+02   8.68808769E+02
   3.94000000E-02   9.95329291E+02   5.20269136E+02   5.20269136E+02   3.24857047E+02   8.55505258E+02   8.55505258E+02
   3.96000000E-02   9.80059917E+02   5.12287673E+02   5.12287673E+02   3.19873406E+02   8.42380928E+02   8.42380928E+02
   3.98000000E-02   9.64995344E+02   5.04413261E+02   5.04413261E+02   3.14956608E+02   8.29432629E+02   8.29432629E+02
   4.00000000E-02   9.50131988E+02   4.96644028E+02   4.96644028E+02   3.10105484E+02   8.16657280E+02   8.16657280E+02
   4.02000000E-02   9.35466344E+02   4.88978141E+02   4.88978141E+02   3.05318890E+02   8.04051869E+02   8.04051869E+02
   4.04000000E-02   9.20994984E+02   4.81413809E+02   4.81413809E+02   3.00595706E+02   7.91613448E+02   7.91613448E+02
   4.06000000E-02   9.06714554E+02   4.73949277E+02   4.73949277E+02   2.95934838E+02   7.79339135E+02   7.79339135E+02
   4.08000000E-02   8.92621773E+02   4.66582831E+02   4.66582831E+02   2.91335215E+02   7.67226110E+02   7.67226110E+02
   4.10000000E-02   8.78713432E+02   4.59312794E+02   4.59312794E+02   2.86795790E+02   7.55271615E+02   7.55271615E+02
   4.12000000E-02   8.64986389E+02   4.52137524E+02   4.52137524E+02   2.82315538E+02   7.43472950E+02   7.43472950E+02
   4.14000000E-02   8.51437572E+02   4.45055415E+02   4.45055415E+02   2.77893455E+02   7.31827473E+02   7.31827473E+02
   4.16000000E-02   8.38063973E+02   4.38064893E+02   4.38064893E+02   2.73528560E+02   7.20332599E+02   7.20332599E+02
   4.18000000E-02   8.24862646E+02   4.31164420E+02   4.31164420E+02   2.69219891E+02   7.08985798E+02   7.08985798E+02
   4.20000000E-02   8.11830712E+02   4.24352490E+02   4.24352490E+02   2.64966509E+02   6.97784591E+02   6.97784591E+02
   4.22000000E-02   7.98965347E+02   4.17627628E+02   4.17627628E+02   2.60767492E+02   6.86726555E+02   6.86726555E+02
   4.24000000E-02   7.86263790E+02   4.10988390E+02   4.10988390E+02   2.56621939E+02   6.75809316E+02   6.75809316E+02
   4.26000000E-02   7.73723337E+02   4.04433362E+02   4.04433362E+02   2.52528968E+02   6.65030547E+02   6.65030547E+02
   4.28000000E-02   7.61341338E+02   3.97961161E+02   3.97961161E+02   2.48487712E+02   6.54387973E+02   6.54387973E+02
   4.30000000E-02   7.49115199E+02   3.91570429E+02   3.91570429E+02   2.44497327E+02   6.43879365E+02   6.43879365E+02
   4.32000000E-02   7.37042381E+02   3.85259840E+02   3.85259840E+02   2.40556983E+02   6.33502539E+02   6.33502539E+02
   4.34000000E-02   7.25120395E+02   3.79028092E+02   3.79028092E+02   2.36665868E+02   6.23255355E+02   6.23255355E+02
   4.36000000E-02   7.13346803E+02   3.72873910E+02   3.72873910E+02   2.32823185E+02   6.13135719E+02   6.13135719E+02
   4.38000000E-02   7.01719216E+02   3.66796048E+02   3.66796048E+02   2.29028156E+02   6.03141578E+02   6.03141578E+02
   4.40000000E-02   6.90235295E+02   3.60793281E+02   3.60793281E+02   2.25280017E+02   5.93270920E+02   5.93270920E+02
   4.42000000E-02   6.78892747E+02   3.54864411E+02   3.54864411E+02   2.21578019E+02   5.83521775E+02   5.83521775E+02
   4.44000000E-02   6.67689324E+02   3.49008264E+02   3.49008264E+02   2.17921430E+02   5.73892211E+02   5.73892211E+02
   4.46000000E-02   6.56622825E+02   3.43223688E+02   3.43223688E+02   2.14309529E+02   5.64380336E+02   5.64380336E+02
   4.48000000E-02   6.45691090E+02   3.37509555E+02   3.37509555E+02   2.10741613E+02   5.54984293E+02   5.54984293E+02
   4.50000000E-02   6.34892005E+02   3.31864759E+02   3.31864759E+02   2.07216992E+02   5.45702265E+02   5.45702265E+02
   4.52000000E-02   6.24223495E+02   3.26288216E+02   3.26288216E+02   2.03734988E+02   5.36532469E+02   5.36532469E+02
   4.54000000E-02   6.13683526E+02   3.20778863E+02   3.20778863E+02   2.00294937E+02   5.27473157E+02   5.27473157E+02
   4.56000000E-02   6.03270105E+02   3.15335658E+02   3.15335658E+02   1.96896190E+02   5.18522615E+02   5.18522615E+02
   4.58000000E-02   5.92981277E+02   3.09957579E+02   3.09957579E+02   1.93538107E+02   5.09679164E+02   5.09679164E+02
   4.60000000E-02   5.82815126E+02   3.04643624E+02   3.04643624E+02   1.90220063E+02   5.00941155E+02   5.00941155E+02
   4.62000000E-02   5.72769770E+02   2.99392810E+02   2.99392810E+02   1.86941445E+02   4.92306972E+02   4.92306972E+02
   4.64000000E-02   5.62843366E+02   2.94204174E+02   2.94204174E+02   1.83701651E+02   4.83775031E+02   4.83775031E+02
   4.66000000E-02   5.53034105E+02   2.89076769E+02   2.89076769E+02   1.80500089E+02   4.75343777E+02   4.75343777E+02
   4.68000000E-02   5.43340213E+02   2.84009670E+02   2.84009670E+02   1.77336183E+02   4.67011685E+02   4.67011685E+02
   4.70000000E-02   5.33759949E+02   2.79001965E+02   2.79001965E+02   1.74209362E+02   4.58777258E+02   4.58777258E+02
   4.72000000E-02   5.24291606E+02   2.74052762E+02   2.74052762E+02   1.71119070E+02   4.50639030E+02   4.50639030E+02
   4.74000000E-02   5.14933509E+02   2.69161185E+02   2.69161185E+02   1.68064761E+02   4.42595560E+02   4.42595560E+02
   4.76000000E-02   5.05684012E+02   2.64326376E+02   2.64326376E+02   1.65045896E+02   4.34645434E+02   4.34645434E+02
   4.78000000E-02   4.96541504E+02   2.59547490E+02   2.59547490E+02   1.62061951E+02   4.26787266E+02   4.26787266E+02
   4.80000000E-02   4.87504399E+02   2.54823700E+02   2.54823700E+02   1.59112407E+02   4.19019696E+02   4.19019696E+02
   4.82000000E-02   4.78571145E+02   2.50154194E+02   2.50154194E+02   1.56196759E+02   4.11341387E+02   4.11341387E+02
   4.84000000E-02   4.69740216E+02   2.45538174E+02   2.45538174E+02   1.53314507E+02   4.03751029E+02   4.03751029E+02
   4.86000000E-02   4.61010115E+02   2.40974858E+02   2.40974858E+02   1.50465163E+02   3.96247333E+02   3.96247333E+02
   4.88000000E-02   4.52379371E+02   2.36463477E+02   2.36463477E+02   1.47648248E+02   3.88829038E+02   3.88829038E+02
   4.90000000E-02   4.43846542E+02   2.32003277E+02   2.32003277E+02   1.44863291E+02   3.81494902E+02   3.81494902E+02
   4.92000000E-02   4.35410210E+02   2.27593517E+02   2.27593517E+02   1.42109829E+02   3.74243708E+02   3.74243708E+02
   4.94000000E-02   4.27068985E+02   2.23233471E+02   2.23233471E+02   1.39387407E+02   3.67074260E+02   3.67074260E+02
   4.96000000E-02   4.18821501E+02   2.18922423E+02   2.18922423E+02   1.36695581E+02   3.59985383E+02   3.59985383E+02
   4.98000000E-02   4.10666415E+02   2.14659674E+02   2.14659674E+02   1.34033912E+02   3.52975925E+02   3.52975925E+02
   5.00000000E-02   4.02602410E+02   2.10444533E+02   2.10444533E+02   1.31401970E+02   3.46044753E+02   3.46044753E+02
   5.02000000E-02   3.94628192E+02   2.06276325E+02   2.06276325E+02   1.28799333E+02   3.39190755E+02   3.39190755E+02
   5.04000000E-02   3.86742491E+02   2.02154386E+02   2.02154386E+02   1.26225586E+02   3.32412838E+02   3.32412838E+02
   5.06000000E-02   3.78944056E+02   1.98078062E+02   1.98078062E+02   1.23680322E+02   3.25709929E+02   3.25709929E+02
   5.08000000E-02   3.71231663E+02   1.94046712E+02   1.94046712E+02   1.21163139E+02   3.19080974E+02   3.19080974E+02
   5.10000000E-02   3.63604104E+02   1.90059707E+02   1.90059707E+02   1.18673646E+02   3.12524936E+02   3.12524936E+02
   5.12000000E-02   3.56060198E+02   1.86116427E+02   1.86116427E+02   1.16211454E+02   3.06040799E+02   3.06040799E+02
   5.14000000E-02   3.48598779E+02   1.82216265E+02   1.82216265E+02   1.13776185E+02   2.99627562E+02   2.99627562E+02
   5.16000000E-02   3.41218706E+02   1.78358623E+02   1.78358623E+02   1.11367466E+02   2.93284242E+02   2.93284242E+02
   5.18000000E-02   3.33918854E+02   1.74542913E+02   1.74542913E+02   1.08984930E+02   2.87009875E+02   2.87009875E+02
   5.20000000E-02   3.26698120E+02   1.70768559E+02   1.70768559E+02   1.06628216E+02   2.80803511E+02   2.80803511E+02
   5.22000000E-02   3.19555419E+02   1.67034993E+02   1.67034993E+02   1.04296970E+02   2.74664218E+02   2.74664218E+02
   5.24000000E-02   3.12489684E+02   1.63341659E+02   1.63341659E+02   1.01990845E+02   2.68591078E+02   2.68591078E+02
   5.26000000E-02   3.05499866E+02   1.59688008E+02   1.59688008E+02   9.97094984E+01   2.62583192E+02   2.62583192E+02
   5.28000000E-02   2.98584936E+02   1.56073501E+02   1.56073501E+02   9.74525933E+01   2.56639672E+02   2.56639672E+02
   5.30000000E-02   2.91743881E+02   1.52497609E+02   1.52497609E+02   9.52197995E+01   2.50759650E+02   2.50759650E+02
   5.32000000E-02   2.84975704E+02   1.48959811E+02   1.48959811E+02   9.30107919E+01   2.44942267E+02   2.44942267E+02
   5.34000000E-02   2.78279426E+02   1.45459596E+02   1.45459596E+02   9.08252509E+01   2.39186684E+02   2.39186684E+02
   5.36000000E-02   2.71654085E+02   1.41996460E+02   1.41996460E+02   8.86628623E+01   2.33492072E+02   2.33492072E+02
   5.38000000E-02   2.65098734E+02   1.38569909E+02   1.38569909E+02   8.65233171E+01   2.27857618E+02   2.27857618E+02
   5.40000000E-02   2.58612442E+02   1.35179456E+02   1.35179456E+02   8.44063114E+01   2.22282521E+02   2.22282521E+02
   5.42000000E-02   2.52194293E+02   1.31824621E+02   1.31824621E+02   8.23115465E+01   2.16765995E+02   2.16765995E+02
   5.44000000E-02   2.45843387E+02   1.28504936E+02   1.28504936E+02   8.02387285E+01   2.11307265E+02   2.11307265E+02
   5.46000000E-02   2.39558839E+02   1.25219936E+02   1.25219936E+02   7.81875683E+01   2.05905571E+02   2.05905571E+02
   5.48000000E-02   2.33339777E+02   1.21969167E+02   1.21969167E+02   7.61577817E+01   2.00560165E+02   2.00560165E+02
   5.50000000E-02   2.27185345E+02   1.18752180E+02   1.18752180E+02   7.41490890E+01   1.95270308E+02   1.95270308E+02
   5.52000000E-02   2.21094700E+02   1.15568535E+02   1.15568535E+02   7.21612152E+01   1.90035278E+02   1.90035278E+02
   5.54000000E-02   2.15067012E+02   1.12417799E+02   1.12417799E+02   7.01938896E+01   1.84854361E+02   1.84854361E+02
   5.56000000E-02   2.09101467E+02   1.09299546E+02   1.09299546E+02   6.82468460E+01   1.79726856E+02   1.79726856E+02
   5.58000000E-02   2.03197260E+02   1.06213355E+02   1.06213355E+02   6.63198225E+01   1.74652074E+02   1.74652074E+02
   5.60000000E-02   1.97353604E+02   1.03158814E+02   1.03158814E+02   6.44125612E+01   1.69629335E+02   1.69629335E+02
   5.62000000E-02   1.95003191E+02   1.01930228E+02   1.01930228E+02   6.36454298E+01   1.67609108E+02   1.67609108E+02
   5.64000000E-02   2.19515099E+02   1.14742862E+02   1.14742862E+02   7.16456629E+01   1.88677580E+02   1.88677580E+02
   5.66000000E-02   2.43764879E+02   1.27418478E+02   1.27418478E+02   7.95603418E+01   2.09520746E+02   2.09520746E+02
   5.68000000E-02   2.67755923E+02   1.39958850E+02   1.39958850E+02   8.73905741E+01   2.30141524E+02   2.30141524E+02
   5.70000000E-02   2.91491570E+02   1.52365723E+02   1.52365723E+02   9.51374500E+01   2.50542784E+02   2.50542784E+02
   5.72000000E-02   3.14975109E+02   1.64640817E+02   1.64640817E+02   1.02802042E+02   2.70727350E+02   2.70727350E+02
   5.74000000E-02   3.38209772E+02   1.76785821E+02   1.76785821E+02   1.10385406E+02   2.90698004E+02   2.90698004E+02
   5.76000000E-02   3.61198744E+02   1.88802400E+02   1.88802400E+02   1.17888580E+02   3.10457481E+02   3.10457481E+02
   5.78000000E-02   3.83945157E+02   2.00692190E+02   2.00692190E+02   1.25312588E+02   3.30008475E+02   3.30008475E+02
   5.80000000E-02   4.06452096E+02   2.12456805E+02   2.12456805E+02   1.32658436E+02   3.49353634E+02   3.49353634E+02
   5.82000000E-02   4.28722595E+02   2.24097830E+02   2.24097830E+02   1.39927115E+02   3.68495570E+02   3.68495570E+02
   5.84000000E-02   4.50759644E+02   2.35616828E+02   2.35616828E+02   1.47119599E+02   3.87436850E+02   3.87436850E+02
   5.86000000E-02   4.72566183E+02   2.47015336E+02   2.47015336E+02   1.54236850E+02   4.06180003E+02   4.06180003E+02
   5.88000000E-02   4.94145108E+02   2.58294869E+02   2.58294869E+02   1.61279812E+02   4.24727517E+02   4.24727517E+02
   5.90000000E-02   5.15499272E+02   2.69456916E+02   2.69456916E+02   1.68249415E+02   4.43081844E+02   4.43081844E+02
   5.92000000E-02   5.36631481E+02   2.80502945E+02   2.80502945E+02   1.75146577E+02   4.61245397E+02   4.61245397E+02
   5.94000000E-02   5.57544499E+02   2.91434400E+02   2.91434400E+02   1.81972198E+02   4.79220550E+02   4.79220550E+02
   5.96000000E-02   5.78241048E+02   3.02252705E+02   3.02252705E+02   1.88727169E+02   4.97009644E+02   4.97009644E+02
   5.98000000E-02   5.98723808E+02   3.12959260E+02   3.12959260E+02   1.95412362E+02   5.14614983E+02   5.14614983E+02
   6.00000000E-02   6.18995419E+02   3.23555445E+02   3.23555445E+02   2.02028641E+02   5.32038834E+02   5.32038834E+02
   6.02000000E-02   6.39058480E+02   3.34042619E+02   3.34042619E+02   2.08576852E+02   5.49283433E+02   5.49283433E+02
   6.04000000E-02   6.58915551E+02   3.44422120E+02   3.44422120E+02   2.15057832E+02   5.66350979E+02   5.66350979E+02
   6.06000000E-02   6.78569153E+02   3.54695265E+02   3.54695265E+02   2.21472404E+02   5.83243640E+02   5.83243640E+02
   6.08000000E-02   6.98021769E+02   3.64863353E+02   3.64863353E+02   2.27821378E+02   5.99963549E+02   5.99963549E+02
   6.10000000E-02   7.17275847E+02   3.74927663E+02   3.74927663E+02   2.34105552E+02   6.16512811E+02   6.16512811E+02
   6.12000000E-02   7.36333795E+02   3.84889454E+02   3.84889454E+02   2.40325714E+02   6.32893495E+02   6.32893495E+02
   6.14000000E-02   7.55197988E+02   3.94749967E+02   3.94749967E+02   2.46482637E+02   6.49107643E+02   6.49107643E+02
   6.16000000E-02   7.73870763E+02   4.04510424E+02   4.04510424E+02   2.52577085E+02   6.65157263E+02   6.65157263E+02
   6.18000000E-02   7.92354425E+02   4.14172029E+02   4.14172029E+02   2.58609809E+02   6.81044337E+02   6.81044337E+02
   6.20000000E-02   8.10651243E+02   4.23735969E+02   4.23735969E+02   2.64581552E+02   6.96770815E+02   6.96770815E+02
   6.22000000E-02   8.28763454E+02   4.33203413E+02   4.33203413E+02   2.70493042E+02   7.12338619E+02   7.12338619E+02
   6.24000000E-02   8.46693260E+02   4.42575512E+02   4.42575512E+02   2.76344999E+02   7.27749643E+02   7.27749643E+02
   6.26000000E-02   8.64442835E+02   4.51853402E+02   4.51853402E+02   2.82138131E+02   7.43005754E+02   7.43005754E+02
   6.28000000E-02   8.82014316E+02   4.61038201E+02   4.61038201E+02   2.87873137E+02   7.58108790E+02   7.58108790E+02
   6.30000000E-02   8.99409812E+02   4.70131011E+02   4.70131011E+02   2.93550705E+02   7.73060565E+02   7.73060565E+02
   6.32000000E-02   9.16631402E+02   4.79132918E+02   4.79132918E+02   2.99171513E+02   7.87862862E+02   7.87862862E+02
   6.34000000E-02   9.33681132E+02   4.88044992E+02   4.88044992E+02   3.04736229E+02   8.02517444E+02   8.02517444E+02
   6.36000000E-02   9.50561022E+02   4.96868289E+02   4.96868289E+02   3.10245513E+02   8.17026043E+02   8.17026043E+02
   6.38000000E-02   9.67273060E+02   5.05603848E+02   5.05603848E+02   3.15700012E+02   8.31390371E+02   8.31390371E+02
   6.40000000E-02   9.83819207E+02   5.14252693E+02   5.14252693E+02   3.21100368E+02   8.45612113E+02   8.45612113E+02
   6.42000000E-02   1.00020139E+03   5.22815836E+02   5.22815836E+02   3.26447211E+02   8.59692928E+02   8.59692928E+02
   6.44000000E-02   1.01642153E+03   5.31294272E+02   5.31294272E+02   3.31741163E+02   8.73634456E+02   8.73634456E+02
   6.46000000E-02   1.03248149E+03   5.39688983E+02   5.39688983E+02   3.36982836E+02   8.87438309E+02   8.87438309E+02
   6.48000000E-02   1.04838312E+03   5.48000935E+02   5.48000935E+02   3.42172835E+02   9.01106080E+02   9.01106080E+02
   6.50000000E-02   1.06412826E+03   5.56231084E+02   5.56231084E+02   3.47311756E+02   9.14639337E+02   9.14639337E+02
   6.52000000E-02   1.07971870E+03   5.64380370E+02   5.64380370E+02   3.52400186E+02   9.28039626E+02   9.28039626E+02
   6.54000000E-02   1.09515621E+03   5.72449720E+02   5.72449720E+02   3.57438703E+02   9.41308472E+02   9.41308472E+02
   6.56000000E-02   1.11044254E+03   5.80440049E+02   5.80440049E+02   3.62427880E+02   9.54447380E+02   9.54447380E+02
   6.58000000E-02   1.12557943E+03   5.88352257E+02   5.88352257E+02   3.67368278E+02   9.67457831E+02   9.67457831E+02
   6.60000000E-02   1.14056856E+03   5.96187235E+02   5.96187235E+02   3.72260453E+02   9.80341287E+02   9.80341287E+02
   6.62000000E-02   1.15541162E+03   6.03945858E+02   6.03945858E+02   3.77104953E+02   9.93099190E+02   9.93099190E+02
   6.64000000E-02   1.17011025E+03   6.11628992E+02   6.11628992E+02   3.81902316E+02   1.00573296E+03   1.00573296E+03
   6.66000000E-02   1.18466610E+03   6.19237488E+02   6.19237488E+02   3.86653075E+02   1.01824400E+03   1.01824400E+03
   6.68000000E-02   1.19908077E+03   6.26772188E+02   6.26772188E+02   3.91357756E+02   1.03063370E+03   1.03063370E+03
   6.70000000E-02   1.21335585E+03   6.34233920E+02   6.34233920E+02   3.96016876E+02   1.04290340E+03   1.04290340E+03
   6.72000000E-02   1.22749289E+03   6.41623502E+02   6.41623502E+02   4.00630946E+02   1.05505447E+03   1.05505447E+03
   6.74000000E-02   1.24149345E+03   6.48941742E+02   6.48941742E+02   4.05200468E+02   1.06708823E+03   1.06708823E+03
   6.76000000E-02   1.25535904E+03   6.56189434E+02   6.56189434E+02   4.09725941E+02   1.07900598E+03   1.07900598E+03
   6.78000000E-02   1.26909117E+03   6.63367364E+02   6.63367364E+02   4.14207854E+02   1.09080902E+03   1.09080902E+03
   6.80000000E-02   1.28269132E+03   6.70476305E+02   6.70476305E+02   4.18646691E+02   1.10249862E+03   1.10249862E+03
   6.82000000E-02   1.29616095E+03   6.77517022E+02   6.77517022E+02   4.23042928E+02   1.11407603E+03   1.11407603E+03
   6.84000000E-02   1.30950150E+03   6.84490267E+02   6.84490267E+02   4.27397036E+02   1.12554250E+03   1.12554250E+03
   6.86000000E-02   1.32271439E+03   6.91396785E+02   6.91396785E+02   4.31709479E+02   1.13689924E+03   1.13689924E+03
   6.88000000E-02   1.33580102E+03   6.98237307E+02   6.98237307E+02   4.35980714E+02   1.14814746E+03   1.14814746E+03
   6.90000000E-02   1.34876279E+03   7.05012558E+02   7.05012558E+02   4.40211194E+02   1.15928836E+03   1.15928836E+03
   6.92000000E-02   1.36160105E+03   7.11723252E+02   7.11723252E+02   4.44401364E+02   1.17032309E+03   1.17032309E+03
   6.94000000E-02   1.37431715E+03   7.18370093E+02   7.18370093E+02   4.48551664E+02   1.18125283E+03   1.18125283E+03
   6.96000000E-02   1.38691242E+03   7.24953775E+02   7.24953775E+02   4.52662528E+02   1.19207872E+03   1.19207872E+03
   6.98000000E-02   1.39938818E+03   7.31474984E+02   7.31474984E+02   4.56734383E+02   1.20280188E+03   1.20280188E+03
   7.00000000E-02   1.41174571E+03   7.37934398E+02   7.37934398E+02   4.60767654E+02   1.21342343E+03   1.21342343E+03
   7.02000000E-02   1.42398630E+03   7.44332683E+02   7.44332683E+02   4.64762755E+02   1.22394446E+03   1.22394446E+03
   7.04000000E-02   1.43611121E+03   7.50670500E+02   7.50670500E+02   4.68720100E+02   1.23436605E+03   1.23436605E+03
   7.06000000E-02   1.44812167E+03   7.56948497E+02   7.56948497E+02   4.72640094E+02   1.24468929E+03   1.24468929E+03
   7.08000000E-02   1.46001893E+03   7.63167317E+02   7.63167317E+02   4.76523137E+02   1.25491521E+03   1.25491521E+03
   7.10000000E-02   1.47180418E+03   7.69327594E+02   7.69327594E+02   4.80369626E+02   1.26504487E+03   1.26504487E+03
   7.12000000E-02   1.48347863E+03   7.75429953E+02   7.75429953E+02   4.84179950E+02   1.27507929E+03   1.27507929E+03
   7.14000000E-02   1.49504346E+03   7.81475010E+02   7.81475010E+02   4.87954496E+02   1.28501949E+03   1.28501949E+03
   7.16000000E-02   1.50649983E+03   7.87463376E+02   7.87463376E+02   4.91693642E+02   1.29486647E+03   1.29486647E+03
   7.18000000E-02   1.51784889E+03   7.93395650E+02   7.93395650E+02   4.95397766E+02   1.30462121E+03   1.30462121E+03
   7.20000000E-02   1.52909178E+03   7.99272427E+02   7.99272427E+02   4.99067237E+02   1.31428470E+03   1.31428470E+03
   7.22000000E-02   1.54022962E+03   8.05094293E+02   8.05094293E+02   5.02702421E+02   1.32385789E+03   1.32385789E+03
   7.24000000E-02   1.55126351E+03   8.10861826E+02   8.10861826E+02   5.06303680E+02   1.33334174E+03   1.33334174E+03
   7.26000000E-02   1.56219455E+03   8.16575597E+02   8.16575597E+02   5.09871369E+02   1.34273719E+03   1.34273719E+03
   7.28000000E-02   1.57302382E+03   8.22236169E+02   8.22236169E+02   5.13405841E+02   1.35204516E+03   1.35204516E+03
   7.30000000E-02   1.58375238E+03   8.27844100E+02   8.27844100E+02   5.16907444E+02   1.36126657E+03   1.36126657E+03
   7.32000000E-02   1.59438128E+03   8.33399939E+02   8.33399939E+02   5.20376520E+02   1.37040232E+03   1.37040232E+03
   7.34000000E-02   1.60491156E+03   8.38904228E+02   8.38904228E+02   5.23813409E+02   1.37945330E+03   1.37945330E+03
   7.36000000E-02   1.61534424E+03   8.44357503E+02   8.44357503E+02   5.27218444E+02   1.38842040E+03   1.38842040E+03
   7.38000000E-02   1.62568035E+03   8.49760293E+02   8.49760293E+02   5.30591957E+02   1.39730449E+03   1.39730449E+03
   7.40000000E-02   1.63592087E+03   8.55113120E+02   8.55113120E+02   5.33934272E+02   1.40610642E+03   1.40610642E+03
   7.42000000E-02   1.64606679E+03   8.60416500E+02   8.60416500E+02   5.37245713E+02   1.41482704E+03   1.41482704E+03
   7.44000000E-02   1.65611909E+03   8.65670943E+02   8.65670943E+02   5.40526597E+02   1.42346719E+03   1.42346719E+03
   7.46000000E-02   1.66607872E+03   8.70876951E+02   8.70876951E+02   5.43777239E+02   1.43202769E+03   1.43202769E+03
   7.48000000E-02   1.67594665E+03   8.76035021E+02   8.76035021E+02   5.46997947E+02   1.44050937E+03   1.44050937E+03
   7.50000000E-02   1.68572381E+03   8.81145643E+02   8.81145643E+02   5.50189030E+02   1.44891303E+03   1.44891303E+03
   7.52000000E-02   1.69541112E+03   8.86209303E+02   8.86209303E+02   5.53350789E+02   1.45723947E+03   1.45723947E+03
   7.54000000E-02   1.70500950E+03   8.91226479E+02   8.91226479E+02   5.56483523E+02   1.46548947E+03   1.46548947E+03
   7.56000000E-02   1.71451986E+03   8.96197642E+02   8.96197642E+02   5.59587527E+02   1.47366381E+03   1.47366381E+03
   7.58000000E-02   1.72394308E+03   9.01123261E+02   9.01123261E+02   5.62663093E+02   1.48176325E+03   1.48176325E+03
   7.60000000E-02   1.73328005E+03   9.06003795E+02   9.06003795E+02   5.65710508E+02   1.48978857E+03   1.48978857E+03
   7.62000000E-02   1.74253165E+03   9.10839701E+02   9.10839701E+02   5.68730057E+02   1.49774050E+03   1.49774050E+03
   7.64000000E-02   1.75169872E+03   9.15631429E+02   9.15631429E+02   5.71722021E+02   1.50561978E+03   1.50561978E+03
   7.66000000E-02   1.76078213E+03   9.20379422E+02   9.20379422E+02   5.74686677E+02   1.51342715E+03   1.51342715E+03
   7.68000000E-02   1.76978271E+03   9.25084120E+02   9.25084120E+02   5.77624299E+02   1.52116333E+03   1.52116333E+03
   7.70000000E-02   1.77870129E+03   9.29745957E+02   9.29745957E+02   5.80535159E+02   1.52882902E+03   1.52882902E+03
   7.72000000E-02   1.78753869E+03   9.34365360E+02   9.34365360E+02   5.83419523E+02   1.53642494E+03   1.53642494E+03
   7.74000000E-02   1.79629573E+03   9.38942754E+02   9.38942754E+02   5.86277656E+02   1.54395179E+03   1.54395179E+03
   7.76000000E-02   1.80497319E+03   9.43478556E+02   9.43478556E+02   5.89109820E+02   1.55141024E+03   1.55141024E+03
   7.78000000E-02   1.81357187E+03   9.47973179E+02   9.47973179E+02   5.91916271E+02   1.55880098E+03   1.55880098E+03
   7.80000000E-02   1.82209256E+03   9.52427032E+02   9.52427032E+02   5.94697266E+02   1.56612468E+03   1.56612468E+03
   7.82000000E-02   1.83053602E+03   9.56840519E+02   9.56840519E+02   5.97453055E+02   1.57338200E+03   1.57338200E+03
   7.84000000E-02   1.83890302E+03   9.61214037E+02   9.61214037E+02   6.00183889E+02   1.58057360E+03   1.58057360E+03
   7.86000000E-02   1.84719431E+03   9.65547980E+02   9.65547980E+02   6.02890011E+02   1.58770013E+03   1.58770013E+03
   7.88000000E-02   1.85541063E+03   9.69842738E+02   9.69842738E+02   6.05571666E+02   1.59476222E+03   1.59476222E+03
   7.90000000E-02   1.86355272E+03   9.74098696E+02   9.74098696E+02   6.08229094E+02   1.60176051E+03   1.60176051E+03
   7.92000000E-02   1.87162131E+03   9.78316232E+02   9.78316232E+02   6.10862532E+02   1.60869562E+03   1.60869562E+03
   7.94000000E-02   1.87961711E+03   9.82495723E+02   9.82495723E+02   6.13472214E+02   1.61556817E+03   1.61556817E+03
   7.96000000E-02   1.88754084E+03   9.86637539E+02   9.86637539E+02   6.16058372E+02   1.62237877E+03   1.62237877E+03
   7.98000000E-02   1.89539320E+03   9.90742048E+02   9.90742048E+02   6.18621235E+02   1.62912803E+03   1.62912803E+03
   8.00000000E-02   1.90317487E+03   9.94809611E+02   9.94809611E+02   6.21161030E+02   1.63581653E+03   1.63581653E+03
   8.02000000E-02   1.91088655E+03   9.98840588E+02   9.98840588E+02   6.23677979E+02   1.64244487E+03   1.64244487E+03
   8.04000000E-02   1.91852891E+03   1.00283533E+03   1.00283533E+03   6.26172305E+02   1.64901364E+03   1.64901364E+03
   8.06000000E-02   1.92610263E+03   1.00679419E+03   1.00679419E+03   6.28644225E+02   1.65552339E+03   1.65552339E+03
   8.08000000E-02   1.93360836E+03   1.01071752E+03   1.01071752E+03   6.31093956E+02   1.66197472E+03   1.66197472E+03
   8.10000000E-02   1.94104675E+03   1.01460564E+03   1.01460564E+03   6.33521710E+02   1.66836816E+03   1.66836816E+03
   8.12000000E-02   1.94841846E+03   1.01845891E+03   1.01845891E+03   6.35927700E+02   1.67470430E+03   1.67470430E+03
   8.14000000E-02   1.95572412E+03   1.02227766E+03   1.02227766E+03   6.38312133E+02   1.68098366E+03   1.68098366E+03
   8.16000000E-02   1.96296437E+03   1.02606222E+03   1.02606222E+03   6.40675216E+02   1.68720679E+03   1.68720679E+03
   8.18000000E-02   1.97013983E+03   1.02981290E+03   1.02981290E+03   6.43017152E+02   1.69337424E+03   1.69337424E+03
   8.20000000E-02   1.97725111E+03   1.03353005E+03   1.03353005E+03   6.45338143E+02   1.69948653E+03   1.69948653E+03
   8.22000000E-02   1.98429883E+03   1.03721396E+03   1.03721396E+03   6.47638388E+02   1.70554418E+03   1.70554418E+03
   8.24000000E-02   1.99128359E+03   1.04086497E+03   1.04086497E+03   6.49918085E+02   1.71154772E+03   1.71154772E+03
   8.26000000E-02   1.98084945E+03   1.03541093E+03   1.03541093E+03   6.46512572E+02   1.70257937E+03   1.70257937E+03
   8.28000000E-02   1.96355574E+03   1.02637133E+03   1.02637133E+03   6.40868226E+02   1.68771508E+03   1.68771508E+03
   8.30000000E-02   1.94637547E+03   1.01739102E+03   1.01739102E+03   6.35260907E+02   1.67294831E+03   1.67294831E+03
   8.32000000E-02   1.92930770E+03   1.00846952E+03   1.00846952E+03   6.29690302E+02   1.65827822E+03   1.65827822E+03
   8.34000000E-02   1.91235146E+03   9.99606312E+02   9.99606312E+02   6.24156099E+02   1.64370399E+03   1.64370399E+03
   8.36000000E-02   1.89550581E+03   9.90800914E+02   9.90800914E+02   6.18657991E+02   1.62922482E+03   1.62922482E+03
   8.38000000E-02   1.87876982E+03   9.82052836E+02   9.82052836E+02   6.13195674E+02   1.61483991E+03   1.61483991E+03
   8.40000000E-02   1.86214257E+03   9.73361595E+02   9.73361595E+02   6.07768847E+02   1.60054846E+03   1.60054846E+03
   8.42000000E-02   1.84562314E+03   9.64726716E+02   9.64726716E+02   6.02377212E+02   1.58634968E+03   1.58634968E+03
   8.44000000E-02   1.82921064E+03   9.56147725E+02   9.56147725E+02   5.97020474E+02   1.57224281E+03   1.57224281E+03
   8.46000000E-02   1.81290416E+03   9.47624157E+02   9.47624157E+02   5.91698341E+02   1.55822707E+03   1.55822707E+03
   8.48000000E-02   1.79670282E+03   9.39155548E+02   9.39155548E+02   5.86410526E+02   1.54430170E+03   1.54430170E+03
   8.50000000E-02   1.78060576E+03   9.30741441E+02   9.30741441E+02   5.81156741E+02   1.53046595E+03   1.53046595E+03
   8.52000000E-02   1.76461209E+03   9.22381385E+02   9.22381385E+02   5.75936706E+02   1.51671908E+03   1.51671908E+03
   8.54000000E-02   1.74872098E+03   9.14074930E+02   9.14074930E+02   5.70750140E+02   1.50306035E+03   1.50306035E+03
   8.56000000E-02   1.73293156E+03   9.05821635E+02   9.05821635E+02   5.65596766E+02   1.48948903E+03   1.48948903E+03
   8.58000000E-02   1.71724300E+03   8.97621060E+02   8.97621060E+02   5.60476312E+02   1.47600441E+03   1.47600441E+03
   8.60000000E-02   1.70165447E+03   8.89472771E+02   8.89472771E+02   5.55388505E+02   1.46260576E+03   1.46260576E+03
   8.62000000E-02   1.68616515E+03   8.81376339E+02   8.81376339E+02   5.50333077E+02   1.44929238E+03   1.44929238E+03
   8.64000000E-02   1.67077423E+03   8.73331340E+02   8.73331340E+02   5.45309764E+02   1.43606357E+03   1.43606357E+03
   8.66000000E-02   1.65548089E+03   8.65337351E+02   8.65337351E+02   5.40318302E+02   1.42291864E+03   1.42291864E+03
   8.68000000E-02   1.64028435E+03   8.57393957E+02   8.57393957E+02   5.35358432E+02   1.40985691E+03   1.40985691E+03
   8.70000000E-02   1.62518381E+03   8.49500746E+02   8.49500746E+02   5.30429895E+02   1.39687770E+03   1.39687770E+03
   8.72000000E-02   1.61017849E+03   8.41657310E+02   8.41657310E+02   5.25532439E+02   1.38398034E+03   1.38398034E+03
   8.74000000E-02   1.59526763E+03   8.33863244E+02   8.33863244E+02   5.20665809E+02   1.37116416E+03   1.37116416E+03
   8.76000000E-02   1.58045046E+03   8.26118151E+02   8.26118151E+02   5.15829758E+02   1.35842850E+03   1.35842850E+03
   8.78000000E-02   1.56572621E+03   8.18421633E+02   8.18421633E+02   5.11024038E+02   1.34577272E+03   1.34577272E+03
   8.80000000E-02   1.55109415E+03   8.10773299E+02   8.10773299E+02   5.06248403E+02   1.33319617E+03   1.33319617E+03
   8.82000000E-02   1.53655353E+03   8.03172763E+02   8.03172763E+02   5.01502614E+02   1.32069822E+03   1.32069822E+03
   8.84000000E-02   1.52210361E+03   7.95619639E+02   7.95619639E+02   4.96786429E+02   1.30827823E+03   1.30827823E+03
   8.86000000E-02   1.50774368E+03   7.88113549E+02   7.88113549E+02   4.92099612E+02   1.29593558E+03   1.29593558E+03
   8.88000000E-02   1.49347300E+03   7.80654116E+02   7.80654116E+02   4.87441928E+02   1.28366965E+03   1.28366965E+03
   8.90000000E-02   1.47929087E+03   7.73240968E+02   7.73240968E+02   4.82813144E+02   1.27147983E+03   1.27147983E+03
   8.92000000E-02   1.46519659E+03   7.65873737E+02   7.65873737E+02   4.78213031E+02   1.25936552E+03   1.25936552E+03
   8.94000000E-02   1.45118945E+03   7.58552058E+02   7.58552058E+02   4.73641360E+02   1.24732610E+03   1.24732610E+03
   8.96000000E-02   1.43726877E+03   7.51275569E+02   7.51275569E+02   4.69097907E+02   1.23536100E+03   1.23536100E+03
   8.98000000E-02   1.42343385E+03   7.44043914E+02   7.44043914E+02   4.64582447E+02   1.22346962E+03   1.22346962E+03
   9.00000000E-02   1.40968403E+03   7.36856737E+02   7.36856737E+02   4.60094760E+02   1.21165137E+03   1.21165137E+03
   9.02000000E-02   1.39601863E+03   7.29713689E+02   7.29713689E+02   4.55634627E+02   1.19990569E+03   1.19990569E+03
   9.04000000E-02   1.38243699E+03   7.22614422E+02   7.22614422E+02   4.51201832E+02   1.18823200E+03   1.18823200E+03
   9.06000000E-02   1.36893846E+03   7.15558594E+02   7.15558594E+02   4.46796159E+02   1.17662974E+03   1.17662974E+03
   9.08000000E-02   1.35552237E+03   7.08545863E+02   7.08545863E+02   4.42417396E+02   1.16509835E+03   1.16509835E+03
   9.10000000E-02   1.34218808E+03   7.01575892E+02   7.01575892E+02   4.38065333E+02   1.15363727E+03   1.15363727E+03
   9.12000000E-02   1.32893497E+03   6.94648348E+02   6.94648348E+02   4.33739761E+02   1.14224595E+03   1.14224595E+03
   9.14000000E-02   1.31576239E+03   6.87762902E+02   6.87762902E+02   4.29440475E+02   1.13092386E+03   1.13092386E+03
   9.16000000E-02   1.30266972E+03   6.80919224E+02   6.80919224E+02   4.25167270E+02   1.11967045E+03   1.11967045E+03
   9.18000000E-02   1.28965634E+03   6.74116993E+02   6.74116993E+02   4.20919943E+02   1.10848519E+03   1.10848519E+03
   9.20000000E-02   1.27672163E+03   6.67355886E+02   6.67355886E+02   4.16698295E+02   1.09736755E+03   1.09736755E+03
   9.22000000E-02   1.26386500E+03   6.60635587E+02   6.60635587E+02   4.12502128E+02   1.08631702E+03   1.08631702E+03
   9.24000000E-02   1.25108583E+03   6.53955779E+02   6.53955779E+02   4.08331243E+02   1.07533307E+03   1.07533307E+03
   9.26000000E-02   1.23838353E+03   6.47316153E+02   6.47316153E+02   4.04185448E+02   1.06441519E+03   1.06441519E+03
   9.28000000E-02   1.22575751E+03   6.40716400E+02   6.40716400E+02   4.00064549E+02   1.05356288E+03   1.05356288E+03
   9.30000000E-02   1.21320719E+03   6.34156213E+02   6.34156213E+02   3.95968356E+02   1.04277563E+03   1.04277563E+03
   9.32000000E-02   1.20073198E+03   6.27635291E+02   6.27635291E+02   3.91896679E+02   1.03205294E+03   1.03205294E+03
   9.34000000E-02   1.18833131E+03   6.21153332E+02   6.21153332E+02   3.87849332E+02   1.02139432E+03   1.02139432E+03
   9.36000000E-02   1.17600462E+03   6.14710042E+02   6.14710042E+02   3.83826129E+02   1.01079929E+03   1.01079929E+03
   9.38000000E-02   1.16375135E+03   6.08305125E+02   6.08305125E+02   3.79826887E+02   1.00026736E+03   1.00026736E+03
   9.40000000E-02   1.15157093E+03   6.01938290E+02   6.01938290E+02   3.75851423E+02   9.89798042E+02   9.89798042E+02
   9.42000000E-02   1.13946281E+03   5.95609249E+02   5.95609249E+02   3.71899557E+02   9.79390875E+02   9.79390875E+02
   9.44000000E-02   1.12742645E+03   5.89317716E+02   5.89317716E+02   3.67971112E+02   9.69045384E+02   9.69045384E+02
   9.46000000E-02   1.11546130E+03   5.83063407E+02   5.83063407E+02   3.64065910E+02   9.58761104E+02   9.58761104E+02
   9.48000000E-02   1.10356684E+03   5.76846044E+02   5.76846044E+02   3.60183776E+02   9.48537573E+02   9.48537573E+02
   9.50000000E-02   1.09174252E+03   5.70665347E+02   5.70665347E+02   3.56324537E+02   9.38374336E+02   9.38374336E+02
   9.52000000E-02   1.07998782E+03   5.64521042E+02   5.64521042E+02   3.52488022E+02   9.28270940E+02   9.28270940E+02
   9.54000000E-02   1.06830222E+03   5.58412856E+02   5.58412856E+02   3.48674059E+02   9.18226936E+02   9.18226936E+02
   9.56000000E-02   1.05668520E+03   5.52340519E+02   5.52340519E+02   3.44882480E+02   9.08241881E+02   9.08241881E+02
   9.58000000E-02   1.04513626E+03   5.46303765E+02   5.46303765E+02   3.41113119E+02   8.98315335E+02   8.98315335E+02
   9.60000000E-02   1.03365488E+03   5.40302326E+02   5.40302326E+02   3.37365809E+02   8.88446862E+02   8.88446862E+02
   9.62000000E-02   1.02224056E+03   5.34335943E+02   5.34335943E+02   3.33640388E+02   8.78636031E+02   8.78636031E+02
   9.64000000E-02   1.01089281E+03   5.28404353E+02   5.28404353E+02   3.29936692E+02   8.68882413E+02   8.68882413E+02
   9.66000000E-02   9.99611133E+02   5.22507300E+02   5.22507300E+02   3.26254561E+02   8.59185587E+02   8.59185587E+02
   9.68000000E-02   9.88395038E+02   5.16644529E+02   5.16644529E+02   3.22593835E+02   8.49545130E+02   8.49545130E+02
   9.70000000E-02   9.77244043E+02   5.10815786E+02   5.10815786E+02   3.18954356E+02   8.39960629E+02   8.39960629E+02
   9.72000000E-02   9.66157668E+02   5.05020821E+02   5.05020821E+02   3.15335969E+02   8.30431670E+02   8.30431670E+02
   9.74000000E-02   9.55135440E+02   4.99259385E+02   4.99259385E+02   3.11738518E+02   8.20957846E+02   8.20957846E+02
   9.76000000E-02   9.44176886E+02   4.93531234E+02   4.93531234E+02   3.08161849E+02   8.11538752E+02   8.11538752E+02
   9.78000000E-02   9.33281542E+02   4.87836122E+02   4.87836122E+02   3.04605810E+02   8.02173988E+02   8.02173988E+02
   9.80000000E-02   9.22448944E+02   4.82173809E+02   4.82173809E+02   3.01070251E+02   7.92863155E+02   7.92863155E+02
   9.82000000E-02   9.11678636E+02   4.76544055E+02   4.76544055E+02   2.97555022E+02   7.83605862E+02   7.83605862E+02
   9.84000000E-02   9.00970164E+02   4.70946623E+02   4.70946623E+02   2.94059975E+02   7.74401718E+02   7.74401718E+02
   9.86000000E-02   8.90323078E+02   4.65381279E+02   4.65381279E+02   2.90584963E+02   7.65250336E+02   7.65250336E+02
   9.88000000E-02   8.79736933E+02   4.59847789E+02   4.59847789E+02   2.87129842E+02   7.56151334E+02   7.56151334E+02
   9.90000000E-02   8.69211287E+02   4.54345923E+02   4.54345923E+02   2.83694466E+02   7.47104333E+02   7.47104333E+02
   9.92000000E-02   8.58745703E+02   4.48875452E+02   4.48875452E+02   2.80278693E+02   7.38108957E+02   7.38108957E+02
   9.94000000E-02   8.48339749E+02   4.43436149E+02   4.43436149E+02   2.76882382E+02   7.29164833E+02   7.29164833E+02
   9.96000000E-02   8.37992994E+02   4.38027791E+02   4.38027791E+02   2.73505393E+02   7.20271592E+02   7.20271592E+02
   9.98000000E-02   8.27705012E+02   4.32650155E+02   4.32650155E+02   2.70147586E+02   7.11428868E+02   7.11428868E+02
   1.00000000E-01   8.17475383E+02   4.27303019E+02   4.27303019E+02   2.66808825E+02   7.02636298E+02   7.02636298E+02