channel                 nue_Ar40             nuebar_Ar40                      nc                       e
E                                                                                                       
0.000749                       0                       0                       0                       0
0.001246                       0                       0                       0                       0
0.001744                       0                       0                       0                       0
0.002241                       0                       0                       0                       0
0.002739                       0                       0                       0                       0
0.003236                       0                       0                       0                       0
0.003734                       0                       0                       0                       0
0.004231                       0                       0                       0                       0
0.004729                       0                       0                       0                       0
0.005226                 8.31052               0.0886581                 81.8864               31.697334
0.005724                 10.4425                0.147765                132.4693               29.971944
0.006221                  12.875                0.230688                195.0824               28.348344
0.006719                 15.6087                0.338467                261.9311               26.817552
0.007216                 18.6399                0.469231                 321.546              25.3730934
0.007714                 21.9617                0.618939                362.4461              24.0101676
0.008211                 25.5628                0.782909                377.5851                22.72482
0.008709                 29.4267                0.957352                367.1879              21.5130402
0.009206                 33.5299                 1.14019                338.3856              20.3706018
0.009704                  37.843                   1.331                301.9274              19.2932316
0.010200                 42.3314                 1.53037                267.8788              18.2768922
0.010700                 46.9578                 1.73916                242.4479               17.317629
0.011200                 51.6838                 1.95805                 227.055               16.411941
0.011690                 56.4714                 2.18734                 219.402              15.5564712
0.012190                 61.2837                 2.42695                215.4709              14.7481794
0.012690                 66.0851                 2.67642                 211.389              13.9843116
0.013190                 70.8409                 2.93504                 204.568              13.2622938
0.013680                 75.5179                 3.20184                194.0409              12.5796978
0.014180                  80.084                 3.47564                180.2312              11.9342682
0.014680                 84.5092                 3.75508                164.4481              11.3238936
0.015180                 88.7662                 4.03872                148.3423              10.7465508
0.015670                 92.8315                 4.32504                 133.462               10.200393
0.016170                  96.686                 4.61255                120.9597                9.683595
0.016670                 100.316                  4.8998                111.4653                9.194517
0.017170                 103.712                 5.18543                 105.092               8.7315876
0.017660                  106.87                  5.4682                101.5328               8.2933164
0.018160                  109.79                 5.74697                100.2046               7.8783354
0.018660                 112.475                 6.02073                 100.396               7.4853396
0.019160                 114.929                 6.28861                101.3898               7.1130942
0.019650                 117.161                 6.54982                 102.549               6.7604418
0.020150                 119.176                 6.80372                103.3659               6.4263204
0.020650                 120.985                 7.04975                103.4787               6.1096698
0.021150                 122.594                 7.28746                 102.667                5.809536
0.021640                 124.012                 7.51648                100.8352                5.524992
0.022140                 125.247                 7.73653                 97.9892                 5.25519
0.022640                 126.306                 7.94743                 94.2121               4.9993092
0.023140                 127.196                 8.14902                 89.6416               4.7565756
0.023630                 127.924                 8.34124                 84.4492               4.5262854
0.024130                 128.497                 8.52407                 78.8215               4.3077708
0.024630                 128.921                 8.69752                 72.9447               4.1003676
0.025130                 129.204                 8.86165                  66.993               3.9035106
0.025620                 129.351                 9.01653                61.12015               3.7166256
0.026120                 129.369                 9.16226                55.45175               3.5392086
0.026620                 129.265                 9.29894                50.08384               3.3707286
0.027120                 129.044                  9.4267                45.08339               3.2107644
0.027610                 128.713                 9.54567                40.48929                3.058848
0.028110                 128.279                 9.65595                36.31648               2.9145726
0.028610                 127.747                 9.75769                32.56025               2.7775512
0.029110                 127.124                   9.851                29.20118               2.6474058
0.029600                 126.417                   9.936                26.20985              2.52378792
0.030100                 125.631                 10.0128                23.55094              2.40636222
0.030600                 124.772                 10.0815                21.18695              2.29481046
0.031100                 123.846                 10.1423                19.08073              2.18883132
0.031590                 122.859                 10.1951                17.19758              2.08814346
0.032090                 121.817                 10.2403                15.50625              1.99246572
0.032590                 120.725                 10.2777                13.97961              1.90154574
0.033090                 119.588                 10.3077                12.59488              1.81513548
0.033580                 118.411                 10.3302                11.33327              1.73300472
0.034080                   117.2                 10.3454                10.17963              1.65492666
0.034580                 115.958                 10.3535                 9.12194              1.58069574
0.035080                 114.691                 10.3546                 8.15077              1.51010784
0.035570                 113.402                 10.3489                 7.25874               1.4429754
0.036070                 112.095                 10.3366                6.439972              1.37911842
0.036570                 110.774                 10.3177                5.689813              1.31836536
0.037070                 109.441                 10.2927                5.004334               1.2605553
0.037560                   108.1                 10.2616                4.380166              1.20553506
0.038060                 106.753                 10.2248                  3.8142              1.15315974
0.038560                 105.402                 10.1824                3.303483              1.10329092
0.039060                  104.05                 10.1349                 2.84508              1.05579774
0.039550                 102.698                 10.0823                2.436012              1.01056068
0.040050                 101.348                 10.0252                2.073215               0.9674622
0.040550                 100.001                 9.96368                1.753353              0.92638962
0.041050                 98.6586                 9.89817                1.473665              0.88724286
0.041540                 97.3209                 9.82899                1.230608              0.84992058
0.042040                 95.9892                 9.75646                1.020878              0.81433026
0.042540                 94.6642                 9.68092                0.841235              0.78038694
0.043040                 93.3464                  9.6027                0.688519              0.74800602
0.043530                 92.0365                 9.52215               0.5596745              0.71710794
0.044030                 90.7349                 9.43959               0.4518036               0.6876207
0.044530                 89.4422                 9.35534                0.362188              0.65947482
0.045030                 88.1587                 9.26971               0.2883161               0.6326028
0.045520                  86.885                 9.18301               0.2278954               0.6069411
0.046020                 85.6215                 9.09552               0.1788632              0.58243356
0.046520                 84.3688                 9.00752               0.1393838              0.55902186
0.047020                 83.1274                 8.91925               0.1078446              0.53665398
0.047510                 81.8978                 8.83095                0.082846              0.51528186
0.048010                 80.6807                 8.74285              0.06313642              0.49485474
0.048510                 79.4766                 8.65514              0.04781178              0.47532834
0.049010                 78.2863                   8.568              0.03595034              0.45666126
0.049500                 77.1103                 8.48159              0.02683626              0.43881174
0.050000                 75.9495                 8.39604              0.01988798              0.42174396
0.050500                 74.8045                 8.31146              0.01463218               0.4054176
0.051000                 73.6761                 8.22796              0.01068756              0.38980098
0.051490                 72.5648                 8.14561              0.00774993               0.3748608
0.051990                 71.4715                 8.06447             0.005579115              0.36056466
0.052490                 70.3968                 7.98457             0.003987352              0.34688484
0.052990                 69.3412                 7.90594             0.002829134              0.33378822
0.053480                 68.3055                 7.82859              0.00199284              0.32125374
0.053980                 67.2901                  7.7525             0.001393611              0.30925116
0.054480                 66.2955                 7.67766             0.000967524              0.29775744
0.054980                 65.3222                 7.60403            0.0006668546              0.28674972
0.055470                 64.3705                 7.53155             0.000456299              0.27620478
0.055970                 63.4407                 7.46019            0.0003099694               0.2661012
0.056470                  62.533                 7.38988            0.0002090444              0.25641936
0.056970                 61.6475                 7.32054            0.0001399613              0.24713901
0.057460                 60.7843                 7.25211             9.30309e-05             0.238242294
0.057960                 59.9434                 7.18449            6.138988e-05             0.229710582
0.058460                 59.1246                 7.11762            1.711993e-05             0.221527926
0.058960                 58.3278                  7.0514                       0              0.21367719
0.059450                 57.5528                 6.98575                       0             0.206144064
0.059950                 56.7991                 6.92058                       0             0.198912744
0.060450                 56.0664                 6.85582                       0             0.191969784
0.060950                 55.3542                 6.79138                       0             0.185301684
0.061440                  54.662                 6.72717                       0             0.178895736
0.061940                 53.9893                 6.66313                       0             0.172739718
0.062440                 53.3353                 6.59917                       0             0.166821948
0.062940                 52.6995                 6.53524                       0             0.161131428
0.063430                 52.0811                 6.47127                       0             0.155657718
0.063930                 51.4794                 6.40719                       0             0.150390864
0.064430                 50.8935                 6.34295                       0             0.145321308
0.064930                 50.3228                 6.27852                       0             0.140439816
0.065420                 49.7663                 6.21383                       0             0.135738036
0.065920                 49.2233                 6.14885                       0              0.13120785
0.066420                  48.693                 6.08355                       0              0.12684123
0.066920                 48.1744                  6.0179                       0              0.12263103
0.067410                 47.6669                 5.95188                       0             0.118570248
0.067910                 47.1695                 5.88546                       0             0.114652188
0.068410                 46.6814                 5.81864                       0             0.110870838
0.068910                 46.2019                 5.75139                       0             0.107219826
0.069400                 45.7302                 5.68373                       0             0.103693878
0.069900                 45.2655                 5.61563                       0              0.10028745
0.070400                 44.8071                 5.54711                       0             0.096995808
0.070900                 44.3544                 5.47817                       0              0.09381375
0.071390                 43.9065                 5.40881                       0             0.090737046
0.071890                 43.4629                 5.33905                       0             0.087761466
0.072390                  43.023                  5.2689                       0             0.084882654
0.072890                 42.5861                 5.19838                       0              0.08209692
0.073380                 42.1518                 5.12749                       0              0.07940079
0.073880                 41.7195                 5.05626                       0             0.076790592
0.074380                 41.2888                 4.98472                       0             0.074263212
0.074880                 40.8591                 4.91287                       0             0.071815626
0.075370                 40.4301                 4.84075                       0             0.069444738
0.075870                 40.0013                 4.76837                       0             0.067147686
0.076370                 39.5725                 4.69577                       0             0.064922166
0.076870                 39.1434                 4.62297                       0              0.06276546
0.077360                 38.7135                 4.54999                       0             0.060675156
0.077860                 38.2827                 4.47687                       0              0.05864922
0.078360                 37.8508                 4.40363                       0             0.056685258
0.078860                 37.4175                 4.33029                       0             0.054781398
0.079350                 36.9827                 4.25689                       0             0.052935516
0.079850                 36.5463                 4.18345                       0             0.051146028
0.080350                 36.1081                 4.11001                       0             0.049410882
0.080850                 35.6679                 4.03658                       0             0.047728404
0.081340                 35.2259                 3.96321                       0             0.046097136
0.081840                 34.7819                 3.88992                       0             0.044515494
0.082340                 34.3358                 3.81674                       0             0.042981894
0.082840                 33.8877                 3.74369                       0             0.041495148
0.083330                 33.4376                 3.67081                       0             0.040053528
0.083830                 32.9855                 3.59813                       0             0.038655756
0.084330                 32.5314                 3.52568                       0             0.037300878
0.084830                 32.0754                 3.45348                       0             0.035987472
0.085320                 31.6177                 3.38156                       0             0.034714242
0.085820                 31.1581                 3.30996                       0             0.033480162
0.086320                  30.697                  3.2387                       0             0.032284386
0.086820                 30.2343                  3.1678                       0              0.03112533
0.087310                 29.7702                 3.09731                       0             0.030002364
0.087810                 29.3049                 3.02725                       0             0.028914354
0.088310                 28.8384                 2.95764                       0             0.027860472
0.088810                 28.3709                 2.88851                       0             0.026839566
0.089300                 27.9026                 2.81989                       0             0.025850826
0.089800                 27.4337                 2.75182                       0            0.0248934114
0.090300                 26.9642                 2.68431                       0             0.023966388
0.090800                 26.4945                 2.61739                       0            0.0230689872
0.091290                 26.0246                 2.55109                       0            0.0222003576
0.091790                 25.5547                 2.48543                       0            0.0213597126
0.092290                 25.0851                 2.42045                       0            0.0205463142
0.092790                  24.616                 2.35615                       0             0.019759383
0.093280                 24.1475                 2.29258                       0            0.0189982314
0.093780                 23.6798                 2.22975                       0            0.0182621088
0.094280                 23.2131                 2.16769                       0             0.017550342
0.094780                 22.7477                 2.10642                       0            0.0168622758
0.095270                 22.2837                 2.04595                       0            0.0161972172
0.095770                 21.8214                 1.98632                       0            0.0155545434
0.096270                  21.361                 1.92754                       0            0.0149336334
0.096770                 20.9026                 1.86963                       0            0.0143338536
0.097260                 20.4465                  1.8126                       0            0.0137546424
0.097760                 19.9929                 1.75649                       0            0.0131953932
0.098260                 19.5419                 1.70129                       0             0.012655539
0.098760                 19.0939                 1.64704                       0            0.0121345434
0.099250                 18.6489                 1.59374                       0             0.011631852
0.099750                 18.6489                 1.59374                       0             0.011631852