channel                 nue_Ar40             nuebar_Ar40                      nc                       e
E                                                                                                       
0.000749                       0                       0                       0                       0
0.001246                       0                       0                       0                       0
0.001744                       0                       0                       0                       0
0.002241                       0                       0                       0                       0
0.002739                       0                       0                       0                       0
0.003236                       0                       0                       0                       0
0.003734                       0                       0                       0                       0
0.004231                       0                       0                       0                       0
0.004729                       0                       0                       0                       0
0.005226                  7.7244               0.0871609                 109.484               30.892428
0.005724                 9.70163                0.145068                176.8614                29.25081
0.006221                 11.9569                0.226369                259.9774               27.705024
0.006719                  14.491                0.332194                348.3597               26.246736
0.007216                 17.3007                0.460873                 426.813              24.8698692
0.007714                 20.3802                 0.60864                480.3936              23.5700856
0.008211                   23.72                 0.77111                500.2753              22.3435692
0.008709                 27.3052                0.944752                487.3233              21.1865706
0.009206                 31.1151                 1.12769                451.3357              20.0951028
0.009704                 35.1229                 1.31963                406.5056              19.0652112
0.010200                 39.2971                 1.52126                365.7215              18.0929664
0.010700                 43.6033                 1.73355                336.5391              17.1747108
0.011200                  48.006                 1.95728                 320.181              16.3070586
0.011690                 52.4699                 2.19285                313.1187              15.4868742
0.012190                 56.9606                 2.44029                309.7824               14.711328
0.012690                 61.4445                  2.6993                305.0095              13.9777218
0.013190                 65.8893                 2.96927                295.4961              13.2836796
0.013680                 70.2636                 3.24935                280.1914               12.626928
0.014180                 74.5375                 3.53848                259.9442              12.0053142
0.014680                  78.683                 3.83543                236.7946              11.4168762
0.015180                 82.6747                 4.13884                213.2153              10.8596916
0.015670                 86.4909                  4.4473                191.4897              10.3320504
0.016170                 90.1143                 4.75941                173.3048               9.8322462
0.016670                 93.5322                 5.07378                159.5722                 9.35874
0.017170                 96.7368                 5.38912                150.4462               8.9100558
0.017660                 99.7246                 5.70424                145.4668               8.4848148
0.018160                 102.496                 6.01804                 143.773               8.0817156
0.018660                 105.055                 6.32954                144.3195               7.6995324
0.019160                 107.407                 6.63787                146.0561                7.337133
0.019650                 109.559                 6.94226                148.0531               6.9933978
0.020150                  111.52                 7.24205                149.5697               6.6673278
0.020650                 113.296                 7.53666                150.0791               6.3579474
0.021150                 114.898                 7.82559                  149.26                6.064317
0.021640                 116.333                 8.10844                146.9709               5.7855888
0.022140                 117.609                 8.38487                 143.216               5.5209528
0.022640                 118.733                 8.65461                138.1108               5.2696134
0.023140                 119.712                 8.91743                131.8483               5.0308758
0.023630                 120.554                 9.17317                124.6702               4.8040182
0.024130                 121.264                  9.4217                116.8387               4.5884178
0.024630                 121.848                 9.66293                108.6172               4.3834842
0.025130                 122.314                 9.89679                100.2518               4.1886432
0.025620                 122.665                 10.1232                 91.9603               4.0033476
0.026120                 122.909                 10.3422                 83.9209               3.8270934
0.026620                  123.05                 10.5537                 76.2718               3.6594414
0.027120                 123.095                 10.7577                69.10916                3.499929
0.027610                 123.048                 10.9542                62.49127               3.3481368
0.028110                 122.914                 11.1432                56.44205               3.2036706
0.028610                   122.7                 11.3247                50.95811                3.066156
0.029110                 122.409                 11.4986                46.01563                2.935242
0.029600                 122.048                 11.6651                41.57649               2.8105902
0.030100                  121.62                  11.824                37.59437                2.691882
0.030600                 121.132                 11.9754                34.01954              2.57881932
0.031100                 120.586                 12.1193                30.80275              2.47111344
0.031590                 119.989                 12.2557                27.89779              2.36849634
0.032090                 119.345                 12.3846                25.26317              2.27070414
0.032590                 118.658                 12.5061                22.86296              2.17749942
0.033090                 117.933                 12.6201                  20.667              2.08864152
0.033580                 117.173                 12.7269                18.65053              2.00391642
0.034080                 116.383                 12.8263                16.79374              1.92311712
0.034580                 115.566                 12.9185                15.08098              1.84603842
0.035080                 114.727                 13.0036                13.50003              1.77249348
0.035570                 113.868                 13.0818                12.04131              1.70230716
0.036070                 112.992                  13.153                10.69732              1.63530468
0.036570                 112.103                 13.2176                 9.46197              1.57133124
0.037070                 111.203                 13.2755                  8.3301              1.51022808
0.037560                 110.295                 13.3271                 7.29711              1.45185696
0.038060                  109.38                 13.3726                6.358678              1.39607928
0.038560                 108.461                  13.412                5.510537              1.34276436
0.039060                  107.54                 13.4457                4.748259              1.29178962
0.039550                 106.617                 13.4739                4.067269              1.24304148
0.040050                 105.693                 13.4969                3.462763              1.19640816
0.040550                 104.771                 13.5148                2.929447               1.1517858
0.041050                 103.851                 13.5281                2.462765              1.10907612
0.041540                 102.934                 13.5369                2.056995              1.06818678
0.042040                 102.019                 13.5415                1.706713              1.02903084
0.042540                 101.109                 13.5422                1.406585                0.991521
0.043040                 100.203                 13.5394                1.151371              0.95558364
0.043530                 99.3018                 13.5332                0.936004              0.92113812
0.044030                 98.4057                  13.524                0.755658              0.88812108
0.044530                  97.515                  13.512               0.6058133              0.85645854
0.045030                   96.63                 13.4975               0.4822762               0.8260929
0.045520                 95.7511                 13.4807               0.3812256              0.79695936
0.046020                 94.8787                 13.4619               0.2992143              0.76900464
0.046520                  94.013                 13.4413               0.2331767              0.74217366
0.047020                 93.1545                 13.4191               0.1804188              0.71641548
0.047510                 92.3036                 13.3955                  0.1386              0.69168078
0.048010                 91.4607                 13.3707                0.105632              0.66792528
0.048510                 90.6263                 13.3448               0.0799932              0.64510218
0.049010                 89.8008                  13.318              0.06014806               0.6231744
0.049500                 88.9848                 13.2903              0.04489938              0.60209766
0.050000                 88.1787                 13.2619               0.0332743              0.58183884
0.050500                 87.3832                 13.2329               0.0244809               0.5623587
0.051000                 86.5987                 13.2034              0.01788119              0.54362394
0.051490                 85.8258                 13.1733              0.01296627              0.52560468
0.051990                  85.065                 13.1427              0.00933436              0.50826744
0.052490                 84.3167                 13.1117             0.006671187              0.49158288
0.052990                 83.5814                 13.0802             0.004733385              0.47552526
0.053480                 82.8596                 13.0482             0.003334193               0.4600647
0.053980                 82.1517                 13.0156             0.002331633              0.44517582
0.054480                 81.4579                 12.9825             0.001618747               0.4308381
0.054980                 80.7785                 12.9488             0.001115705              0.41702328
0.055470                 80.1138                 12.9144             0.000763429              0.40371174
0.055970                 79.4639                 12.8793            0.0005186054              0.39088044
0.056470                 78.8288                 12.8433            0.0003497491               0.3785121
0.056970                 78.2087                 12.8064            0.0002341673              0.36658422
0.057460                 77.6035                 12.7684            0.0001556488               0.3550788
0.057960                 77.0129                 12.7294            0.0001027106              0.34398036
0.058460                  76.437                 12.6892            2.864313e-05               0.3332691
0.058960                 75.8753                 12.6477                       0              0.32292846
0.059450                 75.3276                 12.6048                       0              0.31294494
0.059950                 74.7935                 12.5605                       0              0.30330252
0.060450                 74.2725                 12.5145                       0              0.29398716
0.060950                 73.7641                 12.4669                       0              0.28498536
0.061440                 73.2678                 12.4175                       0              0.27628398
0.061940                 72.7829                 12.3662                       0              0.26787078
0.062440                 72.3089                  12.313                       0              0.25973406
0.062940                  71.845                 12.2579                       0             0.251861958
0.063430                 71.3905                 12.2006                       0              0.24424434
0.063930                 70.9446                 12.1412                       0              0.23687037
0.064430                 70.5066                 12.0795                       0             0.229730778
0.064930                 70.0757                 12.0157                       0             0.222816222
0.065420                 69.6511                 11.9495                       0              0.21611718
0.065920                  69.232                 11.8809                       0             0.209625714
0.066420                 68.8175                   11.81                       0             0.203333472
0.066920                 68.4068                 11.7366                       0             0.197232966
0.067410                 67.9992                 11.6608                       0             0.191316726
0.067910                 67.5938                 11.5825                       0             0.185577768
0.068410                 67.1897                 11.5018                       0             0.180009864
0.068910                 66.7864                 11.4185                       0             0.174605868
0.069400                 66.3829                 11.3328                       0              0.16936047
0.069900                 65.9785                 11.2446                       0              0.16426782
0.070400                 65.5726                  11.154                       0             0.159322428
0.070900                 65.1645                 11.0609                       0             0.154519164
0.071390                 64.7534                 10.9653                       0             0.149853078
0.071890                 64.3388                 10.8673                       0             0.145319526
0.072390                 63.9201                  10.767                       0             0.140914134
0.072890                 63.4966                 10.6643                       0               0.1366326
0.073380                  63.068                 10.5593                       0             0.132470694
0.073880                 62.6336                  10.452                       0              0.12842487
0.074380                 62.1931                 10.3425                       0             0.124491546
0.074880                 61.7459                 10.2308                       0             0.120666852
0.075370                 61.2918                  10.117                       0             0.116947746
0.075870                 60.8303                 10.0011                       0              0.11333115
0.076370                 60.3612                 9.88323                       0             0.109813662
0.076870                 59.8842                 9.76338                       0             0.106392852
0.077360                 59.3989                 9.64163                       0              0.10306557
0.077860                 58.9053                 9.51806                       0             0.099829386
0.078360                  58.403                 9.39273                       0             0.096681618
0.078860                 57.8921                 9.26572                       0             0.093620106
0.079350                 57.3723                  9.1371                       0              0.09064215
0.079850                 56.8436                 9.00695                       0             0.087745806
0.080350                 56.3059                 8.87534                       0              0.08492877
0.080850                 55.7592                 8.74236                       0             0.082189152
0.081340                 55.2036                  8.6081                       0             0.079524648
0.081840                  54.639                 8.47262                       0              0.07693371
0.082340                 54.0655                 8.33603                       0             0.074414178
0.082840                 53.4832                 8.19841                       0             0.071964342
0.083330                 52.8923                 8.05985                       0             0.069582654
0.083830                 52.2928                 7.92044                       0             0.067267098
0.084330                 51.6849                 7.78027                       0             0.065016378
0.084830                 51.0688                 7.63944                       0              0.06282873
0.085320                 50.4447                 7.49804                       0             0.060702678
0.085820                 49.8128                 7.35617                       0             0.058636746
0.086320                 49.1735                 7.21392                       0              0.05662962
0.086820                 48.5268                 7.07139                       0              0.05467959
0.087310                 47.8732                 6.92867                       0              0.05278572
0.087810                 47.2129                 6.78587                       0             0.050946228
0.088310                 46.5462                 6.64308                       0             0.049160178
0.088810                 45.8734                  6.5004                       0             0.047425968
0.089300                  45.195                 6.35792                       0             0.045742626
0.089800                 44.5112                 6.21574                       0             0.044108838
0.090300                 43.8224                 6.07396                       0             0.042523668
0.090800                  43.129                 5.93267                       0             0.040985622
0.091290                 42.4314                 5.79197                       0              0.03949353
0.091790                   41.73                 5.65195                       0             0.038046798
0.092290                 41.0251                 5.51269                       0             0.036643698
0.092790                 40.3173                  5.3743                       0             0.035283816
0.093280                 39.6068                 5.23686                       0             0.033965622
0.093780                 38.8942                 5.10046                       0             0.032688162
0.094280                 38.1798                 4.96517                       0             0.031450734
0.094780                 37.4641                 4.83109                       0             0.030252186
0.095270                 36.7476                  4.6983                       0             0.029091528
0.095770                 36.0307                 4.56686                       0              0.02796786
0.096270                 35.3137                 4.43687                       0             0.026880246
0.096770                 34.5972                 4.30839                       0             0.025827804
0.097260                 33.8816                 4.18148                       0            0.0248096844
0.097760                 33.1673                 4.05623                       0            0.0238249512
0.098260                 32.4548                 3.93268                       0            0.0228727638
0.098760                 31.7445                 3.81091                       0            0.0219523194
0.099250                 31.0368                 3.69097                       0            0.0210627936
0.099750                 31.0368                 3.69097                       0            0.0210627936