channel                 nue_Ar40             nuebar_Ar40                      nc                       e
E                                                                                                       
0.000749                       0                       0                       0                       0
0.001246                       0                       0                       0                       0
0.001744                       0                       0                       0                       0
0.002241                       0                       0                       0                       0
0.002739                       0                       0                       0                       0
0.003236                       0                       0                       0                       0
0.003734                       0                       0                       0                       0
0.004231                       0                       0                       0                       0
0.004729                       0                       0                       0                       0
0.005226                 7.05405                0.072488                 88.1759                1.461836
0.005724                 8.81919                0.120665                142.4464               1.3816806
0.006221                  10.823                0.188248                209.4043               1.3063751
0.006719                 13.0637                0.276101                 280.616               1.2354872
0.007216                 15.5365                0.382735                343.8394               1.1686968
0.007714                 18.2344                0.504906                 387.026               1.1057717
0.008211                 21.1473                0.638865                403.0483               1.0465153
0.008709                 24.2608                0.781598                392.5845               0.9907298
0.009206                 27.5552                0.931495                363.5176               0.9382091
0.009704                 31.0056                 1.08829                327.2836               0.8887499
0.010200                 34.5836                 1.25255                294.2805               0.8421493
0.010700                 38.2585                 1.42506                270.6174               0.7982248
0.011200                 41.9992                 1.60647                257.3008               0.7567993
0.011690                 45.7753                  1.7971                 251.504               0.7177157
0.012190                 49.5575                 1.99696                248.7479               0.6808284
0.012690                 53.3177                  2.2058                244.8744               0.6460018
0.013190                 57.0293                 2.42312                237.2188               0.6131154
0.013680                 60.6664                 2.64823                224.9263               0.5820538
0.014180                 64.2046                 2.88028                208.6722               0.5527074
0.014680                 67.6211                 3.11828                190.0901               0.5249773
0.015180                 70.8956                 3.36115                171.1628               0.4987688
0.015670                 74.0106                 3.60775                153.7227               0.4739919
0.016170                 76.9527                 3.85698                139.1233               0.4505622
0.016670                 79.7124                 4.10774                128.0965               0.4284025
0.017170                 82.2842                 4.35901                120.7664               0.4074381
0.017660                 84.6665                 4.60984                116.7637                0.387601
0.018160                 86.8609                 4.85937                115.3983               0.3688251
0.018660                 88.8715                 5.10683                115.8316               0.3510511
0.019160                 90.7043                 5.35153                117.2202               0.3342211
0.019650                 92.3664                 5.59286                118.8185                0.318282
0.020150                 93.8657                  5.8303                 120.032               0.3031829
0.020650                 95.2102                  6.0634                 120.438               0.2888756
0.021150                 96.4078                 6.29176                 119.778               0.2753159
0.021640                 97.4662                 6.51507                117.9389               0.2624615
0.022140                 98.3927                 6.73306                114.9235               0.2502711
0.022640                 99.1943                 6.94551                110.8251               0.2387079
0.023140                 99.8774                 7.15228                105.7985               0.2277374
0.023630                 100.448                 7.35322                100.0367               0.2173255
0.024130                 100.913                 7.54827                 93.7513               0.2074423
0.024630                 101.277                 7.73734                 87.1529               0.1980569
0.025130                 101.545                 7.92041                 80.4393               0.1891434
0.025620                 101.724                 8.09746                 73.7849               0.1806759
0.026120                 101.816                 8.26847                67.33342                 0.17263
0.026620                 101.829                 8.43345                61.19498               0.1649836
0.027120                 101.765                  8.5924                 55.4474                0.157715
0.027610                 101.629                 8.74534                  50.137               0.1508047
0.028110                 101.427                 8.89227                45.28298               0.1442334
0.028610                 101.161                 9.03321                40.88279              0.13798377
0.029110                 100.837                 9.16816                36.91717              0.13203852
0.029600                 100.457                 9.29715                33.35552              0.12638218
0.030100                 100.028                 9.42017                30.16065              0.12099974
0.030600                 99.5507                 9.53725                27.29266              0.11587684
0.031100                 99.0309                 9.64839                24.71197              0.11100009
0.031590                 98.4717                 9.75362                22.38148              0.10635673
0.032090                  97.877                 9.85294                20.26791              0.10193458
0.032590                 97.2501                 9.94641                18.34239              0.09772233
0.033090                 96.5947                  10.034                16.58074               0.0937092
0.033580                 95.9141                 10.1159                14.96309              0.08988489
0.034080                 95.2115                  10.192                13.47353              0.08623965
0.034580                   94.49                 10.2624                12.09949              0.08276417
0.035080                 93.7525                 10.3272                10.83115              0.07944986
0.035570                 93.0017                 10.3865                 9.66092              0.07628855
0.036070                 92.2402                 10.4405                 8.58268              0.07327216
0.036570                 91.4704                 10.4891                 7.59156              0.07039326
0.037070                 90.6944                 10.5326                6.683489              0.06764509
0.037560                  89.914                  10.571                5.854715              0.06502089
0.038060                 89.1311                 10.6047                5.101814              0.06251425
0.038560                 88.3471                 10.6336                4.421323              0.06011935
0.039060                 87.5634                  10.658                3.809728              0.05783058
0.039550                 86.7811                 10.6781                3.263356              0.05564258
0.040050                  86.001                 10.6941                 2.77834              0.05355021
0.040550                 85.2242                 10.7062                2.350439              0.05154892
0.041050                 84.4511                 10.7146                1.976002              0.04963395
0.041540                 83.6823                 10.7195                1.650433              0.04780132
0.042040                 82.9183                 10.7212                1.369387               0.0460468
0.042540                 82.1594                 10.7199                1.128581              0.04436664
0.043040                 81.4059                 10.7159                0.923808              0.04275724
0.043530                 80.6581                 10.7092                0.751006              0.04121525
0.044030                  79.916                 10.7002               0.6063073              0.03973737
0.044530                   79.18                 10.6891               0.4860785              0.03832052
0.045030                 78.4502                 10.6761               0.3869581              0.03696197
0.045520                 77.7268                 10.6613                0.305879               0.0356589
0.046020                 77.0099                 10.6451               0.2400768              0.03440881
0.046520                 76.2998                 10.6274               0.1870911              0.03320904
0.047020                 75.5966                 10.6086               0.1447604              0.03205744
0.047510                 74.9008                 10.5887               0.1112066              0.03095185
0.048010                 74.2124                  10.568               0.0847547              0.02989004
0.048510                 73.5319                 10.5464              0.06418326              0.02887016
0.049010                 72.8596                 10.5242              0.04826026              0.02789036
0.049500                 72.1957                 10.5014              0.03602538              0.02694859
0.050000                 71.5408                 10.4781               0.0266979              0.02604353
0.050500                 70.8951                 10.4544              0.01964245              0.02517328
0.051000                 70.2591                 10.4302              0.01434713              0.02433641
0.051490                  69.633                 10.4057               0.0104036              0.02353149
0.051990                 69.0174                 10.3809               0.0074895              0.02275706
0.052490                 68.4125                 10.3557             0.005352678              0.02201184
0.052990                 67.8186                 10.3303             0.003797871              0.02129455
0.053480                 67.2362                 10.3044             0.002675218              0.02060398
0.053980                 66.6654                 10.2782             0.001870805                0.019939
0.054480                 66.1064                 10.2515             0.001298817              0.01929855
0.054980                 65.5596                 10.2244             0.000895194              0.01868152
0.055470                  65.025                 10.1968            0.0006125426              0.01808687
0.055970                 64.5026                 10.1686            0.0004161076              0.01751376
0.056470                 63.9926                 10.1398            0.0002806241              0.01696121
0.056970                  63.495                 10.1103            0.0001878859              0.01642834
0.057460                 63.0096                 10.0799            0.0001248861              0.01591434
0.057960                 62.5363                 10.0487             8.24107e-05               0.0154184
0.058460                  62.075                 10.0166            2.298206e-05              0.01493977
0.058960                 61.6255                 9.98349                       0              0.01447773
0.059450                 61.1873                 9.94925                       0             0.014031546
0.059950                 60.7602                 9.91385                       0             0.013600571
0.060450                 60.3439                  9.8772                       0             0.013184186
0.060950                 59.9378                 9.83923                       0              0.01278178
0.061440                 59.5415                 9.79986                       0             0.012392764
0.061940                 59.1544                 9.75903                       0             0.012016581
0.062440                 58.7761                 9.71668                       0             0.011652709
0.062940                  58.406                 9.67273                       0              0.01130065
0.063430                 58.0434                 9.62715                       0             0.010959919
0.063930                 57.6877                 9.57986                       0             0.010630057
0.064430                 57.3383                 9.53084                       0             0.010310632
0.064930                 56.9946                 9.48002                       0             0.010001211
0.065420                 56.6557                 9.42738                       0             0.009701421
0.065920                 56.3212                 9.37289                       0             0.009410855
0.066420                 55.9903                  9.3165                       0             0.009129193
0.066920                 55.6623                 9.25821                       0             0.008856061
0.067410                 55.3366                   9.198                       0             0.008591159
0.067910                 55.0125                 9.13584                       0             0.008334147
0.068410                 54.6893                 9.07173                       0             0.008084754
0.068910                 54.3665                 9.00567                       0             0.007842679
0.069400                 54.0433                 8.93766                       0             0.007607683
0.069900                 53.7193                 8.86769                       0              0.00737949
0.070400                 53.3937                 8.79579                       0             0.007157861
0.070900                 53.0662                 8.72195                       0             0.006942582
0.071390                  52.736                 8.64621                       0             0.006733413
0.071890                 52.4028                 8.56857                       0             0.006530159
0.072390                  52.066                 8.48906                       0             0.006332627
0.072890                 51.7252                 8.40771                       0             0.006140629
0.073380                 51.3799                 8.32454                       0             0.005953967
0.073880                 51.0298                 8.23959                       0             0.005772494
0.074380                 50.6745                  8.1529                       0              0.00559604
0.074880                 50.3136                  8.0645                       0             0.005424446
0.075370                 49.9468                 7.97443                       0             0.005257569
0.075870                 49.5739                 7.88274                       0             0.005095267
0.076370                 49.1946                 7.78948                       0             0.004937411
0.076870                 48.8086                 7.69468                       0             0.004783857
0.077360                 48.4158                 7.59841                       0             0.004634501
0.077860                  48.016                 7.50071                       0             0.004489206
0.078360                 47.6091                 7.40164                       0             0.004347883
0.078860                 47.1949                 7.30126                       0             0.004210408
0.079350                 46.7734                 7.19962                       0             0.004076676
0.079850                 46.3445                 7.09678                       0             0.003946598
0.080350                 45.9082                 6.99282                       0             0.003820075
0.080850                 45.4644                 6.88778                       0              0.00369701
0.081340                 45.0131                 6.78174                       0             0.003577318
0.081840                 44.5545                 6.67476                       0             0.003460902
0.082340                 44.0885                 6.56691                       0             0.003347703
0.082840                 43.6152                 6.45827                       0             0.003237632
0.083330                 43.1348                 6.34889                       0             0.003130595
0.083830                 42.6473                 6.23886                       0              0.00302654
0.084330                 42.1528                 6.12824                       0             0.002925383
0.084830                 41.6516                 6.01711                       0             0.002827063
0.085320                 41.1438                 5.90554                       0             0.002731494
0.085820                 40.6296                 5.79361                       0             0.002638632
0.086320                 40.1091                 5.68139                       0             0.002548397
0.086820                 39.5827                 5.56897                       0             0.002460734
0.087310                 39.0505                  5.4564                       0             0.002375584
0.087810                 38.5128                 5.34378                       0             0.002292875
0.088310                 37.9698                 5.23117                       0             0.002212562
0.088810                 37.4218                 5.11866                       0             0.002134575
0.089300                 36.8691                 5.00632                       0             0.002058885
0.089800                  36.312                 4.89423                       0             0.001985404
0.090300                 35.7507                 4.78246                       0             0.001914109
0.090800                 35.1857                 4.67108                       0             0.001844933
0.091290                 34.6171                 4.56017                       0             0.001777822
0.091790                 34.0454                 4.44981                       0              0.00171274
0.092290                 33.4708                 4.34005                       0              0.00164963
0.092790                 32.8938                 4.23099                       0             0.001588446
0.093280                 32.3145                 4.12268                       0             0.001529144
0.093780                 31.7335                 4.01519                       0             0.001471678
0.094280                  31.151                 3.90859                       0            0.0014159992
0.094780                 30.5675                 3.80295                       0            0.0013620728
0.095270                 29.9831                 3.69832                       0             0.001309848
0.095770                 29.3984                 3.59477                       0            0.0012592836
0.096270                 28.8137                 3.49236                       0            0.0012103418
0.096770                 28.2293                 3.39115                       0            0.0011629813
0.097260                 27.6457                 3.29118                       0            0.0011171617
0.097760                  27.063                 3.19252                       0            0.0010728444
0.098260                 26.4818                 3.09521                       0            0.0010299907
0.098760                 25.9024                  2.9993                       0            0.0009885624
0.099250                 25.3251                 2.90484                       0            0.0009485251
0.099750                 25.3251                 2.90484                       0            0.0009485251