# TBinMid=0.8515 ssec TBinWidth=0.1 ss EBinWidth=0.2MeV Fluence at Earth for this timebin in neutrinos per cm^2
# E(GeV)	NuE	NuMu	NuTau	aNuE	aNuMu	aNuTau
   1.38589050E-13   1.63706908E+18   1.85717150E+18   1.85717150E+18   1.24954257E+18   1.53823033E+18   1.53823033E+18
   2.00000000E-04   2.92728708E+09   3.32085812E+09   3.32085812E+09   2.23434055E+09   2.75055087E+09   2.75055087E+09
   4.00000000E-04   1.49310610E+09   1.69385284E+09   1.69385284E+09   1.13965847E+09   1.40295919E+09   1.40295919E+09
   6.00000000E-04   1.00689373E+09   1.14226967E+09   1.14226967E+09   7.68542149E+08   9.46102094E+08   9.46102094E+08
   8.00000000E-04   7.61284335E+08   8.63638311E+08   8.63638311E+08   5.81073334E+08   7.15321468E+08   7.15321468E+08
   1.00000000E-03   6.12821399E+08   6.95214670E+08   6.95214670E+08   4.67754500E+08   5.75822045E+08   5.75822045E+08
   1.20000000E-03   5.13267722E+08   5.82276093E+08   5.82276093E+08   3.91767140E+08   4.82278964E+08   4.82278964E+08
   1.40000000E-03   6.11710611E+08   8.32199632E+08   8.32199632E+08   4.57943411E+08   5.67641296E+08   5.67641296E+08
   1.60000000E-03   6.76034366E+08   1.08295503E+09   1.08295503E+09   4.97916834E+08   6.19466442E+08   6.19466442E+08
   1.80000000E-03   7.60799375E+08   1.26666559E+09   1.26666559E+09   5.60971104E+08   6.95538663E+08   6.95538663E+08
   2.00000000E-03   1.10257378E+09   1.53590969E+09   1.53590969E+09   8.46436956E+08   1.02675903E+09   1.02675903E+09
   2.20000000E-03   1.37234499E+09   2.30250411E+09   2.30250411E+09   1.05038022E+09   1.26300311E+09   1.26300311E+09
   2.40000000E-03   1.57265590E+09   2.97982575E+09   2.97982575E+09   1.19791338E+09   1.43356709E+09   1.43356709E+09
   2.60000000E-03   1.71888644E+09   3.48868566E+09   3.48868566E+09   1.30537114E+09   1.55749994E+09   1.55749994E+09
   2.80000000E-03   2.20145369E+09   4.07037804E+09   4.07037804E+09   1.86851338E+09   2.05533940E+09   2.05533940E+09
   3.00000000E-03   2.58868536E+09   4.52516875E+09   4.52516875E+09   2.32461422E+09   2.45624991E+09   2.45624991E+09
   3.20000000E-03   2.89519177E+09   4.87915876E+09   4.87915876E+09   2.68855615E+09   2.77448696E+09   2.77448696E+09
   3.40000000E-03   3.15014984E+09   5.40262573E+09   5.40262573E+09   2.98061601E+09   3.02835809E+09   3.02835809E+09
   3.60000000E-03   3.35993949E+09   5.95898937E+09   5.95898937E+09   3.21591408E+09   3.23149981E+09   3.23149981E+09
   3.80000000E-03   3.52793098E+09   6.41290534E+09   6.41290534E+09   3.40590453E+09   3.39423043E+09   3.39423043E+09
   4.00000000E-03   3.87554627E+09   6.89547711E+09   6.89547711E+09   3.94385270E+09   3.78153527E+09   3.78153527E+09
   4.20000000E-03   4.19152604E+09   7.30825790E+09   7.30825790E+09   4.44421440E+09   4.13719997E+09   4.13719997E+09
   4.40000000E-03   4.45654991E+09   7.65059640E+09   7.65059640E+09   4.86852463E+09   4.43673733E+09   4.43673733E+09
   4.60000000E-03   4.67915543E+09   7.93448092E+09   7.93448092E+09   5.22930318E+09   4.68949243E+09   4.68949243E+09
   4.80000000E-03   4.86622567E+09   8.16955890E+09   8.16955890E+09   5.53666491E+09   4.90300505E+09   4.90300505E+09
   5.00000000E-03   5.02335651E+09   8.36365888E+09   8.36365888E+09   5.79885067E+09   5.08340960E+09   5.08340960E+09
   5.20000000E-03   5.15513219E+09   8.52318184E+09   8.52318184E+09   6.02262625E+09   5.23573539E+09   5.23573539E+09
   5.40000000E-03   5.26518762E+09   8.65016223E+09   8.65016223E+09   6.21358571E+09   5.36413479E+09   5.36413479E+09
   5.60000000E-03   5.35675509E+09   8.75099696E+09   8.75099696E+09   6.37638438E+09   5.47205828E+09   5.47205828E+09
   5.80000000E-03   5.48341363E+09   8.85758844E+09   8.85758844E+09   6.64798435E+09   5.63341616E+09   5.63341616E+09
   6.00000000E-03   5.59436921E+09   8.94523023E+09   8.94523023E+09   6.89307028E+09   5.77665570E+09   5.77665570E+09
   6.20000000E-03   5.68884464E+09   9.01506655E+09   9.01506655E+09   7.10753395E+09   5.90014904E+09   5.90014904E+09
   6.40000000E-03   5.76895846E+09   9.06951423E+09   9.06951423E+09   7.29515737E+09   6.00639370E+09   6.00639370E+09
   6.60000000E-03   5.83652103E+09   9.11063024E+09   9.11063024E+09   7.45918255E+09   6.09752660E+09   6.09752660E+09
   6.80000000E-03   5.89308586E+09   9.14017233E+09   9.14017233E+09   7.60240037E+09   6.17538377E+09   6.17538377E+09
   7.00000000E-03   5.93999123E+09   9.15964826E+09   9.15964826E+09   7.72722285E+09   6.24154897E+09   6.24154897E+09
   7.20000000E-03   5.97839420E+09   9.17035584E+09   9.17035584E+09   7.83574236E+09   6.29739333E+09   6.29739333E+09
   7.40000000E-03   6.00929859E+09   9.17341590E+09   9.17341590E+09   7.92978033E+09   6.34410802E+09   6.34410802E+09
   7.60000000E-03   6.03357803E+09   9.16979932E+09   9.16979932E+09   8.01092753E+09   6.38273119E+09   6.38273119E+09
   7.80000000E-03   6.05199518E+09   9.16034956E+09   9.16034956E+09   8.08057757E+09   6.41417043E+09   6.41417043E+09
   8.00000000E-03   6.06521769E+09   9.14580126E+09   9.14580126E+09   8.13995497E+09   6.43922146E+09   6.43922146E+09
   8.20000000E-03   6.07383160E+09   9.12679594E+09   9.12679594E+09   8.19013856E+09   6.45858378E+09   6.45858378E+09
   8.40000000E-03   6.04967410E+09   9.08890451E+09   9.08890451E+09   8.18965895E+09   6.44047574E+09   6.44047574E+09
   8.60000000E-03   6.01533149E+09   8.99355642E+09   8.99355642E+09   8.17558003E+09   6.41310459E+09   6.41310459E+09
   8.80000000E-03   5.97887384E+09   8.87160837E+09   8.87160837E+09   8.15817819E+09   6.38422734E+09   6.38422734E+09
   9.00000000E-03   5.94183350E+09   8.75326842E+09   8.75326842E+09   8.13784912E+09   6.35406526E+09   6.35406526E+09
   9.20000000E-03   5.90434321E+09   8.63837918E+09   8.63837918E+09   8.11494289E+09   6.32281259E+09   6.32281259E+09
   9.40000000E-03   5.86651843E+09   8.52679173E+09   8.52679173E+09   8.08976970E+09   6.29064008E+09   6.29064008E+09
   9.60000000E-03   5.82845966E+09   8.41836516E+09   8.41836516E+09   8.06260489E+09   6.25769797E+09   6.25769797E+09
   9.80000000E-03   5.79025432E+09   8.31296607E+09   8.31296607E+09   8.03369326E+09   6.22411863E+09   6.22411863E+09
   1.00000000E-02   5.75197855E+09   8.21046818E+09   8.21046818E+09   8.00325267E+09   6.19001878E+09   6.19001878E+09
   1.02000000E-02   5.71369856E+09   8.11075189E+09   8.11075189E+09   7.97147736E+09   6.15550140E+09   6.15550140E+09
   1.04000000E-02   5.67547192E+09   8.01370388E+09   8.01370388E+09   7.93854064E+09   6.12065743E+09   6.12065743E+09
   1.06000000E-02   5.63734867E+09   7.91921673E+09   7.91921673E+09   7.90459734E+09   6.08556718E+09   6.08556718E+09
   1.08000000E-02   5.59937219E+09   7.82718858E+09   7.82718858E+09   7.86978593E+09   6.05030162E+09   6.05030162E+09
   1.10000000E-02   5.56158007E+09   7.73752280E+09   7.73752280E+09   7.83423034E+09   6.01492346E+09   6.01492346E+09
   1.12000000E-02   5.52400479E+09   7.65012768E+09   7.65012768E+09   7.79804158E+09   5.97948811E+09   5.97948811E+09
   1.14000000E-02   5.48667433E+09   7.56491609E+09   7.56491609E+09   7.76131917E+09   5.94404451E+09   5.94404451E+09
   1.16000000E-02   5.44961274E+09   7.48180529E+09   7.48180529E+09   7.72415236E+09   5.90863588E+09   5.90863588E+09
   1.18000000E-02   5.41284057E+09   7.40071661E+09   7.40071661E+09   7.68662124E+09   5.87330034E+09   5.87330034E+09
   1.20000000E-02   5.37637531E+09   7.32157523E+09   7.32157523E+09   7.64879772E+09   5.83807150E+09   5.83807150E+09
   1.22000000E-02   5.31539666E+09   7.23132838E+09   7.23132838E+09   7.56718849E+09   5.77332416E+09   5.77332416E+09
   1.24000000E-02   5.23629376E+09   7.13324149E+09   7.13324149E+09   7.45303661E+09   5.68669884E+09   5.68669884E+09
   1.26000000E-02   5.15959768E+09   7.03797640E+09   7.03797640E+09   7.34238420E+09   5.60272129E+09   5.60272129E+09
   1.28000000E-02   5.08519882E+09   6.94540990E+09   6.94540990E+09   7.23507109E+09   5.52127056E+09   5.52127056E+09
   1.30000000E-02   5.01299421E+09   6.85542595E+09   6.85542595E+09   7.13094678E+09   5.44223301E+09   5.44223301E+09
   1.32000000E-02   4.94288696E+09   6.76791514E+09   6.76791514E+09   7.02986972E+09   5.36550175E+09   5.36550175E+09
   1.34000000E-02   4.87478585E+09   6.68277426E+09   6.68277426E+09   6.93170667E+09   5.29097613E+09   5.29097613E+09
   1.36000000E-02   4.80860489E+09   6.59990581E+09   6.59990581E+09   6.83633209E+09   5.21856134E+09   5.21856134E+09
   1.38000000E-02   4.74220043E+09   6.47380788E+09   6.47380788E+09   6.74362757E+09   5.14816793E+09   5.14816793E+09
   1.40000000E-02   4.67732139E+09   6.34458407E+09   6.34458407E+09   6.65348136E+09   5.07971146E+09   5.07971146E+09
   1.42000000E-02   4.61422985E+09   6.21951420E+09   6.21951420E+09   6.56578790E+09   5.01311218E+09   5.01311218E+09
   1.44000000E-02   4.55285242E+09   6.09841100E+09   6.09841100E+09   6.48044737E+09   4.94829466E+09   4.94829466E+09
   1.46000000E-02   4.49311971E+09   5.98109806E+09   5.98109806E+09   6.39736534E+09   4.88518754E+09   4.88518754E+09
   1.48000000E-02   4.43496602E+09   5.86740904E+09   5.86740904E+09   6.31645238E+09   4.82372323E+09   4.82372323E+09
   1.50000000E-02   4.37832914E+09   5.75718699E+09   5.75718699E+09   6.23762375E+09   4.76383769E+09   4.76383769E+09
   1.52000000E-02   4.32315008E+09   5.65028365E+09   5.65028365E+09   6.16079910E+09   4.70547016E+09   4.70547016E+09
   1.54000000E-02   4.26937288E+09   5.54655896E+09   5.54655896E+09   6.08590217E+09   4.64856301E+09   4.64856301E+09
   1.56000000E-02   4.21694443E+09   5.44588040E+09   5.44588040E+09   6.01286053E+09   4.59306148E+09   4.59306148E+09
   1.58000000E-02   4.16581426E+09   5.34812258E+09   5.34812258E+09   5.94160537E+09   4.53891354E+09   4.53891354E+09
   1.60000000E-02   4.11593440E+09   5.25316673E+09   5.25316673E+09   5.87207127E+09   4.48606971E+09   4.48606971E+09
   1.62000000E-02   4.06725925E+09   5.16090029E+09   5.16090029E+09   5.80419594E+09   4.43448290E+09   4.43448290E+09
   1.64000000E-02   4.01974537E+09   5.07121651E+09   5.07121651E+09   5.73792012E+09   4.38410829E+09   4.38410829E+09
   1.66000000E-02   3.97335141E+09   4.98401408E+09   4.98401408E+09   5.67318734E+09   4.33490317E+09   4.33490317E+09
   1.68000000E-02   3.92803797E+09   4.89919680E+09   4.89919680E+09   5.60994376E+09   4.28682681E+09   4.28682681E+09
   1.70000000E-02   3.88376747E+09   4.81667326E+09   4.81667326E+09   5.54813804E+09   4.23984038E+09   4.23984038E+09
   1.72000000E-02   3.84050407E+09   4.73635656E+09   4.73635656E+09   5.48772118E+09   4.19390681E+09   4.19390681E+09
   1.74000000E-02   3.79821356E+09   4.65816403E+09   4.65816403E+09   5.42864640E+09   4.14899070E+09   4.14899070E+09
   1.76000000E-02   3.75686326E+09   4.58201696E+09   4.58201696E+09   5.37086901E+09   4.10505825E+09   4.10505825E+09
   1.78000000E-02   3.70790441E+09   4.50338823E+09   4.50338823E+09   5.30042129E+09   4.05214421E+09   4.05214421E+09
   1.80000000E-02   3.63799913E+09   4.41525014E+09   4.41525014E+09   5.19551064E+09   3.97469936E+09   3.97469936E+09
   1.82000000E-02   3.56994395E+09   4.32946555E+09   4.32946555E+09   5.09340862E+09   3.89931090E+09   3.89931090E+09
   1.84000000E-02   3.50367175E+09   4.24594868E+09   4.24594868E+09   4.99401277E+09   3.82590413E+09   3.82590413E+09
   1.86000000E-02   3.43911853E+09   4.16461778E+09   4.16461778E+09   4.89722539E+09   3.75440779E+09   3.75440779E+09
   1.88000000E-02   3.37622321E+09   4.08539484E+09   4.08539484E+09   4.80295325E+09   3.68475387E+09   3.68475387E+09
   1.90000000E-02   3.31492748E+09   4.00820536E+09   4.00820536E+09   4.71110739E+09   3.61687748E+09   3.61687748E+09
   1.92000000E-02   3.25517564E+09   3.93297824E+09   3.93297824E+09   4.62160282E+09   3.55071661E+09   3.55071661E+09
   1.94000000E-02   3.19691446E+09   3.85964552E+09   3.85964552E+09   4.53435837E+09   3.48621203E+09   3.48621203E+09
   1.96000000E-02   3.14009308E+09   3.78814223E+09   3.78814223E+09   4.44929643E+09   3.42330710E+09   3.42330710E+09
   1.98000000E-02   3.08466280E+09   3.71840625E+09   3.71840625E+09   4.36634277E+09   3.36194765E+09   3.36194765E+09
   2.00000000E-02   3.03057706E+09   3.65037813E+09   3.65037813E+09   4.28542640E+09   3.30208186E+09   3.30208186E+09
   2.02000000E-02   2.97779128E+09   3.58400097E+09   3.58400097E+09   4.20647934E+09   3.24366010E+09   3.24366010E+09
   2.04000000E-02   2.92626275E+09   3.51922029E+09   3.51922029E+09   4.12943652E+09   3.18663487E+09   3.18663487E+09
   2.06000000E-02   2.87595056E+09   3.45598388E+09   3.45598388E+09   4.05423558E+09   3.13096062E+09   3.13096062E+09
   2.08000000E-02   2.82681549E+09   3.39424173E+09   3.39424173E+09   3.98081678E+09   3.07659374E+09   3.07659374E+09
   2.10000000E-02   2.77881994E+09   3.33394586E+09   3.33394586E+09   3.90912283E+09   3.02349238E+09   3.02349238E+09
   2.12000000E-02   2.73192784E+09   3.27505027E+09   3.27505027E+09   3.83909879E+09   2.97161640E+09   2.97161640E+09
   2.14000000E-02   2.68610455E+09   3.21751081E+09   3.21751081E+09   3.77069192E+09   2.92092730E+09   2.92092730E+09
   2.16000000E-02   2.64131686E+09   3.16128511E+09   3.16128511E+09   3.70385163E+09   2.87138809E+09   2.87138809E+09
   2.18000000E-02   2.59753284E+09   3.10633247E+09   3.10633247E+09   3.63852933E+09   2.82296327E+09   2.82296327E+09
   2.20000000E-02   2.55461587E+09   3.05028082E+09   3.05028082E+09   3.57467833E+09   2.77561873E+09   2.77561873E+09
   2.22000000E-02   2.51248691E+09   2.99200182E+09   2.99200182E+09   3.51225380E+09   2.72932170E+09   2.72932170E+09
   2.24000000E-02   2.47128016E+09   2.93503728E+09   2.93503728E+09   3.45121260E+09   2.68404065E+09   2.68404065E+09
   2.26000000E-02   2.43096814E+09   2.87934748E+09   2.87934748E+09   3.39151328E+09   2.63974527E+09   2.63974527E+09
   2.28000000E-02   2.39152441E+09   2.82489421E+09   2.82489421E+09   3.33311597E+09   2.59640642E+09   2.59640642E+09
   2.30000000E-02   2.35292353E+09   2.77164073E+09   2.77164073E+09   3.27598228E+09   2.55399603E+09   2.55399603E+09
   2.32000000E-02   2.31514101E+09   2.71955166E+09   2.71955166E+09   3.22007528E+09   2.51248708E+09   2.51248708E+09
   2.34000000E-02   2.27815327E+09   2.66859296E+09   2.66859296E+09   3.16535941E+09   2.47185358E+09   2.47185358E+09
   2.36000000E-02   2.24193759E+09   2.61873184E+09   2.61873184E+09   3.11180040E+09   2.43207045E+09   2.43207045E+09
   2.38000000E-02   2.20647207E+09   2.56993672E+09   2.56993672E+09   3.05936525E+09   2.39311357E+09   2.39311357E+09
   2.40000000E-02   2.17173561E+09   2.52217716E+09   2.52217716E+09   3.00802215E+09   2.35495964E+09   2.35495964E+09
   2.42000000E-02   2.13770787E+09   2.47542383E+09   2.47542383E+09   2.95774044E+09   2.31758625E+09   2.31758625E+09
   2.44000000E-02   2.10436921E+09   2.42964844E+09   2.42964844E+09   2.90849054E+09   2.28097174E+09   2.28097174E+09
   2.46000000E-02   2.07170072E+09   2.38482372E+09   2.38482372E+09   2.86024393E+09   2.24509524E+09   2.24509524E+09
   2.48000000E-02   2.03968411E+09   2.34092335E+09   2.34092335E+09   2.81297308E+09   2.20993661E+09   2.20993661E+09
   2.50000000E-02   2.00830175E+09   2.29792194E+09   2.29792194E+09   2.76665142E+09   2.17547639E+09   2.17547639E+09
   2.52000000E-02   1.97753661E+09   2.25579498E+09   2.25579498E+09   2.72125330E+09   2.14169581E+09   2.14169581E+09
   2.54000000E-02   1.94737225E+09   2.21451880E+09   2.21451880E+09   2.67675396E+09   2.10857673E+09   2.10857673E+09
   2.56000000E-02   1.91779276E+09   2.17407054E+09   2.17407054E+09   2.63312947E+09   2.07610164E+09   2.07610164E+09
   2.58000000E-02   1.88878280E+09   2.13442813E+09   2.13442813E+09   2.59035671E+09   2.04425360E+09   2.04425360E+09
   2.60000000E-02   1.86032753E+09   2.09557023E+09   2.09557023E+09   2.54841333E+09   2.01301625E+09   2.01301625E+09
   2.62000000E-02   1.82738498E+09   2.05484824E+09   2.05484824E+09   2.50129225E+09   1.97703425E+09   1.97703425E+09
   2.64000000E-02   1.79359173E+09   2.01415034E+09   2.01415034E+09   2.45332004E+09   1.94016958E+09   1.94016958E+09
   2.66000000E-02   1.76045608E+09   1.97425268E+09   1.97425268E+09   2.40628662E+09   1.90402322E+09   1.90402322E+09
   2.68000000E-02   1.72796108E+09   1.93513455E+09   1.93513455E+09   2.36016773E+09   1.86857663E+09   1.86857663E+09
   2.70000000E-02   1.69609035E+09   1.89677590E+09   1.89677590E+09   2.31493991E+09   1.83381191E+09   1.83381191E+09
   2.72000000E-02   1.66482802E+09   1.85915736E+09   1.85915736E+09   2.27058047E+09   1.79971172E+09   1.79971172E+09
   2.74000000E-02   1.63415873E+09   1.82226014E+09   1.82226014E+09   2.22706742E+09   1.76625928E+09   1.76625928E+09
   2.76000000E-02   1.60406762E+09   1.78606609E+09   1.78606609E+09   2.18437951E+09   1.73343834E+09   1.73343834E+09
   2.78000000E-02   1.57454030E+09   1.75055760E+09   1.75055760E+09   2.14249612E+09   1.70123316E+09   1.70123316E+09
   2.80000000E-02   1.54556281E+09   1.71571766E+09   1.71571766E+09   2.10139732E+09   1.66962852E+09   1.66962852E+09
   2.82000000E-02   1.51712166E+09   1.68152975E+09   1.68152975E+09   2.06106378E+09   1.63860964E+09   1.63860964E+09
   2.84000000E-02   1.48920375E+09   1.64797787E+09   1.64797787E+09   2.02147677E+09   1.60816222E+09   1.60816222E+09
   2.86000000E-02   1.46179639E+09   1.61504655E+09   1.61504655E+09   1.98261814E+09   1.57827241E+09   1.57827241E+09
   2.88000000E-02   1.43488729E+09   1.58272074E+09   1.58272074E+09   1.94447030E+09   1.54892675E+09   1.54892675E+09
   2.90000000E-02   1.40846452E+09   1.55098590E+09   1.55098590E+09   1.90701619E+09   1.52011221E+09   1.52011221E+09
   2.92000000E-02   1.38251652E+09   1.51982788E+09   1.51982788E+09   1.87023927E+09   1.49181617E+09   1.49181617E+09
   2.94000000E-02   1.35703207E+09   1.48923301E+09   1.48923301E+09   1.83412350E+09   1.46402635E+09   1.46402635E+09
   2.96000000E-02   1.33200028E+09   1.45918798E+09   1.45918798E+09   1.79865330E+09   1.43673087E+09   1.43673087E+09
   2.98000000E-02   1.30741059E+09   1.42967990E+09   1.42967990E+09   1.76381358E+09   1.40991817E+09   1.40991817E+09
   3.00000000E-02   1.28325274E+09   1.40069625E+09   1.40069625E+09   1.72958967E+09   1.38357707E+09   1.38357707E+09
   3.02000000E-02   1.25951680E+09   1.37222489E+09   1.37222489E+09   1.69596734E+09   1.35769668E+09   1.35769668E+09
   3.04000000E-02   1.23619308E+09   1.34425403E+09   1.34425403E+09   1.66293277E+09   1.33226644E+09   1.33226644E+09
   3.06000000E-02   1.21327222E+09   1.31677220E+09   1.31677220E+09   1.63047254E+09   1.30727611E+09   1.30727611E+09
   3.08000000E-02   1.19074508E+09   1.28976828E+09   1.28976828E+09   1.59857362E+09   1.28271571E+09   1.28271571E+09
   3.10000000E-02   1.16860282E+09   1.26323147E+09   1.26323147E+09   1.56722335E+09   1.25857557E+09   1.25857557E+09
   3.12000000E-02   1.14683683E+09   1.23715127E+09   1.23715127E+09   1.53640942E+09   1.23484629E+09   1.23484629E+09
   3.14000000E-02   1.12543875E+09   1.21151748E+09   1.21151748E+09   1.50611989E+09   1.21151873E+09   1.21151873E+09
   3.16000000E-02   1.10440044E+09   1.18632017E+09   1.18632017E+09   1.47634313E+09   1.18858401E+09   1.18858401E+09
   3.18000000E-02   1.08371401E+09   1.16154972E+09   1.16154972E+09   1.44706783E+09   1.16603349E+09   1.16603349E+09
   3.20000000E-02   1.06337177E+09   1.13719674E+09   1.13719674E+09   1.41828303E+09   1.14385877E+09   1.14385877E+09
   3.22000000E-02   1.04336625E+09   1.11325211E+09   1.11325211E+09   1.38997803E+09   1.12205170E+09   1.12205170E+09
   3.24000000E-02   1.02369017E+09   1.08970699E+09   1.08970699E+09   1.36214245E+09   1.10060433E+09   1.10060433E+09
   3.26000000E-02   1.00433647E+09   1.06655274E+09   1.06655274E+09   1.33476618E+09   1.07950893E+09   1.07950893E+09
   3.28000000E-02   9.85298262E+08   1.04378097E+09   1.04378097E+09   1.30783939E+09   1.05875798E+09   1.05875798E+09
   3.30000000E-02   9.66568850E+08   1.02138352E+09   1.02138352E+09   1.28135250E+09   1.03834416E+09   1.03834416E+09
   3.32000000E-02   9.48141716E+08   9.99352443E+08   9.99352443E+08   1.25529621E+09   1.01826037E+09   1.01826037E+09
   3.34000000E-02   9.30010516E+08   9.77680005E+08   9.77680005E+08   1.22966144E+09   9.98499651E+08   9.98499651E+08
   3.36000000E-02   9.12169072E+08   9.56358676E+08   9.56358676E+08   1.20443937E+09   9.79055270E+08   9.79055270E+08
   3.38000000E-02   8.94611368E+08   9.35381127E+08   9.35381127E+08   1.17962141E+09   9.59920650E+08   9.59920650E+08
   3.40000000E-02   8.77331546E+08   9.14740216E+08   9.14740216E+08   1.15519918E+09   9.41089391E+08   9.41089391E+08
   3.42000000E-02   8.60323899E+08   8.94428990E+08   8.94428990E+08   1.13116453E+09   9.22555259E+08   9.22555259E+08
   3.44000000E-02   8.43582866E+08   8.74440676E+08   8.74440676E+08   1.10750953E+09   9.04312179E+08   9.04312179E+08
   3.46000000E-02   8.27103032E+08   8.54768674E+08   8.54768674E+08   1.08422642E+09   8.86354233E+08   8.86354233E+08
   3.48000000E-02   8.10879117E+08   8.35406554E+08   8.35406554E+08   1.06130768E+09   8.68675656E+08   8.68675656E+08
   3.50000000E-02   7.94905976E+08   8.16348048E+08   8.16348048E+08   1.03874595E+09   8.51270825E+08   8.51270825E+08
   3.52000000E-02   7.79178593E+08   7.97587049E+08   7.97587049E+08   1.01653408E+09   8.34134263E+08   8.34134263E+08
   3.54000000E-02   7.63830942E+08   7.82174796E+08   7.82174796E+08   9.94665065E+08   8.17260628E+08   8.17260628E+08
   3.56000000E-02   7.48775578E+08   7.68285261E+08   7.68285261E+08   9.73132113E+08   8.00644713E+08   8.00644713E+08
   3.58000000E-02   7.33948397E+08   7.54603816E+08   7.54603816E+08   9.51928583E+08   7.84281440E+08   7.84281440E+08
   3.60000000E-02   7.19344932E+08   7.41126404E+08   7.41126404E+08   9.31047998E+08   7.68165854E+08   7.68165854E+08
   3.62000000E-02   7.04960825E+08   7.27849071E+08   7.27849071E+08   9.10484044E+08   7.52293125E+08   7.52293125E+08
   3.64000000E-02   6.90791825E+08   7.14767959E+08   7.14767959E+08   8.90230559E+08   7.36658541E+08   7.36658541E+08
   3.66000000E-02   6.76833783E+08   7.01879303E+08   7.01879303E+08   8.70281535E+08   7.21257502E+08   7.21257502E+08
   3.68000000E-02   6.63082653E+08   6.89179427E+08   6.89179427E+08   8.50631105E+08   7.06085521E+08   7.06085521E+08
   3.70000000E-02   6.49534482E+08   6.76664746E+08   6.76664746E+08   8.31273545E+08   6.91138219E+08   6.91138219E+08
   3.72000000E-02   6.36185417E+08   6.64331759E+08   6.64331759E+08   8.12203271E+08   6.76411322E+08   6.76411322E+08
   3.74000000E-02   6.23031692E+08   6.52177048E+08   6.52177048E+08   7.93414828E+08   6.61900657E+08   6.61900657E+08
   3.76000000E-02   6.10069633E+08   6.40197278E+08   6.40197278E+08   7.74902894E+08   6.47602151E+08   6.47602151E+08
   3.78000000E-02   5.97295651E+08   6.28389188E+08   6.28389188E+08   7.56662270E+08   6.33511826E+08   6.33511826E+08
   3.80000000E-02   5.84706243E+08   6.16749598E+08   6.16749598E+08   7.38687881E+08   6.19625798E+08   6.19625798E+08
   3.82000000E-02   5.72297985E+08   6.05275398E+08   6.05275398E+08   7.20974769E+08   6.05940273E+08   6.05940273E+08
   3.84000000E-02   5.62928820E+08   5.95459176E+08   5.95459176E+08   7.08656757E+08   5.95896307E+08   5.95896307E+08
   3.86000000E-02   5.54201798E+08   5.86046762E+08   5.86046762E+08   6.97430030E+08   5.86608427E+08   5.86608427E+08
   3.88000000E-02   5.45594618E+08   5.76763914E+08   5.76763914E+08   6.86357885E+08   5.77448177E+08   5.77448177E+08
   3.90000000E-02   5.37105131E+08   5.67608305E+08   5.67608305E+08   6.75437546E+08   5.68413266E+08   5.68413266E+08
   3.92000000E-02   5.28731236E+08   5.58577661E+08   5.58577661E+08   6.64666302E+08   5.59501457E+08   5.59501457E+08
   3.94000000E-02   5.20470878E+08   5.49669760E+08   5.49669760E+08   6.54041498E+08   5.50710562E+08   5.50710562E+08
   3.96000000E-02   5.12322052E+08   5.40882429E+08   5.40882429E+08   6.43560544E+08   5.42038443E+08   5.42038443E+08
   3.98000000E-02   5.04282793E+08   5.32213545E+08   5.32213545E+08   6.33220905E+08   5.33483008E+08   5.33483008E+08
   4.00000000E-02   4.96351183E+08   5.23661029E+08   5.23661029E+08   6.23020101E+08   5.25042212E+08   5.25042212E+08
   4.02000000E-02   4.88525343E+08   5.15222851E+08   5.15222851E+08   6.12955709E+08   5.16714057E+08   5.16714057E+08
   4.04000000E-02   4.80803438E+08   5.06897024E+08   5.06897024E+08   6.03025358E+08   5.08496585E+08   5.08496585E+08
   4.06000000E-02   4.73183672E+08   4.98681603E+08   4.98681603E+08   5.93226730E+08   5.00387884E+08   5.00387884E+08
   4.08000000E-02   4.65664288E+08   4.90574688E+08   4.90574688E+08   5.83557555E+08   4.92386082E+08   4.92386082E+08
   4.10000000E-02   4.58243567E+08   4.82574419E+08   4.82574419E+08   5.74015615E+08   4.84489349E+08   4.84489349E+08
   4.12000000E-02   4.50919827E+08   4.74678977E+08   4.74678977E+08   5.64598737E+08   4.76695892E+08   4.76695892E+08
   4.14000000E-02   4.43691423E+08   4.66886579E+08   4.66886579E+08   5.55304798E+08   4.69003958E+08   4.69003958E+08
   4.16000000E-02   4.36556743E+08   4.59195483E+08   4.59195483E+08   5.46131716E+08   4.61411832E+08   4.61411832E+08
   4.18000000E-02   4.29514211E+08   4.51603983E+08   4.51603983E+08   5.37077457E+08   4.53917834E+08   4.53917834E+08
   4.20000000E-02   4.22562284E+08   4.44110410E+08   4.44110410E+08   5.28140029E+08   4.46520320E+08   4.46520320E+08
   4.22000000E-02   4.15699450E+08   4.36713128E+08   4.36713128E+08   5.19317480E+08   4.39217681E+08   4.39217681E+08
   4.24000000E-02   4.08924232E+08   4.29410538E+08   4.29410538E+08   5.10607901E+08   4.32008342E+08   4.32008342E+08
   4.26000000E-02   4.02235181E+08   4.22201072E+08   4.22201072E+08   5.02009423E+08   4.24890759E+08   4.24890759E+08
   4.28000000E-02   3.95630878E+08   4.15083196E+08   4.15083196E+08   4.93520215E+08   4.17863422E+08   4.17863422E+08
   4.30000000E-02   3.89109934E+08   4.08055407E+08   4.08055407E+08   4.85138483E+08   4.10924851E+08   4.10924851E+08
   4.32000000E-02   3.82670990E+08   4.01116234E+08   4.01116234E+08   4.76862472E+08   4.04073599E+08   4.04073599E+08
   4.34000000E-02   3.76312713E+08   3.94264235E+08   3.94264235E+08   4.68690462E+08   3.97308244E+08   3.97308244E+08
   4.36000000E-02   3.70033797E+08   3.87497997E+08   3.87497997E+08   4.60620767E+08   3.90627397E+08   3.90627397E+08
   4.38000000E-02   3.63832964E+08   3.80816137E+08   3.80816137E+08   4.52651737E+08   3.84029696E+08   3.84029696E+08
   4.40000000E-02   3.57708961E+08   3.74217301E+08   3.74217301E+08   4.44781755E+08   3.77513807E+08   3.77513807E+08
   4.42000000E-02   3.51660560E+08   3.67700159E+08   3.67700159E+08   4.37009235E+08   3.71078420E+08   3.71078420E+08
   4.44000000E-02   3.45686558E+08   3.61263409E+08   3.61263409E+08   4.29332625E+08   3.64722256E+08   3.64722256E+08
   4.46000000E-02   3.39785777E+08   3.54905778E+08   3.54905778E+08   4.21750403E+08   3.58444058E+08   3.58444058E+08
   4.48000000E-02   3.33957060E+08   3.48626014E+08   3.48626014E+08   4.14261078E+08   3.52242596E+08   3.52242596E+08
   4.50000000E-02   3.28199275E+08   3.42422892E+08   3.42422892E+08   4.06863186E+08   3.46116662E+08   3.46116662E+08
   4.52000000E-02   3.22511312E+08   3.36295210E+08   3.36295210E+08   3.99555296E+08   3.40065074E+08   3.40065074E+08
   4.54000000E-02   3.16892081E+08   3.30241792E+08   3.30241792E+08   3.92336001E+08   3.34086672E+08   3.34086672E+08
   4.56000000E-02   3.11340516E+08   3.24261483E+08   3.24261483E+08   3.85203925E+08   3.28180320E+08   3.28180320E+08
   4.58000000E-02   3.05855569E+08   3.18353149E+08   3.18353149E+08   3.78157716E+08   3.22344902E+08   3.22344902E+08
   4.60000000E-02   3.00436215E+08   3.12515682E+08   3.12515682E+08   3.71196049E+08   3.16579327E+08   3.16579327E+08
   4.62000000E-02   2.95081448E+08   3.06747993E+08   3.06747993E+08   3.64317627E+08   3.10882520E+08   3.10882520E+08
   4.64000000E-02   2.89790279E+08   3.01049013E+08   3.01049013E+08   3.57521174E+08   3.05253432E+08   3.05253432E+08
   4.66000000E-02   2.84561741E+08   2.95417696E+08   2.95417696E+08   3.50805442E+08   2.99691031E+08   2.99691031E+08
   4.68000000E-02   2.79394884E+08   2.89853014E+08   2.89853014E+08   3.44169204E+08   2.94194305E+08   2.94194305E+08
   4.70000000E-02   2.74288777E+08   2.84353959E+08   2.84353959E+08   3.37611258E+08   2.88762262E+08   2.88762262E+08
   4.72000000E-02   2.69242504E+08   2.78919542E+08   2.78919542E+08   3.31130424E+08   2.83393928E+08   2.83393928E+08
   4.74000000E-02   2.64255170E+08   2.73548795E+08   2.73548795E+08   3.24725545E+08   2.78088349E+08   2.78088349E+08
   4.76000000E-02   2.59325894E+08   2.68240764E+08   2.68240764E+08   3.18395485E+08   2.72844585E+08   2.72844585E+08
   4.78000000E-02   2.54453813E+08   2.62994515E+08   2.62994515E+08   3.12139129E+08   2.67661719E+08   2.67661719E+08
   4.80000000E-02   2.49638079E+08   2.57809132E+08   2.57809132E+08   3.05955384E+08   2.62538846E+08   2.62538846E+08
   4.82000000E-02   2.44877860E+08   2.52683715E+08   2.52683715E+08   2.99843177E+08   2.57475082E+08   2.57475082E+08
   4.84000000E-02   2.40172340E+08   2.47617382E+08   2.47617382E+08   2.93801454E+08   2.52469556E+08   2.52469556E+08
   4.86000000E-02   2.35520717E+08   2.42609265E+08   2.42609265E+08   2.87829180E+08   2.47521414E+08   2.47521414E+08
   4.88000000E-02   2.30922205E+08   2.37658513E+08   2.37658513E+08   2.81925341E+08   2.42629820E+08   2.42629820E+08
   4.90000000E-02   2.26376031E+08   2.32764291E+08   2.32764291E+08   2.76088939E+08   2.37793950E+08   2.37793950E+08
   4.92000000E-02   2.21881437E+08   2.27925780E+08   2.27925780E+08   2.70318997E+08   2.33012996E+08   2.33012996E+08
   4.94000000E-02   2.17437679E+08   2.23142173E+08   2.23142173E+08   2.64614552E+08   2.28286166E+08   2.28286166E+08
   4.96000000E-02   2.13044024E+08   2.18412680E+08   2.18412680E+08   2.58974663E+08   2.23612681E+08   2.23612681E+08
   4.98000000E-02   2.08699756E+08   2.13736524E+08   2.13736524E+08   2.53398403E+08   2.18991775E+08   2.18991775E+08
   5.00000000E-02   2.04404168E+08   2.09112943E+08   2.09112943E+08   2.47884860E+08   2.14422699E+08   2.14422699E+08
   5.02000000E-02   2.00156569E+08   2.04541188E+08   2.04541188E+08   2.42433143E+08   2.09904713E+08   2.09904713E+08
   5.04000000E-02   1.95956277E+08   2.00020523E+08   2.00020523E+08   2.37042373E+08   2.05437094E+08   2.05437094E+08
   5.06000000E-02   1.91802626E+08   1.95550226E+08   1.95550226E+08   2.31711688E+08   2.01019131E+08   2.01019131E+08
   5.08000000E-02   1.87694958E+08   1.91129586E+08   1.91129586E+08   2.26440242E+08   1.96650123E+08   1.96650123E+08
   5.10000000E-02   1.83632628E+08   1.86757907E+08   1.86757907E+08   2.21227201E+08   1.92329384E+08   1.92329384E+08
   5.12000000E-02   1.79615003E+08   1.82434503E+08   1.82434503E+08   2.16071749E+08   1.88056239E+08   1.88056239E+08
   5.14000000E-02   1.75641461E+08   1.78158701E+08   1.78158701E+08   2.10973082E+08   1.83830026E+08   1.83830026E+08
   5.16000000E-02   1.71711388E+08   1.73929839E+08   1.73929839E+08   2.05930411E+08   1.79650092E+08   1.79650092E+08
   5.18000000E-02   1.67824186E+08   1.69747267E+08   1.69747267E+08   2.00942961E+08   1.75515797E+08   1.75515797E+08
   5.20000000E-02   1.63979261E+08   1.65610347E+08   1.65610347E+08   1.96009969E+08   1.71426512E+08   1.71426512E+08
   5.22000000E-02   1.60176035E+08   1.61518451E+08   1.61518451E+08   1.91130686E+08   1.67381620E+08   1.67381620E+08
   5.24000000E-02   1.56413936E+08   1.57470962E+08   1.57470962E+08   1.86304377E+08   1.63380511E+08   1.63380511E+08
   5.26000000E-02   1.52692403E+08   1.53467273E+08   1.53467273E+08   1.81530317E+08   1.59422588E+08   1.59422588E+08
   5.28000000E-02   1.49010885E+08   1.49506788E+08   1.49506788E+08   1.76807796E+08   1.55507265E+08   1.55507265E+08
   5.30000000E-02   1.45368840E+08   1.45588921E+08   1.45588921E+08   1.72136113E+08   1.51633964E+08   1.51633964E+08
   5.32000000E-02   1.41765736E+08   1.41713095E+08   1.41713095E+08   1.67514582E+08   1.47802118E+08   1.47802118E+08
   5.34000000E-02   1.38201047E+08   1.37878745E+08   1.37878745E+08   1.62942527E+08   1.44011168E+08   1.44011168E+08
   5.36000000E-02   1.34674259E+08   1.34085314E+08   1.34085314E+08   1.58419283E+08   1.40260566E+08   1.40260566E+08
   5.38000000E-02   1.31184865E+08   1.30332253E+08   1.30332253E+08   1.53944197E+08   1.36549773E+08   1.36549773E+08
   5.40000000E-02   1.27732368E+08   1.26619024E+08   1.26619024E+08   1.49516626E+08   1.32878257E+08   1.32878257E+08
   5.42000000E-02   1.24316277E+08   1.22945098E+08   1.22945098E+08   1.45135938E+08   1.29245498E+08   1.29245498E+08
   5.44000000E-02   1.20936111E+08   1.19309953E+08   1.19309953E+08   1.40801513E+08   1.25650982E+08   1.25650982E+08
   5.46000000E-02   1.17591396E+08   1.15713079E+08   1.15713079E+08   1.36512739E+08   1.22094205E+08   1.22094205E+08
   5.48000000E-02   1.14281665E+08   1.12153970E+08   1.12153970E+08   1.32269015E+08   1.18574670E+08   1.18574670E+08
   5.50000000E-02   1.11006461E+08   1.08632131E+08   1.08632131E+08   1.28069749E+08   1.15091890E+08   1.15091890E+08
   5.52000000E-02   1.07765333E+08   1.05147075E+08   1.05147075E+08   1.23914360E+08   1.11645383E+08   1.11645383E+08
   5.54000000E-02   1.04557837E+08   1.01698322E+08   1.01698322E+08   1.19802277E+08   1.08234678E+08   1.08234678E+08
   5.56000000E-02   1.01383536E+08   9.82854009E+07   9.82854009E+07   1.15732935E+08   1.04859310E+08   1.04859310E+08
   5.58000000E-02   9.82420014E+07   9.49078469E+07   9.49078469E+07   1.11705782E+08   1.01518821E+08   1.01518821E+08
   5.60000000E-02   9.51328107E+07   9.15652035E+07   9.15652035E+07   1.07720273E+08   9.82127628E+07   9.82127628E+07
   5.62000000E-02   9.29106325E+07   8.87039832E+07   8.87039832E+07   1.04954824E+08   9.58865456E+07   9.58865456E+07
   5.64000000E-02   9.18559724E+07   8.64705805E+07   8.64705805E+07   1.03795489E+08   9.48502966E+07   9.48502966E+07
   5.66000000E-02   9.08113236E+07   8.42597301E+07   8.42597301E+07   1.02647123E+08   9.38238268E+07   9.38238268E+07
   5.68000000E-02   8.98012695E+07   8.26151003E+07   8.26151003E+07   1.01509591E+08   9.28070155E+07   9.28070155E+07
   5.70000000E-02   8.88345450E+07   8.17314010E+07   8.17314010E+07   1.00382761E+08   9.17997441E+07   9.17997441E+07
   5.72000000E-02   8.78768553E+07   8.08559542E+07   8.08559542E+07   9.92665001E+07   9.08018957E+07   9.08018957E+07
   5.74000000E-02   8.69280901E+07   7.99886590E+07   7.99886590E+07   9.81606801E+07   8.98133553E+07   8.98133553E+07
   5.76000000E-02   8.59881408E+07   7.91294164E+07   7.91294164E+07   9.70651734E+07   8.88340095E+07   8.88340095E+07
   5.78000000E-02   8.50569005E+07   7.82781288E+07   7.82781288E+07   9.59798549E+07   8.78637470E+07   8.78637470E+07
   5.80000000E-02   8.41342640E+07   7.74347000E+07   7.74347000E+07   9.49046013E+07   8.69024577E+07   8.69024577E+07
   5.82000000E-02   8.32201276E+07   7.65990354E+07   7.65990354E+07   9.38392909E+07   8.59500335E+07   8.59500335E+07
   5.84000000E-02   8.23143892E+07   7.57710417E+07   7.57710417E+07   9.27838044E+07   8.50063680E+07   8.50063680E+07
   5.86000000E-02   8.14169482E+07   7.49506272E+07   7.49506272E+07   9.17380237E+07   8.40713563E+07   8.40713563E+07
   5.88000000E-02   8.05277057E+07   7.41377014E+07   7.41377014E+07   9.07018330E+07   8.31448948E+07   8.31448948E+07
   5.90000000E-02   7.96465641E+07   7.33321753E+07   7.33321753E+07   8.96751179E+07   8.22268821E+07   8.22268821E+07
   5.92000000E-02   7.87734273E+07   7.25339611E+07   7.25339611E+07   8.86577658E+07   8.13172176E+07   8.13172176E+07
   5.94000000E-02   7.79082006E+07   7.17429723E+07   7.17429723E+07   8.76496659E+07   8.04158028E+07   8.04158028E+07
   5.96000000E-02   7.70507908E+07   7.09591240E+07   7.09591240E+07   8.66507090E+07   7.95225403E+07   7.95225403E+07
   5.98000000E-02   7.62011061E+07   7.01823321E+07   7.01823321E+07   8.56607874E+07   7.86373344E+07   7.86373344E+07
   6.00000000E-02   7.53590560E+07   6.94125140E+07   6.94125140E+07   8.46797951E+07   7.77600905E+07   7.77600905E+07
   6.02000000E-02   7.45245513E+07   6.86495884E+07   6.86495884E+07   8.37076277E+07   7.68907156E+07   7.68907156E+07
   6.04000000E-02   7.36975042E+07   6.78934750E+07   6.78934750E+07   8.27441823E+07   7.60291182E+07   7.60291182E+07
   6.06000000E-02   7.28778280E+07   6.71440948E+07   6.71440948E+07   8.17893574E+07   7.51752078E+07   7.51752078E+07
   6.08000000E-02   7.20654376E+07   6.64013698E+07   6.64013698E+07   8.08430531E+07   7.43288955E+07   7.43288955E+07
   6.10000000E-02   7.12602488E+07   6.56652234E+07   6.56652234E+07   7.99051710E+07   7.34900936E+07   7.34900936E+07
   6.12000000E-02   7.04621788E+07   6.49355799E+07   6.49355799E+07   7.89756140E+07   7.26587157E+07   7.26587157E+07
   6.14000000E-02   6.96711460E+07   6.42123647E+07   6.42123647E+07   7.80542864E+07   7.18346765E+07   7.18346765E+07
   6.16000000E-02   6.88870699E+07   6.34955043E+07   6.34955043E+07   7.71410942E+07   7.10178922E+07   7.10178922E+07
   6.18000000E-02   6.81098713E+07   6.27849265E+07   6.27849265E+07   7.62359442E+07   7.02082799E+07   7.02082799E+07
   6.20000000E-02   6.73394718E+07   6.20805596E+07   6.20805596E+07   7.53387451E+07   6.94057583E+07   6.94057583E+07
   6.22000000E-02   6.65757946E+07   6.13823335E+07   6.13823335E+07   7.44494065E+07   6.86102468E+07   6.86102468E+07
   6.24000000E-02   6.58187636E+07   6.06901788E+07   6.06901788E+07   7.35678395E+07   6.78216662E+07   6.78216662E+07
   6.26000000E-02   6.50683040E+07   6.00040270E+07   6.00040270E+07   7.26939563E+07   6.70399384E+07   6.70399384E+07
   6.28000000E-02   6.43243419E+07   5.93238108E+07   5.93238108E+07   7.18276706E+07   6.62649864E+07   6.62649864E+07
   6.30000000E-02   6.35868047E+07   5.86494638E+07   5.86494638E+07   7.09688971E+07   6.54967343E+07   6.54967343E+07
   6.32000000E-02   6.28556205E+07   5.79809203E+07   5.79809203E+07   7.01175517E+07   6.47351072E+07   6.47351072E+07
   6.34000000E-02   6.21307186E+07   5.73181159E+07   5.73181159E+07   6.92735516E+07   6.39800313E+07   6.39800313E+07
   6.36000000E-02   6.14120292E+07   5.66609868E+07   5.66609868E+07   6.84368152E+07   6.32314339E+07   6.32314339E+07
   6.38000000E-02   6.06994837E+07   5.60094702E+07   5.60094702E+07   6.76072618E+07   6.24892432E+07   6.24892432E+07
   6.40000000E-02   5.99930141E+07   5.53635042E+07   5.53635042E+07   6.67848120E+07   6.17533885E+07   6.17533885E+07
   6.42000000E-02   5.92925536E+07   5.47230277E+07   5.47230277E+07   6.59693876E+07   6.10237999E+07   6.10237999E+07
   6.44000000E-02   5.85980362E+07   5.40879805E+07   5.40879805E+07   6.51609112E+07   6.03004087E+07   6.03004087E+07
   6.46000000E-02   5.79093969E+07   5.34583032E+07   5.34583032E+07   6.43593067E+07   5.95831470E+07   5.95831470E+07
   6.48000000E-02   5.72265716E+07   5.28339372E+07   5.28339372E+07   6.35644990E+07   5.88719479E+07   5.88719479E+07
   6.50000000E-02   5.65494969E+07   5.22148248E+07   5.22148248E+07   6.27764139E+07   5.81667453E+07   5.81667453E+07
   6.52000000E-02   5.58781105E+07   5.16009088E+07   5.16009088E+07   6.19949784E+07   5.74674743E+07   5.74674743E+07
   6.54000000E-02   5.52123508E+07   5.09921332E+07   5.09921332E+07   6.12201204E+07   5.67740705E+07   5.67740705E+07
   6.56000000E-02   5.45521571E+07   5.03884425E+07   5.03884425E+07   6.04517688E+07   5.60864706E+07   5.60864706E+07
   6.58000000E-02   5.38974695E+07   4.97897819E+07   4.97897819E+07   5.96898534E+07   5.54046121E+07   5.54046121E+07
   6.60000000E-02   5.32482289E+07   4.91960976E+07   4.91960976E+07   5.89343051E+07   5.47284333E+07   5.47284333E+07
   6.62000000E-02   5.26043770E+07   4.86073362E+07   4.86073362E+07   5.81850556E+07   5.40578736E+07   5.40578736E+07
   6.64000000E-02   5.19658562E+07   4.80234453E+07   4.80234453E+07   5.74420375E+07   5.33928728E+07   5.33928728E+07
   6.66000000E-02   5.13326100E+07   4.74443730E+07   4.74443730E+07   5.67051844E+07   5.27333717E+07   5.27333717E+07
   6.68000000E-02   5.07045822E+07   4.68700683E+07   4.68700683E+07   5.59744308E+07   5.20793121E+07   5.20793121E+07
   6.70000000E-02   5.00817176E+07   4.63004806E+07   4.63004806E+07   5.52497119E+07   5.14306361E+07   5.14306361E+07
   6.72000000E-02   4.94639618E+07   4.57355602E+07   4.57355602E+07   5.45309639E+07   5.07872871E+07   5.07872871E+07
   6.74000000E-02   4.88512610E+07   4.51752580E+07   4.51752580E+07   5.38181240E+07   5.01492088E+07   5.01492088E+07
   6.76000000E-02   4.82435620E+07   4.46195255E+07   4.46195255E+07   5.31111299E+07   4.95163460E+07   4.95163460E+07
   6.78000000E-02   4.76408125E+07   4.40683149E+07   4.40683149E+07   5.24099203E+07   4.88886439E+07   4.88886439E+07
   6.80000000E-02   4.70429608E+07   4.35215790E+07   4.35215790E+07   5.17144346E+07   4.82660487E+07   4.82660487E+07
   6.82000000E-02   4.64499560E+07   4.29792712E+07   4.29792712E+07   5.10246133E+07   4.76485071E+07   4.76485071E+07
   6.84000000E-02   4.58617476E+07   4.24413455E+07   4.24413455E+07   5.03403973E+07   4.70359667E+07   4.70359667E+07
   6.86000000E-02   4.52782860E+07   4.19077566E+07   4.19077566E+07   4.96617284E+07   4.64283755E+07   4.64283755E+07
   6.88000000E-02   4.46995222E+07   4.13784596E+07   4.13784596E+07   4.89885492E+07   4.58256825E+07   4.58256825E+07
   6.90000000E-02   4.41254077E+07   4.08534104E+07   4.08534104E+07   4.83208032E+07   4.52278371E+07   4.52278371E+07
   6.92000000E-02   4.35558947E+07   4.03325653E+07   4.03325653E+07   4.76584342E+07   4.46347895E+07   4.46347895E+07
   6.94000000E-02   4.29909361E+07   3.98158813E+07   3.98158813E+07   4.70013871E+07   4.40464905E+07   4.40464905E+07
   6.96000000E-02   4.24304854E+07   3.93033157E+07   3.93033157E+07   4.63496074E+07   4.34628915E+07   4.34628915E+07
   6.98000000E-02   4.18744965E+07   3.87948267E+07   3.87948267E+07   4.57030413E+07   4.28839446E+07   4.28839446E+07
   7.00000000E-02   4.13229241E+07   3.82903729E+07   3.82903729E+07   4.50616357E+07   4.23096024E+07   4.23096024E+07
   7.02000000E-02   4.07757234E+07   3.77899131E+07   3.77899131E+07   4.44253380E+07   4.17398183E+07   4.17398183E+07
   7.04000000E-02   4.02328501E+07   3.72934072E+07   3.72934072E+07   4.37940966E+07   4.11745459E+07   4.11745459E+07
   7.06000000E-02   3.96942606E+07   3.68008152E+07   3.68008152E+07   4.31678602E+07   4.06137399E+07   4.06137399E+07
   7.08000000E-02   3.91599118E+07   3.63120977E+07   3.63120977E+07   4.25465785E+07   4.00573552E+07   4.00573552E+07
   7.10000000E-02   3.86297610E+07   3.58272159E+07   3.58272159E+07   4.19302016E+07   3.95053474E+07   3.95053474E+07
   7.12000000E-02   3.81037663E+07   3.53461313E+07   3.53461313E+07   4.13186802E+07   3.89576727E+07   3.89576727E+07
   7.14000000E-02   3.75818861E+07   3.48688060E+07   3.48688060E+07   4.07119659E+07   3.84142877E+07   3.84142877E+07
   7.16000000E-02   3.70640795E+07   3.43952026E+07   3.43952026E+07   4.01100105E+07   3.78751497E+07   3.78751497E+07
   7.18000000E-02   3.65503059E+07   3.39252842E+07   3.39252842E+07   3.95127667E+07   3.73402165E+07   3.73402165E+07
   7.20000000E-02   3.60405254E+07   3.34590141E+07   3.34590141E+07   3.89201877E+07   3.68094463E+07   3.68094463E+07
   7.22000000E-02   3.55346985E+07   3.29963564E+07   3.29963564E+07   3.83322273E+07   3.62827980E+07   3.62827980E+07
   7.24000000E-02   3.50327862E+07   3.25372755E+07   3.25372755E+07   3.77488399E+07   3.57602309E+07   3.57602309E+07
   7.26000000E-02   3.45347500E+07   3.20817361E+07   3.20817361E+07   3.71699803E+07   3.52417048E+07   3.52417048E+07
   7.28000000E-02   3.40405518E+07   3.16297035E+07   3.16297035E+07   3.65956040E+07   3.47271801E+07   3.47271801E+07
   7.30000000E-02   3.35501541E+07   3.11811434E+07   3.11811434E+07   3.60256671E+07   3.42166175E+07   3.42166175E+07
   7.32000000E-02   3.30635198E+07   3.07360219E+07   3.07360219E+07   3.54601261E+07   3.37099784E+07   3.37099784E+07
   7.34000000E-02   3.25806121E+07   3.02943056E+07   3.02943056E+07   3.48989382E+07   3.32072244E+07   3.32072244E+07
   7.36000000E-02   3.21013950E+07   2.98559612E+07   2.98559612E+07   3.43420609E+07   3.27083179E+07   3.27083179E+07
   7.38000000E-02   3.16258325E+07   2.94209563E+07   2.94209563E+07   3.37894523E+07   3.22132214E+07   3.22132214E+07
   7.40000000E-02   3.11538894E+07   2.89892585E+07   2.89892585E+07   3.32410711E+07   3.17218982E+07   3.17218982E+07
   7.42000000E-02   3.06855308E+07   2.85608358E+07   2.85608358E+07   3.26968765E+07   3.12343119E+07   3.12343119E+07
   7.44000000E-02   3.02207221E+07   2.81356569E+07   2.81356569E+07   3.21568280E+07   3.07504263E+07   3.07504263E+07
   7.46000000E-02   2.97594293E+07   2.77136905E+07   2.77136905E+07   3.16208858E+07   3.02702061E+07   3.02702061E+07
   7.48000000E-02   2.93016187E+07   2.72949060E+07   2.72949060E+07   3.10890105E+07   2.97936161E+07   2.97936161E+07
   7.50000000E-02   2.88472571E+07   2.68792730E+07   2.68792730E+07   3.05611631E+07   2.93206215E+07   2.93206215E+07
   7.52000000E-02   2.83963116E+07   2.64667613E+07   2.64667613E+07   3.00373052E+07   2.88511881E+07   2.88511881E+07
   7.54000000E-02   2.79487497E+07   2.60573414E+07   2.60573414E+07   2.95173988E+07   2.83852821E+07   2.83852821E+07
   7.56000000E-02   2.75045392E+07   2.56509840E+07   2.56509840E+07   2.90014064E+07   2.79228699E+07   2.79228699E+07
   7.58000000E-02   2.70636486E+07   2.52476601E+07   2.52476601E+07   2.84892907E+07   2.74639185E+07   2.74639185E+07
   7.60000000E-02   2.66260464E+07   2.48473410E+07   2.48473410E+07   2.79810152E+07   2.70083952E+07   2.70083952E+07
   7.62000000E-02   2.61917018E+07   2.44499985E+07   2.44499985E+07   2.74765435E+07   2.65562676E+07   2.65562676E+07
   7.64000000E-02   2.57605840E+07   2.40556047E+07   2.40556047E+07   2.69758400E+07   2.61075039E+07   2.61075039E+07
   7.66000000E-02   2.53326629E+07   2.36641318E+07   2.36641318E+07   2.64788692E+07   2.56620725E+07   2.56620725E+07
   7.68000000E-02   2.49079085E+07   2.32755527E+07   2.32755527E+07   2.59855960E+07   2.52199423E+07   2.52199423E+07
   7.70000000E-02   2.44862913E+07   2.28898402E+07   2.28898402E+07   2.54959861E+07   2.47810824E+07   2.47810824E+07
   7.72000000E-02   2.40677822E+07   2.25069679E+07   2.25069679E+07   2.50100051E+07   2.43454623E+07   2.43454623E+07
   7.74000000E-02   2.36523522E+07   2.21269092E+07   2.21269092E+07   2.45276193E+07   2.39130521E+07   2.39130521E+07
   7.76000000E-02   2.32399728E+07   2.17496381E+07   2.17496381E+07   2.40487953E+07   2.34838218E+07   2.34838218E+07
   7.78000000E-02   2.28306159E+07   2.13751290E+07   2.13751290E+07   2.35735003E+07   2.30577421E+07   2.30577421E+07
   7.80000000E-02   2.24242535E+07   2.10033562E+07   2.10033562E+07   2.31017014E+07   2.26347840E+07   2.26347840E+07
   7.82000000E-02   2.20208581E+07   2.06342948E+07   2.06342948E+07   2.26333666E+07   2.22149187E+07   2.22149187E+07
   7.84000000E-02   2.16204026E+07   2.02679197E+07   2.02679197E+07   2.21684638E+07   2.17981178E+07   2.17981178E+07
   7.86000000E-02   2.12228598E+07   1.99042064E+07   1.99042064E+07   2.17069618E+07   2.13843532E+07   2.13843532E+07
   7.88000000E-02   2.08282033E+07   1.95431306E+07   1.95431306E+07   2.12488292E+07   2.09735972E+07   2.09735972E+07
   7.90000000E-02   2.04364068E+07   1.91846683E+07   1.91846683E+07   2.07940354E+07   2.05658223E+07   2.05658223E+07
   7.92000000E-02   2.00474442E+07   1.88287956E+07   1.88287956E+07   2.03425498E+07   2.01610013E+07   2.01610013E+07
   7.94000000E-02   1.96612897E+07   1.84754892E+07   1.84754892E+07   1.98943424E+07   1.97591076E+07   1.97591076E+07
   7.96000000E-02   1.92779181E+07   1.81247258E+07   1.81247258E+07   1.94493835E+07   1.93601145E+07   1.93601145E+07
   7.98000000E-02   1.88973041E+07   1.77764824E+07   1.77764824E+07   1.90076436E+07   1.89639958E+07   1.89639958E+07
   8.00000000E-02   1.85194228E+07   1.74307362E+07   1.74307362E+07   1.85690937E+07   1.85707256E+07   1.85707256E+07
   8.02000000E-02   1.81442498E+07   1.70874650E+07   1.70874650E+07   1.81337050E+07   1.81802783E+07   1.81802783E+07
   8.04000000E-02   1.77717606E+07   1.67466464E+07   1.67466464E+07   1.77014490E+07   1.77926285E+07   1.77926285E+07
   8.06000000E-02   1.74019313E+07   1.64082586E+07   1.64082586E+07   1.72722977E+07   1.74077511E+07   1.74077511E+07
   8.08000000E-02   1.70347381E+07   1.60722797E+07   1.60722797E+07   1.68462233E+07   1.70256214E+07   1.70256214E+07
   8.10000000E-02   1.66701576E+07   1.57386884E+07   1.57386884E+07   1.64231983E+07   1.66462149E+07   1.66462149E+07
   8.12000000E-02   1.63081664E+07   1.54074635E+07   1.54074635E+07   1.60031954E+07   1.62695073E+07   1.62695073E+07
   8.14000000E-02   1.59487416E+07   1.50785838E+07   1.50785838E+07   1.55861878E+07   1.58954747E+07   1.58954747E+07
   8.16000000E-02   1.55918604E+07   1.47520288E+07   1.47520288E+07   1.51721490E+07   1.55240933E+07   1.55240933E+07
   8.18000000E-02   1.52375004E+07   1.44277777E+07   1.44277777E+07   1.47610526E+07   1.51553398E+07   1.51553398E+07
   8.20000000E-02   1.48856394E+07   1.41058105E+07   1.41058105E+07   1.43528727E+07   1.47891909E+07   1.47891909E+07
   8.22000000E-02   1.45362554E+07   1.37861068E+07   1.37861068E+07   1.39475834E+07   1.44256237E+07   1.44256237E+07
   8.24000000E-02   1.42270834E+07   1.34883829E+07   1.34883829E+07   1.35941941E+07   1.41056719E+07   1.41056719E+07
   8.26000000E-02   1.40990501E+07   1.32862941E+07   1.32862941E+07   1.34755160E+07   1.39825291E+07   1.39825291E+07
   8.28000000E-02   1.39718612E+07   1.30855903E+07   1.30855903E+07   1.33576182E+07   1.38601958E+07   1.38601958E+07
   8.30000000E-02   1.38455093E+07   1.28862596E+07   1.28862596E+07   1.32404939E+07   1.37386652E+07   1.37386652E+07
   8.32000000E-02   1.37199874E+07   1.26882901E+07   1.26882901E+07   1.31241367E+07   1.36179305E+07   1.36179305E+07
   8.34000000E-02   1.35952885E+07   1.24916701E+07   1.24916701E+07   1.30085400E+07   1.34979849E+07   1.34979849E+07
   8.36000000E-02   1.34714056E+07   1.22963879E+07   1.22963879E+07   1.28936974E+07   1.33788218E+07   1.33788218E+07
   8.38000000E-02   1.33483318E+07   1.21024322E+07   1.21024322E+07   1.27796025E+07   1.32604346E+07   1.32604346E+07
   8.40000000E-02   1.32260603E+07   1.19097915E+07   1.19097915E+07   1.26662491E+07   1.31428167E+07   1.31428167E+07
   8.42000000E-02   1.31045843E+07   1.17184546E+07   1.17184546E+07   1.25536310E+07   1.30259618E+07   1.30259618E+07
   8.44000000E-02   1.29838972E+07   1.15284105E+07   1.15284105E+07   1.24417419E+07   1.29098633E+07   1.29098633E+07
   8.46000000E-02   1.28639924E+07   1.13396481E+07   1.13396481E+07   1.23305758E+07   1.27945151E+07   1.27945151E+07
   8.48000000E-02   1.27448633E+07   1.11521565E+07   1.11521565E+07   1.22201267E+07   1.26799107E+07   1.26799107E+07
   8.50000000E-02   1.26265035E+07   1.09659251E+07   1.09659251E+07   1.21103885E+07   1.25660441E+07   1.25660441E+07
   8.52000000E-02   1.25089066E+07   1.07809431E+07   1.07809431E+07   1.20013555E+07   1.24529091E+07   1.24529091E+07
   8.54000000E-02   1.23920662E+07   1.05972000E+07   1.05972000E+07   1.18930217E+07   1.23404997E+07   1.23404997E+07
   8.56000000E-02   1.22759762E+07   1.04146854E+07   1.04146854E+07   1.17853813E+07   1.22288098E+07   1.22288098E+07
   8.58000000E-02   1.21606302E+07   1.02333890E+07   1.02333890E+07   1.16784287E+07   1.21178335E+07   1.21178335E+07
   8.60000000E-02   1.20460222E+07   1.00533005E+07   1.00533005E+07   1.15721581E+07   1.20075649E+07   1.20075649E+07
   8.62000000E-02   1.19321460E+07   9.87440996E+06   9.87440996E+06   1.14665641E+07   1.18979983E+07   1.18979983E+07
   8.64000000E-02   1.18189957E+07   9.69670728E+06   9.69670728E+06   1.13616409E+07   1.17891279E+07   1.17891279E+07
   8.66000000E-02   1.17065654E+07   9.52018260E+06   9.52018260E+06   1.12573832E+07   1.16809479E+07   1.16809479E+07
   8.68000000E-02   1.15948491E+07   9.34482613E+06   9.34482613E+06   1.11537856E+07   1.15734527E+07   1.15734527E+07
   8.70000000E-02   1.14838411E+07   9.17062818E+06   9.17062818E+06   1.10508425E+07   1.14666369E+07   1.14666369E+07
   8.72000000E-02   1.13735355E+07   8.99757917E+06   8.99757917E+06   1.09485488E+07   1.13604947E+07   1.13604947E+07
   8.74000000E-02   1.12639267E+07   8.82566960E+06   8.82566960E+06   1.08468991E+07   1.12550209E+07   1.12550209E+07
   8.76000000E-02   1.11550089E+07   8.65489010E+06   8.65489010E+06   1.07458882E+07   1.11502099E+07   1.11502099E+07
   8.78000000E-02   1.10467767E+07   8.48523136E+06   8.48523136E+06   1.06455110E+07   1.10460564E+07   1.10460564E+07
   8.80000000E-02   1.09392245E+07   8.31668420E+06   8.31668420E+06   1.05457624E+07   1.09425551E+07   1.09425551E+07
   8.82000000E-02   1.08323467E+07   8.14923950E+06   8.14923950E+06   1.04466372E+07   1.08397008E+07   1.08397008E+07
   8.84000000E-02   1.07261381E+07   7.98288825E+06   7.98288825E+06   1.03481306E+07   1.07374882E+07   1.07374882E+07
   8.86000000E-02   1.06205932E+07   7.81762154E+06   7.81762154E+06   1.02502375E+07   1.06359123E+07   1.06359123E+07
   8.88000000E-02   1.05157066E+07   7.65343054E+06   7.65343054E+06   1.01529531E+07   1.05349679E+07   1.05349679E+07
   8.90000000E-02   1.04114732E+07   7.49030651E+06   7.49030651E+06   1.00562724E+07   1.04346500E+07   1.04346500E+07
   8.92000000E-02   1.03078878E+07   7.32824079E+06   7.32824079E+06   9.96019070E+06   1.03349536E+07   1.03349536E+07
   8.94000000E-02   1.02049451E+07   7.16722483E+06   7.16722483E+06   9.86470324E+06   1.02358738E+07   1.02358738E+07
   8.96000000E-02   1.01026401E+07   7.00725015E+06   7.00725015E+06   9.76980527E+06   1.01374057E+07   1.01374057E+07
   8.98000000E-02   1.00009678E+07   6.84830835E+06   6.84830835E+06   9.67549215E+06   1.00395444E+07   1.00395444E+07
   9.00000000E-02   9.89992301E+06   6.69039113E+06   6.69039113E+06   9.58175925E+06   9.94228514E+06   9.94228514E+06
   9.02000000E-02   9.79950092E+06   6.53349026E+06   6.53349026E+06   9.48860199E+06   9.84562321E+06   9.84562321E+06
   9.04000000E-02   9.69969659E+06   6.37759760E+06   6.37759760E+06   9.39601586E+06   9.74955389E+06   9.74955389E+06
   9.06000000E-02   9.60050518E+06   6.22270509E+06   6.22270509E+06   9.30399636E+06   9.65407252E+06   9.65407252E+06
   9.08000000E-02   9.50192185E+06   6.06880475E+06   6.06880475E+06   9.21253907E+06   9.55917450E+06   9.55917450E+06
   9.10000000E-02   9.40394187E+06   5.91588867E+06   5.91588867E+06   9.12163957E+06   9.46485527E+06   9.46485527E+06
   9.12000000E-02   9.30656051E+06   5.76394903E+06   5.76394903E+06   9.03129353E+06   9.37111031E+06   9.37111031E+06
   9.14000000E-02   9.21354107E+06   5.69593431E+06   5.69593431E+06   8.94149663E+06   9.27793515E+06   9.27793515E+06
   9.16000000E-02   9.12171121E+06   5.64209583E+06   5.64209583E+06   8.85224460E+06   9.18532537E+06   9.18532537E+06
   9.18000000E-02   9.03043755E+06   5.58858204E+06   5.58858204E+06   8.76353322E+06   9.09327657E+06   9.09327657E+06
   9.20000000E-02   8.93971578E+06   5.53539044E+06   5.53539044E+06   8.67535831E+06   9.00178441E+06   9.00178441E+06
   9.22000000E-02   8.84954164E+06   5.48251854E+06   5.48251854E+06   8.58771571E+06   8.91084460E+06   8.91084460E+06
   9.24000000E-02   8.75991090E+06   5.42996388E+06   5.42996388E+06   8.50060132E+06   8.82045288E+06   8.82045288E+06
   9.26000000E-02   8.67081940E+06   5.37772401E+06   5.37772401E+06   8.41401108E+06   8.73060502E+06   8.73060502E+06
   9.28000000E-02   8.58226297E+06   5.32579654E+06   5.32579654E+06   8.32794097E+06   8.64129685E+06   8.64129685E+06
   9.30000000E-02   8.49423753E+06   5.27417906E+06   5.27417906E+06   8.24238699E+06   8.55252424E+06   8.55252424E+06
   9.32000000E-02   8.40673901E+06   5.22286922E+06   5.22286922E+06   8.15734521E+06   8.46428308E+06   8.46428308E+06
   9.34000000E-02   8.31976338E+06   5.17186466E+06   5.17186466E+06   8.07281170E+06   8.37656933E+06   8.37656933E+06
   9.36000000E-02   8.23330667E+06   5.12116306E+06   5.12116306E+06   7.98878259E+06   8.28937895E+06   8.28937895E+06
   9.38000000E-02   8.14736493E+06   5.07076213E+06   5.07076213E+06   7.90525405E+06   8.20270798E+06   8.20270798E+06
   9.40000000E-02   8.06193425E+06   5.02065959E+06   5.02065959E+06   7.82222228E+06   8.11655246E+06   8.11655246E+06
   9.42000000E-02   7.97701075E+06   4.97085317E+06   4.97085317E+06   7.73968352E+06   8.03090849E+06   8.03090849E+06
   9.44000000E-02   7.89259061E+06   4.92134065E+06   4.92134065E+06   7.65763403E+06   7.94577221E+06   7.94577221E+06
   9.46000000E-02   7.80867001E+06   4.87211981E+06   4.87211981E+06   7.57607013E+06   7.86113978E+06   7.86113978E+06
   9.48000000E-02   7.72524521E+06   4.82318846E+06   4.82318846E+06   7.49498815E+06   7.77700741E+06   7.77700741E+06
   9.50000000E-02   7.64231247E+06   4.77454442E+06   4.77454442E+06   7.41438448E+06   7.69337133E+06   7.69337133E+06
   9.52000000E-02   7.55986810E+06   4.72618555E+06   4.72618555E+06   7.33425552E+06   7.61022783E+06   7.61022783E+06
   9.54000000E-02   7.47790845E+06   4.67810970E+06   4.67810970E+06   7.25459772E+06   7.52757321E+06   7.52757321E+06
   9.56000000E-02   7.39642988E+06   4.63031478E+06   4.63031478E+06   7.17540756E+06   7.44540382E+06   7.44540382E+06
   9.58000000E-02   7.31542882E+06   4.58279868E+06   4.58279868E+06   7.09668154E+06   7.36371604E+06   7.36371604E+06
   9.60000000E-02   7.23490170E+06   4.53555934E+06   4.53555934E+06   7.01841622E+06   7.28250629E+06   7.28250629E+06
   9.62000000E-02   7.15484500E+06   4.48859470E+06   4.48859470E+06   6.94060816E+06   7.20177100E+06   7.20177100E+06
   9.64000000E-02   7.07525523E+06   4.44190272E+06   4.44190272E+06   6.86325397E+06   7.12150666E+06   7.12150666E+06
   9.66000000E-02   6.99612894E+06   4.39548140E+06   4.39548140E+06   6.78635030E+06   7.04170978E+06   7.04170978E+06
   9.68000000E-02   6.91746270E+06   4.34932873E+06   4.34932873E+06   6.70989382E+06   6.96237691E+06   6.96237691E+06
   9.70000000E-02   6.83925311E+06   4.30344274E+06   4.30344274E+06   6.63388121E+06   6.88350463E+06   6.88350463E+06
   9.72000000E-02   6.76149682E+06   4.25782147E+06   4.25782147E+06   6.55830922E+06   6.80508953E+06   6.80508953E+06
   9.74000000E-02   6.68419048E+06   4.21246297E+06   4.21246297E+06   6.48317461E+06   6.72712827E+06   6.72712827E+06
   9.76000000E-02   6.60733081E+06   4.16736532E+06   4.16736532E+06   6.40847416E+06   6.64961750E+06   6.64961750E+06
   9.78000000E-02   6.53091452E+06   4.12252662E+06   4.12252662E+06   6.33420471E+06   6.57255394E+06   6.57255394E+06
   9.80000000E-02   6.45493839E+06   4.07794497E+06   4.07794497E+06   6.26036309E+06   6.49593431E+06   6.49593431E+06
   9.82000000E-02   6.37939919E+06   4.03361850E+06   4.03361850E+06   6.18694619E+06   6.41975538E+06   6.41975538E+06
   9.84000000E-02   6.30429374E+06   3.98954536E+06   3.98954536E+06   6.11395091E+06   6.34401393E+06   6.34401393E+06
   9.86000000E-02   6.22961890E+06   3.94572371E+06   3.94572371E+06   6.04137419E+06   6.26870679E+06   6.26870679E+06
   9.88000000E-02   6.15537154E+06   3.90215173E+06   3.90215173E+06   5.96921299E+06   6.19383080E+06   6.19383080E+06
   9.90000000E-02   6.08154856E+06   3.85882761E+06   3.85882761E+06   5.89746431E+06   6.11938285E+06   6.11938285E+06
   9.92000000E-02   6.00814689E+06   3.81574957E+06   3.81574957E+06   5.82612515E+06   6.04535983E+06   6.04535983E+06
   9.94000000E-02   5.93516350E+06   3.77291584E+06   3.77291584E+06   5.75519257E+06   5.97175868E+06   5.97175868E+06
   9.96000000E-02   5.86259537E+06   3.73032464E+06   3.73032464E+06   5.68466364E+06   5.89857636E+06   5.89857636E+06
   9.98000000E-02   5.79043951E+06   3.68797426E+06   3.68797426E+06   5.61453545E+06   5.82580986E+06   5.82580986E+06
   1.00000000E-01   5.71869298E+06   3.64586296E+06   3.64586296E+06   5.54480512E+06   5.75345620E+06   5.75345620E+06