# TBinMid=0.0665 ssec TBinWidth=0.01 ss EBinWidth=0.2MeV Fluence at Earth for this timebin in neutrinos per cm^2
# E(GeV)	NuE	NuMu	NuTau	aNuE	aNuMu	aNuTau
   1.38589050E-13   3.11495840E+17   7.36363906E+17   7.36363906E+17   2.34096229E+17   2.77878189E+17   2.77878189E+17
   2.00000000E-04   5.56994057E+08   1.31671203E+09   1.31671203E+09   4.18593739E+08   4.96881435E+08   4.96881435E+08
   4.00000000E-04   2.84103063E+08   6.71608461E+08   6.71608461E+08   2.13509933E+08   2.53441731E+08   2.53441731E+08
   6.00000000E-04   1.91588256E+08   4.52907096E+08   4.52907096E+08   1.43982945E+08   1.70911424E+08   1.70911424E+08
   8.00000000E-04   1.44854549E+08   3.42430453E+08   3.42430453E+08   1.08861498E+08   1.29221372E+08   1.29221372E+08
   1.00000000E-03   1.16605535E+08   2.75650897E+08   2.75650897E+08   8.76317198E+07   1.04021084E+08   1.04021084E+08
   1.20000000E-03   9.76628063E+07   2.30871030E+08   2.30871030E+08   7.33958267E+07   8.71227165E+07   8.71227165E+07
   1.40000000E-03   1.27615267E+08   3.26427480E+08   3.26427480E+08   1.12685342E+08   1.16873376E+08   1.16873376E+08
   1.60000000E-03   1.48556751E+08   4.27682845E+08   4.27682845E+08   1.38410124E+08   1.36009949E+08   1.36009949E+08
   1.80000000E-03   1.68328642E+08   4.95387346E+08   4.95387346E+08   1.72765807E+08   1.57453444E+08   1.57453444E+08
   2.00000000E-03   2.26070137E+08   5.62327636E+08   5.62327636E+08   3.09822393E+08   2.33447994E+08   2.33447994E+08
   2.20000000E-03   2.90576440E+08   1.12944485E+09   1.12944485E+09   4.08576113E+08   2.87669840E+08   2.87669840E+08
   2.40000000E-03   3.42285181E+08   1.65710822E+09   1.65710822E+09   4.80740736E+08   3.26833074E+08   3.26833074E+08
   2.60000000E-03   3.80425827E+08   2.05762508E+09   2.05762508E+09   5.33950973E+08   3.55303669E+08   3.55303669E+08
   2.80000000E-03   4.72487686E+08   2.39792753E+09   2.39792753E+09   7.72878752E+08   4.72741164E+08   4.72741164E+08
   3.00000000E-03   5.46486370E+08   2.66245511E+09   2.66245511E+09   9.68019610E+08   5.68189399E+08   5.68189399E+08
   3.20000000E-03   6.04849717E+08   2.86822958E+09   2.86822958E+09   1.12383782E+09   6.44021795E+08   6.44021795E+08
   3.40000000E-03   6.60342042E+08   3.23277362E+09   3.23277362E+09   1.24897760E+09   7.04577530E+08   7.04577530E+08
   3.60000000E-03   7.10046808E+08   3.64461488E+09   3.64461488E+09   1.34988585E+09   7.53089268E+08   7.53089268E+08
   3.80000000E-03   7.50093299E+08   3.98280214E+09   3.98280214E+09   1.43144711E+09   7.92003527E+08   7.92003527E+08
   4.00000000E-03   8.33367367E+08   4.28799923E+09   4.28799923E+09   1.61006925E+09   8.89538355E+08   8.89538355E+08
   4.20000000E-03   9.10064785E+08   4.54433213E+09   4.54433213E+09   1.77544048E+09   9.80472941E+08   9.80472941E+08
   4.40000000E-03   9.74620755E+08   4.75690841E+09   4.75690841E+09   1.91502797E+09   1.05722066E+09   1.05722066E+09
   4.60000000E-03   1.02905866E+09   4.93317542E+09   4.93317542E+09   2.03310931E+09   1.12213559E+09   1.12213559E+09
   4.80000000E-03   1.07501081E+09   5.07912625E+09   5.07912625E+09   2.13313718E+09   1.17711781E+09   1.17711781E+09
   5.00000000E-03   1.11380514E+09   5.19962407E+09   5.19962407E+09   2.21792195E+09   1.22371385E+09   1.22371385E+09
   5.20000000E-03   1.14653021E+09   5.29864514E+09   5.29864514E+09   2.28976873E+09   1.26319220E+09   1.26319220E+09
   5.40000000E-03   1.16963403E+09   5.28147671E+09   5.28147671E+09   2.35058153E+09   1.29660060E+09   1.29660060E+09
   5.60000000E-03   1.18648675E+09   5.20859082E+09   5.20859082E+09   2.40194329E+09   1.32481008E+09   1.32481008E+09
   5.80000000E-03   1.22326261E+09   5.14886970E+09   5.14886970E+09   2.48430653E+09   1.37578522E+09   1.37578522E+09
   6.00000000E-03   1.25685083E+09   5.09014705E+09   5.09014705E+09   2.55883483E+09   1.42233109E+09   1.42233109E+09
   6.20000000E-03   1.28591213E+09   5.03162987E+09   5.03162987E+09   2.62356171E+09   1.46294150E+09   1.46294150E+09
   6.40000000E-03   1.31101612E+09   4.97351934E+09   4.97351934E+09   2.67971325E+09   1.49835334E+09   1.49835334E+09
   6.60000000E-03   1.33265033E+09   4.91597253E+09   4.91597253E+09   2.72833941E+09   1.52919799E+09   1.52919799E+09
   6.80000000E-03   1.35123384E+09   4.85911114E+09   4.85911114E+09   2.77034312E+09   1.55601876E+09   1.55601876E+09
   7.00000000E-03   1.36712830E+09   4.80302849E+09   4.80302849E+09   2.80650391E+09   1.57928502E+09   1.57928502E+09
   7.20000000E-03   1.38064693E+09   4.74779503E+09   4.74779503E+09   2.83749732E+09   1.59940373E+09   1.59940373E+09
   7.40000000E-03   1.39206198E+09   4.69346276E+09   4.69346276E+09   2.86391073E+09   1.61672901E+09   1.61672901E+09
   7.60000000E-03   1.40161082E+09   4.64006880E+09   4.64006880E+09   2.88625659E+09   1.63157002E+09   1.63157002E+09
   7.80000000E-03   1.40950107E+09   4.58763824E+09   4.58763824E+09   2.90498333E+09   1.64419744E+09   1.64419744E+09
   8.00000000E-03   1.41591483E+09   4.53618644E+09   4.53618644E+09   2.92048450E+09   1.65484901E+09   1.65484901E+09
   8.20000000E-03   1.42101228E+09   4.48572096E+09   4.48572096E+09   2.93310642E+09   1.66373410E+09   1.66373410E+09
   8.40000000E-03   1.41609539E+09   4.43162265E+09   4.43162265E+09   2.90644740E+09   1.65551349E+09   1.65551349E+09
   8.60000000E-03   1.40524265E+09   4.30658766E+09   4.30658766E+09   2.87059896E+09   1.64296257E+09   1.64296257E+09
   8.80000000E-03   1.39239664E+09   4.14390702E+09   4.14390702E+09   2.83566679E+09   1.63039911E+09   1.63039911E+09
   9.00000000E-03   1.37970205E+09   3.98988065E+09   3.98988065E+09   2.80162114E+09   1.61784957E+09   1.61784957E+09
   9.20000000E-03   1.36716704E+09   3.84388290E+09   3.84388290E+09   2.76843284E+09   1.60533647E+09   1.60533647E+09
   9.40000000E-03   1.35479794E+09   3.70534524E+09   3.70534524E+09   2.73607339E+09   1.59287891E+09   1.59287891E+09
   9.60000000E-03   1.34259953E+09   3.57374997E+09   3.57374997E+09   2.70451505E+09   1.58049309E+09   1.58049309E+09
   9.80000000E-03   1.33057530E+09   3.44862479E+09   3.44862479E+09   2.67373087E+09   1.56819268E+09   1.56819268E+09
   1.00000000E-02   1.31872761E+09   3.32953797E+09   3.32953797E+09   2.64369475E+09   1.55598921E+09   1.55598921E+09
   1.02000000E-02   1.30705789E+09   3.21609419E+09   3.21609419E+09   2.61438146E+09   1.54389230E+09   1.54389230E+09
   1.04000000E-02   1.29556680E+09   3.10793084E+09   3.10793084E+09   2.58576664E+09   1.53190998E+09   1.53190998E+09
   1.06000000E-02   1.28425432E+09   3.00471472E+09   3.00471472E+09   2.55782677E+09   1.52004888E+09   1.52004888E+09
   1.08000000E-02   1.27311990E+09   2.90613923E+09   2.90613923E+09   2.53053922E+09   1.50831440E+09   1.50831440E+09
   1.10000000E-02   1.26216249E+09   2.81192179E+09   2.81192179E+09   2.50388220E+09   1.49671091E+09   1.49671091E+09
   1.12000000E-02   1.25138069E+09   2.72180154E+09   2.72180154E+09   2.47783471E+09   1.48524184E+09   1.48524184E+09
   1.14000000E-02   1.24077276E+09   2.63553737E+09   2.63553737E+09   2.45237661E+09   1.47390987E+09   1.47390987E+09
   1.16000000E-02   1.23033668E+09   2.55290611E+09   2.55290611E+09   2.42748849E+09   1.46271698E+09   1.46271698E+09
   1.18000000E-02   1.22007024E+09   2.47370091E+09   2.47370091E+09   2.40315172E+09   1.45166455E+09   1.45166455E+09
   1.20000000E-02   1.20997104E+09   2.39772980E+09   2.39772980E+09   2.37934841E+09   1.44075346E+09   1.44075346E+09
   1.22000000E-02   1.19390600E+09   2.32160991E+09   2.32160991E+09   2.32991641E+09   1.41905644E+09   1.41905644E+09
   1.24000000E-02   1.17258584E+09   2.24554821E+09   2.24554821E+09   2.25788214E+09   1.38784528E+09   1.38784528E+09
   1.26000000E-02   1.15197501E+09   2.17250925E+09   2.17250925E+09   2.18867722E+09   1.35775602E+09   1.35775602E+09
   1.28000000E-02   1.13203925E+09   2.10233247E+09   2.10233247E+09   2.12215221E+09   1.32873200E+09   1.32873200E+09
   1.30000000E-02   1.11274645E+09   2.03486809E+09   2.03486809E+09   2.05816763E+09   1.30072023E+09   1.30072023E+09
   1.32000000E-02   1.09406651E+09   1.96997618E+09   1.96997618E+09   1.99659315E+09   1.27367113E+09   1.27367113E+09
   1.34000000E-02   1.07597114E+09   1.90752590E+09   1.90752590E+09   1.93730691E+09   1.24753822E+09   1.24753822E+09
   1.36000000E-02   1.05843376E+09   1.84739481E+09   1.84739481E+09   1.88019481E+09   1.22227790E+09   1.22227790E+09
   1.38000000E-02   1.04138469E+09   1.78848431E+09   1.78848431E+09   1.82514994E+09   1.19784924E+09   1.19784924E+09
   1.40000000E-02   1.02483707E+09   1.73149462E+09   1.73149462E+09   1.77207201E+09   1.17421377E+09   1.17421377E+09
   1.42000000E-02   1.00877895E+09   1.67654997E+09   1.67654997E+09   1.72086690E+09   1.15133533E+09   1.15133533E+09
   1.44000000E-02   9.93189282E+08   1.62355300E+09   1.62355300E+09   1.67144614E+09   1.12917984E+09   1.12917984E+09
   1.46000000E-02   9.78048208E+08   1.57241223E+09   1.57241223E+09   1.62372656E+09   1.10771522E+09   1.10771522E+09
   1.48000000E-02   9.63336965E+08   1.52304153E+09   1.52304153E+09   1.57762988E+09   1.08691120E+09   1.08691120E+09
   1.50000000E-02   9.49037814E+08   1.47535985E+09   1.47535985E+09   1.53308235E+09   1.06673924E+09   1.06673924E+09
   1.52000000E-02   9.35133970E+08   1.42929075E+09   1.42929075E+09   1.49001446E+09   1.04717237E+09   1.04717237E+09
   1.54000000E-02   9.21609541E+08   1.38476220E+09   1.38476220E+09   1.44836063E+09   1.02818508E+09   1.02818508E+09
   1.56000000E-02   9.08449469E+08   1.34170616E+09   1.34170616E+09   1.40805894E+09   1.00975328E+09   1.00975328E+09
   1.58000000E-02   8.95639475E+08   1.30005841E+09   1.30005841E+09   1.36905091E+09   9.91854136E+08   9.91854136E+08
   1.60000000E-02   8.83166012E+08   1.25975822E+09   1.25975822E+09   1.33128122E+09   9.74466041E+08   9.74466041E+08
   1.62000000E-02   8.71016215E+08   1.22074817E+09   1.22074817E+09   1.29469756E+09   9.57568504E+08   9.57568504E+08
   1.64000000E-02   8.59177863E+08   1.18297390E+09   1.18297390E+09   1.25925039E+09   9.41142094E+08   9.41142094E+08
   1.66000000E-02   8.47639337E+08   1.14638394E+09   1.14638394E+09   1.22489279E+09   9.25168370E+08   9.25168370E+08
   1.68000000E-02   8.36389585E+08   1.11092950E+09   1.11092950E+09   1.19158027E+09   9.09629818E+08   9.09629818E+08
   1.70000000E-02   8.25418085E+08   1.07656432E+09   1.07656432E+09   1.15927063E+09   8.94509796E+08   8.94509796E+08
   1.72000000E-02   8.14714818E+08   1.04324452E+09   1.04324452E+09   1.12792382E+09   8.79792482E+08   8.79792482E+08
   1.74000000E-02   8.04270235E+08   1.01092840E+09   1.01092840E+09   1.09750182E+09   8.65462820E+08   8.65462820E+08
   1.76000000E-02   7.94075233E+08   9.79576399E+08   9.79576399E+08   1.06796847E+09   8.51506481E+08   8.51506481E+08
   1.78000000E-02   7.81774414E+08   9.47924218E+08   9.47924218E+08   1.03862732E+09   8.35917103E+08   8.35917103E+08
   1.80000000E-02   7.61362279E+08   9.12801272E+08   9.12801272E+08   1.00775407E+09   8.13589245E+08   8.13589245E+08
   1.82000000E-02   7.41526908E+08   8.78718996E+08   8.78718996E+08   9.77770624E+08   7.91894615E+08   7.91894615E+08
   1.84000000E-02   7.22246723E+08   8.45637646E+08   8.45637646E+08   9.48643412E+08   7.70809485E+08   7.70809485E+08
   1.86000000E-02   7.03501162E+08   8.13519370E+08   8.13519370E+08   9.20340437E+08   7.50311243E+08   7.50311243E+08
   1.88000000E-02   6.85270623E+08   7.82328108E+08   7.82328108E+08   8.92831207E+08   7.30378335E+08   7.30378335E+08
   1.90000000E-02   6.67536409E+08   7.52029483E+08   7.52029483E+08   8.66086644E+08   7.10990202E+08   7.10990202E+08
   1.92000000E-02   6.50280678E+08   7.22590710E+08   7.22590710E+08   8.40079008E+08   6.92127228E+08   6.92127228E+08
   1.94000000E-02   6.33486396E+08   6.93980504E+08   6.93980504E+08   8.14781820E+08   6.73770682E+08   6.73770682E+08
   1.96000000E-02   6.17137290E+08   6.66169004E+08   6.66169004E+08   7.90169795E+08   6.55902677E+08   6.55902677E+08
   1.98000000E-02   6.01217813E+08   6.39127687E+08   6.39127687E+08   7.66218775E+08   6.38506119E+08   6.38506119E+08
   2.00000000E-02   5.85713098E+08   6.12829303E+08   6.12829303E+08   7.42905671E+08   6.21564664E+08   6.21564664E+08
   2.02000000E-02   5.70608926E+08   5.87247801E+08   5.87247801E+08   7.20208403E+08   6.05062685E+08   6.05062685E+08
   2.04000000E-02   5.55891692E+08   5.62358271E+08   5.62358271E+08   6.98105851E+08   5.88985226E+08   5.88985226E+08
   2.06000000E-02   5.41548373E+08   5.38136879E+08   5.38136879E+08   6.76577800E+08   5.73317971E+08   5.73317971E+08
   2.08000000E-02   5.27566494E+08   5.14560814E+08   5.14560814E+08   6.55604898E+08   5.58047211E+08   5.58047211E+08
   2.10000000E-02   5.13934107E+08   4.91608236E+08   4.91608236E+08   6.35168606E+08   5.43159814E+08   5.43159814E+08
   2.12000000E-02   5.00639758E+08   4.69258222E+08   4.69258222E+08   6.15251164E+08   5.28643193E+08   5.28643193E+08
   2.14000000E-02   4.87672466E+08   4.47490725E+08   4.47490725E+08   5.95835543E+08   5.14485280E+08   5.14485280E+08
   2.16000000E-02   4.75021698E+08   4.26286528E+08   4.26286528E+08   5.76905418E+08   5.00674501E+08   5.00674501E+08
   2.18000000E-02   4.62677346E+08   4.05627200E+08   4.05627200E+08   5.58445125E+08   4.87199749E+08   4.87199749E+08
   2.20000000E-02   4.50772400E+08   3.88636556E+08   3.88636556E+08   5.40439635E+08   4.74050365E+08   4.74050365E+08
   2.22000000E-02   4.39445301E+08   3.78550670E+08   3.78550670E+08   5.22874517E+08   4.61216114E+08   4.61216114E+08
   2.24000000E-02   4.28385058E+08   3.68703418E+08   3.68703418E+08   5.05735915E+08   4.48687164E+08   4.48687164E+08
   2.26000000E-02   4.17583447E+08   3.59087433E+08   3.59087433E+08   4.89010517E+08   4.36454068E+08   4.36454068E+08
   2.28000000E-02   4.07032564E+08   3.49695634E+08   3.49695634E+08   4.72685530E+08   4.24507748E+08   4.24507748E+08
   2.30000000E-02   3.96724809E+08   3.40521212E+08   3.40521212E+08   4.56748656E+08   4.12839471E+08   4.12839471E+08
   2.32000000E-02   3.86652869E+08   3.31557617E+08   3.31557617E+08   4.41188068E+08   4.01440842E+08   4.01440842E+08
   2.34000000E-02   3.76809710E+08   3.22798547E+08   3.22798547E+08   4.25992391E+08   3.90303779E+08   3.90303779E+08
   2.36000000E-02   3.67188560E+08   3.14237937E+08   3.14237937E+08   4.11150678E+08   3.79420508E+08   3.79420508E+08
   2.38000000E-02   3.57782897E+08   3.05869946E+08   3.05869946E+08   3.96652391E+08   3.68783542E+08   3.68783542E+08
   2.40000000E-02   3.48586443E+08   2.97688951E+08   2.97688951E+08   3.82487386E+08   3.58385671E+08   3.58385671E+08
   2.42000000E-02   3.39593148E+08   2.89689533E+08   2.89689533E+08   3.68645890E+08   3.48219949E+08   3.48219949E+08
   2.44000000E-02   3.30797179E+08   2.81866469E+08   2.81866469E+08   3.55118489E+08   3.38279684E+08   3.38279684E+08
   2.46000000E-02   3.22192917E+08   2.74214726E+08   2.74214726E+08   3.41896110E+08   3.28558425E+08   3.28558425E+08
   2.48000000E-02   3.13774940E+08   2.66729451E+08   2.66729451E+08   3.28970008E+08   3.19049952E+08   3.19049952E+08
   2.50000000E-02   3.05538023E+08   2.59405962E+08   2.59405962E+08   3.16331748E+08   3.09748264E+08   3.09748264E+08
   2.52000000E-02   2.97477119E+08   2.52239744E+08   2.52239744E+08   3.03973197E+08   3.00647576E+08   3.00647576E+08
   2.54000000E-02   2.89587362E+08   2.45226436E+08   2.45226436E+08   2.91886507E+08   2.91742301E+08   2.91742301E+08
   2.56000000E-02   2.81864052E+08   2.38361833E+08   2.38361833E+08   2.80064102E+08   2.83027049E+08   2.83027049E+08
   2.58000000E-02   2.74302652E+08   2.31641871E+08   2.31641871E+08   2.68498674E+08   2.74496616E+08   2.74496616E+08
   2.60000000E-02   2.66898778E+08   2.25062628E+08   2.25062628E+08   2.57183161E+08   2.66145974E+08   2.66145974E+08
   2.62000000E-02   2.60544428E+08   2.19088781E+08   2.19088781E+08   2.49554295E+08   2.59479067E+08   2.59479067E+08
   2.64000000E-02   2.54732970E+08   2.13453986E+08   2.13453986E+08   2.43674406E+08   2.53645136E+08   2.53645136E+08
   2.66000000E-02   2.49037649E+08   2.07933699E+08   2.07933699E+08   2.37912818E+08   2.47927908E+08   2.47927908E+08
   2.68000000E-02   2.43455436E+08   2.02524915E+08   2.02524915E+08   2.32266438E+08   2.42324339E+08   2.42324339E+08
   2.70000000E-02   2.37983403E+08   1.97224726E+08   1.97224726E+08   2.26732276E+08   2.36831485E+08   2.36831485E+08
   2.72000000E-02   2.32618718E+08   1.92030320E+08   1.92030320E+08   2.21307437E+08   2.31446499E+08   2.31446499E+08
   2.74000000E-02   2.27358638E+08   1.86938974E+08   1.86938974E+08   2.15989121E+08   2.26166624E+08   2.26166624E+08
   2.76000000E-02   2.22200510E+08   1.81948055E+08   1.81948055E+08   2.10774617E+08   2.20989192E+08   2.20989192E+08
   2.78000000E-02   2.17141765E+08   1.77055015E+08   1.77055015E+08   2.05661302E+08   2.15911622E+08   2.15911622E+08
   2.80000000E-02   2.12179916E+08   1.72257384E+08   1.72257384E+08   2.00646635E+08   2.10931411E+08   2.10931411E+08
   2.82000000E-02   2.07312551E+08   1.67552771E+08   1.67552771E+08   1.95728156E+08   2.06046138E+08   2.06046138E+08
   2.84000000E-02   2.02537337E+08   1.62938863E+08   1.62938863E+08   1.90903480E+08   2.01253455E+08   2.01253455E+08
   2.86000000E-02   1.97852012E+08   1.58413414E+08   1.58413414E+08   1.86170297E+08   1.96551090E+08   1.96551090E+08
   2.88000000E-02   1.93254383E+08   1.53974251E+08   1.53974251E+08   1.81526370E+08   1.91936838E+08   1.91936838E+08
   2.90000000E-02   1.88742325E+08   1.49619266E+08   1.49619266E+08   1.76969528E+08   1.87408562E+08   1.87408562E+08
   2.92000000E-02   1.84313778E+08   1.45346416E+08   1.45346416E+08   1.72497667E+08   1.82964191E+08   1.82964191E+08
   2.94000000E-02   1.79966742E+08   1.41153721E+08   1.41153721E+08   1.68108748E+08   1.78601717E+08   1.78601717E+08
   2.96000000E-02   1.75699279E+08   1.37039259E+08   1.37039259E+08   1.63800791E+08   1.74319190E+08   1.74319190E+08
   2.98000000E-02   1.71509508E+08   1.33001167E+08   1.33001167E+08   1.59571876E+08   1.70114719E+08   1.70114719E+08
   3.00000000E-02   1.67395604E+08   1.29037635E+08   1.29037635E+08   1.55420141E+08   1.65986472E+08   1.65986472E+08
   3.02000000E-02   1.63355796E+08   1.25146910E+08   1.25146910E+08   1.51343779E+08   1.61932666E+08   1.61932666E+08
   3.04000000E-02   1.59388365E+08   1.21327287E+08   1.21327287E+08   1.47341033E+08   1.57951573E+08   1.57951573E+08
   3.06000000E-02   1.55491640E+08   1.17577113E+08   1.17577113E+08   1.43410200E+08   1.54041516E+08   1.54041516E+08
   3.08000000E-02   1.51664001E+08   1.13894784E+08   1.13894784E+08   1.39549626E+08   1.50200864E+08   1.50200864E+08
   3.10000000E-02   1.47903872E+08   1.10278738E+08   1.10278738E+08   1.35757704E+08   1.46428035E+08   1.46428035E+08
   3.12000000E-02   1.44209723E+08   1.06727462E+08   1.06727462E+08   1.32032873E+08   1.42721491E+08   1.42721491E+08
   3.14000000E-02   1.40580069E+08   1.03239485E+08   1.03239485E+08   1.28373616E+08   1.39079737E+08   1.39079737E+08
   3.16000000E-02   1.37013465E+08   9.98133763E+07   9.98133763E+07   1.24778459E+08   1.35501323E+08   1.35501323E+08
   3.18000000E-02   1.33508506E+08   9.64477467E+07   9.64477467E+07   1.21245970E+08   1.31984836E+08   1.31984836E+08
   3.20000000E-02   1.30063827E+08   9.31412457E+07   9.31412457E+07   1.17774757E+08   1.28528905E+08   1.28528905E+08
   3.22000000E-02   1.26678102E+08   8.98925602E+07   8.98925602E+07   1.14363466E+08   1.25132196E+08   1.25132196E+08
   3.24000000E-02   1.23350040E+08   8.67004135E+07   8.67004135E+07   1.11010781E+08   1.21793412E+08   1.21793412E+08
   3.26000000E-02   1.20078385E+08   8.35635641E+07   8.35635641E+07   1.07715420E+08   1.18511290E+08   1.18511290E+08
   3.28000000E-02   1.16861916E+08   8.04808042E+07   8.04808042E+07   1.04476139E+08   1.15284604E+08   1.15284604E+08
   3.30000000E-02   1.13699446E+08   7.74509591E+07   7.74509591E+07   1.01291726E+08   1.12112159E+08   1.12112159E+08
   3.32000000E-02   1.10589817E+08   7.44728858E+07   7.44728858E+07   9.81610012E+07   1.08992794E+08   1.08992794E+08
   3.34000000E-02   1.07531905E+08   7.15454719E+07   7.15454719E+07   9.50828185E+07   1.05925377E+08   1.05925377E+08
   3.36000000E-02   1.04524614E+08   6.86676348E+07   6.86676348E+07   9.20560603E+07   1.02908808E+08   1.02908808E+08
   3.38000000E-02   1.01566879E+08   6.58383207E+07   6.58383207E+07   8.90796395E+07   9.99420146E+07   9.99420146E+07
   3.40000000E-02   9.86576597E+07   6.30565035E+07   6.30565035E+07   8.61524975E+07   9.70239538E+07   9.70239538E+07
   3.42000000E-02   9.57959461E+07   6.03211844E+07   6.03211844E+07   8.32736035E+07   9.41536091E+07   9.41536091E+07
   3.44000000E-02   9.29807531E+07   5.76313904E+07   5.76313904E+07   8.04419533E+07   9.13299909E+07   9.13299909E+07
   3.46000000E-02   9.02111214E+07   5.49861739E+07   5.49861739E+07   7.76565692E+07   8.85521349E+07   8.85521349E+07
   3.48000000E-02   8.74861162E+07   5.23846119E+07   5.23846119E+07   7.49164982E+07   8.58191017E+07   8.58191017E+07
   3.50000000E-02   8.48048268E+07   4.98258049E+07   4.98258049E+07   7.22208120E+07   8.31299761E+07   8.31299761E+07
   3.52000000E-02   8.21663654E+07   4.73088766E+07   4.73088766E+07   6.95686061E+07   8.04838660E+07   8.04838660E+07
   3.54000000E-02   7.95982635E+07   4.54581563E+07   4.54581563E+07   6.69589987E+07   7.78799019E+07   7.78799019E+07
   3.56000000E-02   7.70909290E+07   4.40802000E+07   4.40802000E+07   6.43911303E+07   7.53172364E+07   7.53172364E+07
   3.58000000E-02   7.46230865E+07   4.27238937E+07   4.27238937E+07   6.18641630E+07   7.27950431E+07   7.27950431E+07
   3.60000000E-02   7.21939507E+07   4.13888072E+07   4.13888072E+07   5.93772799E+07   7.03125163E+07   7.03125163E+07
   3.62000000E-02   6.98027555E+07   4.00745212E+07   4.00745212E+07   5.69296843E+07   6.78688703E+07   6.78688703E+07
   3.64000000E-02   6.74487539E+07   3.87806263E+07   3.87806263E+07   5.45205992E+07   6.54633387E+07   6.54633387E+07
   3.66000000E-02   6.51312173E+07   3.75067236E+07   3.75067236E+07   5.21492666E+07   6.30951739E+07   6.30951739E+07
   3.68000000E-02   6.28494348E+07   3.62524236E+07   3.62524236E+07   4.98149473E+07   6.07636466E+07   6.07636466E+07
   3.70000000E-02   6.06027125E+07   3.50173465E+07   3.50173465E+07   4.75169198E+07   5.84680452E+07   5.84680452E+07
   3.72000000E-02   5.83903736E+07   3.38011213E+07   3.38011213E+07   4.52544802E+07   5.62076753E+07   5.62076753E+07
   3.74000000E-02   5.62117574E+07   3.26033863E+07   3.26033863E+07   4.30269416E+07   5.39818592E+07   5.39818592E+07
   3.76000000E-02   5.40662191E+07   3.14237883E+07   3.14237883E+07   4.08336334E+07   5.17899354E+07   5.17899354E+07
   3.78000000E-02   5.19531290E+07   3.02619823E+07   3.02619823E+07   3.86739012E+07   4.96312581E+07   4.96312581E+07
   3.80000000E-02   4.98718726E+07   2.91176318E+07   2.91176318E+07   3.65471060E+07   4.75051968E+07   4.75051968E+07
   3.82000000E-02   4.78218497E+07   2.79904080E+07   2.79904080E+07   3.44526239E+07   4.54111360E+07   4.54111360E+07
   3.84000000E-02   4.66812180E+07   2.73393184E+07   2.73393184E+07   3.34413238E+07   4.42829798E+07   4.42829798E+07
   3.86000000E-02   4.58983119E+07   2.68759875E+07   2.68759875E+07   3.28531510E+07   4.35340687E+07   4.35340687E+07
   3.88000000E-02   4.51262587E+07   2.64190870E+07   2.64190870E+07   3.22731750E+07   4.27955491E+07   4.27955491E+07
   3.90000000E-02   4.43648629E+07   2.59685011E+07   2.59685011E+07   3.17012479E+07   4.20672338E+07   4.20672338E+07
   3.92000000E-02   4.36139336E+07   2.55241166E+07   2.55241166E+07   3.11372250E+07   4.13489398E+07   4.13489398E+07
   3.94000000E-02   4.28732839E+07   2.50858228E+07   2.50858228E+07   3.05809652E+07   4.06404884E+07   4.06404884E+07
   3.96000000E-02   4.21427314E+07   2.46535115E+07   2.46535115E+07   3.00323301E+07   3.99417046E+07   3.99417046E+07
   3.98000000E-02   4.14220977E+07   2.42270770E+07   2.42270770E+07   2.94911848E+07   3.92524176E+07   3.92524176E+07
   4.00000000E-02   4.07112083E+07   2.38064157E+07   2.38064157E+07   2.89573973E+07   3.85724602E+07   3.85724602E+07
   4.02000000E-02   4.00098925E+07   2.33914266E+07   2.33914266E+07   2.84308383E+07   3.79016690E+07   3.79016690E+07
   4.04000000E-02   3.93179835E+07   2.29820107E+07   2.29820107E+07   2.79113816E+07   3.72398842E+07   3.72398842E+07
   4.06000000E-02   3.86353181E+07   2.25780713E+07   2.25780713E+07   2.73989037E+07   3.65869494E+07   3.65869494E+07
   4.08000000E-02   3.79617365E+07   2.21795137E+07   2.21795137E+07   2.68932837E+07   3.59427116E+07   3.59427116E+07
   4.10000000E-02   3.72970826E+07   2.17862454E+07   2.17862454E+07   2.63944034E+07   3.53070214E+07   3.53070214E+07
   4.12000000E-02   3.66412036E+07   2.13981757E+07   2.13981757E+07   2.59021473E+07   3.46797322E+07   3.46797322E+07
   4.14000000E-02   3.59939499E+07   2.10152160E+07   2.10152160E+07   2.54164020E+07   3.40607009E+07   3.40607009E+07
   4.16000000E-02   3.53551750E+07   2.06372795E+07   2.06372795E+07   2.49370570E+07   3.34497872E+07   3.34497872E+07
   4.18000000E-02   3.47247359E+07   2.02642814E+07   2.02642814E+07   2.44640037E+07   3.28468540E+07   3.28468540E+07
   4.20000000E-02   3.41024923E+07   1.98961385E+07   1.98961385E+07   2.39971361E+07   3.22517669E+07   3.22517669E+07
   4.22000000E-02   3.34883070E+07   1.95327695E+07   1.95327695E+07   2.35363505E+07   3.16643946E+07   3.16643946E+07
   4.24000000E-02   3.28820455E+07   1.91740947E+07   1.91740947E+07   2.30815450E+07   3.10846083E+07   3.10846083E+07
   4.26000000E-02   3.22835764E+07   1.88200361E+07   1.88200361E+07   2.26326202E+07   3.05122821E+07   3.05122821E+07
   4.28000000E-02   3.16927707E+07   1.84705175E+07   1.84705175E+07   2.21894787E+07   2.99472925E+07   2.99472925E+07
   4.30000000E-02   3.11095025E+07   1.81254640E+07   1.81254640E+07   2.17520250E+07   2.93895187E+07   2.93895187E+07
   4.32000000E-02   3.05336481E+07   1.77848024E+07   1.77848024E+07   2.13201657E+07   2.88388425E+07   2.88388425E+07
   4.34000000E-02   2.99650865E+07   1.74484610E+07   1.74484610E+07   2.08938091E+07   2.82951479E+07   2.82951479E+07
   4.36000000E-02   2.94036992E+07   1.71163694E+07   1.71163694E+07   2.04728658E+07   2.77583213E+07   2.77583213E+07
   4.38000000E-02   2.88493701E+07   1.67884590E+07   1.67884590E+07   2.00572477E+07   2.72282517E+07   2.72282517E+07
   4.40000000E-02   2.83019853E+07   1.64646623E+07   1.64646623E+07   1.96468689E+07   2.67048299E+07   2.67048299E+07
   4.42000000E-02   2.77614335E+07   1.61449131E+07   1.61449131E+07   1.92416450E+07   2.61879493E+07   2.61879493E+07
   4.44000000E-02   2.72276054E+07   1.58291468E+07   1.58291468E+07   1.88414935E+07   2.56775052E+07   2.56775052E+07
   4.46000000E-02   2.67003940E+07   1.55173000E+07   1.55173000E+07   1.84463334E+07   2.51733952E+07   2.51733952E+07
   4.48000000E-02   2.61796943E+07   1.52093103E+07   1.52093103E+07   1.80560853E+07   2.46755187E+07   2.46755187E+07
   4.50000000E-02   2.56654035E+07   1.49051169E+07   1.49051169E+07   1.76706714E+07   2.41837773E+07   2.41837773E+07
   4.52000000E-02   2.51574209E+07   1.46046601E+07   1.46046601E+07   1.72900156E+07   2.36980745E+07   2.36980745E+07
   4.54000000E-02   2.46556476E+07   1.43078813E+07   1.43078813E+07   1.69140431E+07   2.32183155E+07   2.32183155E+07
   4.56000000E-02   2.41599867E+07   1.40147230E+07   1.40147230E+07   1.65426807E+07   2.27444077E+07   2.27444077E+07
   4.58000000E-02   2.36703433E+07   1.37251290E+07   1.37251290E+07   1.61758565E+07   2.22762600E+07   2.22762600E+07
   4.60000000E-02   2.31866242E+07   1.34390441E+07   1.34390441E+07   1.58135001E+07   2.18137833E+07   2.18137833E+07
   4.62000000E-02   2.27087381E+07   1.31564141E+07   1.31564141E+07   1.54555424E+07   2.13568900E+07   2.13568900E+07
   4.64000000E-02   2.22365953E+07   1.28771859E+07   1.28771859E+07   1.51019157E+07   2.09054945E+07   2.09054945E+07
   4.66000000E-02   2.17701082E+07   1.26013075E+07   1.26013075E+07   1.47525536E+07   2.04595125E+07   2.04595125E+07
   4.68000000E-02   2.13091904E+07   1.23287278E+07   1.23287278E+07   1.44073909E+07   2.00188615E+07   2.00188615E+07
   4.70000000E-02   2.08537574E+07   1.20593968E+07   1.20593968E+07   1.40663637E+07   1.95834606E+07   1.95834606E+07
   4.72000000E-02   2.04037263E+07   1.17932651E+07   1.17932651E+07   1.37294093E+07   1.91532304E+07   1.91532304E+07
   4.74000000E-02   1.99590157E+07   1.15302848E+07   1.15302848E+07   1.33964662E+07   1.87280929E+07   1.87280929E+07
   4.76000000E-02   1.95195459E+07   1.12704083E+07   1.12704083E+07   1.30674740E+07   1.83079717E+07   1.83079717E+07
   4.78000000E-02   1.90852384E+07   1.10135893E+07   1.10135893E+07   1.27423735E+07   1.78927917E+07   1.78927917E+07
   4.80000000E-02   1.86560164E+07   1.07597822E+07   1.07597822E+07   1.24211066E+07   1.74824794E+07   1.74824794E+07
   4.82000000E-02   1.82318044E+07   1.05089424E+07   1.05089424E+07   1.21036163E+07   1.70769624E+07   1.70769624E+07
   4.84000000E-02   1.78125284E+07   1.02610259E+07   1.02610259E+07   1.17898465E+07   1.66761699E+07   1.66761699E+07
   4.86000000E-02   1.73981157E+07   1.00159897E+07   1.00159897E+07   1.14797424E+07   1.62800323E+07   1.62800323E+07
   4.88000000E-02   1.69884950E+07   9.77379140E+06   9.77379140E+06   1.11732500E+07   1.58884812E+07   1.58884812E+07
   4.90000000E-02   1.65835962E+07   9.53438960E+06   9.53438960E+06   1.08703164E+07   1.55014495E+07   1.55014495E+07
   4.92000000E-02   1.61833505E+07   9.29774352E+06   9.29774352E+06   1.05708896E+07   1.51188715E+07   1.51188715E+07
   4.94000000E-02   1.57876904E+07   9.06381315E+06   9.06381315E+06   1.02749185E+07   1.47406825E+07   1.47406825E+07
   4.96000000E-02   1.53965497E+07   8.83255920E+06   8.83255920E+06   9.98235314E+06   1.43668189E+07   1.43668189E+07
   4.98000000E-02   1.50098632E+07   8.60394309E+06   8.60394309E+06   9.69314422E+06   1.39972184E+07   1.39972184E+07
   5.00000000E-02   1.46275670E+07   8.37792694E+06   8.37792694E+06   9.40724346E+06   1.36318199E+07   1.36318199E+07
   5.02000000E-02   1.42495983E+07   8.15447355E+06   8.15447355E+06   9.12460340E+06   1.32705631E+07   1.32705631E+07
   5.04000000E-02   1.38758955E+07   7.93354636E+06   7.93354636E+06   8.84517745E+06   1.29133891E+07   1.29133891E+07
   5.06000000E-02   1.35063979E+07   7.71510949E+06   7.71510949E+06   8.56891982E+06   1.25602399E+07   1.25602399E+07
   5.08000000E-02   1.31410461E+07   7.49912767E+06   7.49912767E+06   8.29578558E+06   1.22110584E+07   1.22110584E+07
   5.10000000E-02   1.27797817E+07   7.28556627E+06   7.28556627E+06   8.02573053E+06   1.18657887E+07   1.18657887E+07
   5.12000000E-02   1.24225472E+07   7.07439126E+06   7.07439126E+06   7.75871130E+06   1.15243758E+07   1.15243758E+07
   5.14000000E-02   1.20692861E+07   6.86556921E+06   6.86556921E+06   7.49468525E+06   1.11867656E+07   1.11867656E+07
   5.16000000E-02   1.17199431E+07   6.65906727E+06   6.65906727E+06   7.23361051E+06   1.08529052E+07   1.08529052E+07
   5.18000000E-02   1.13744636E+07   6.45485316E+06   6.45485316E+06   6.97544590E+06   1.05227423E+07   1.05227423E+07
   5.20000000E-02   1.10327942E+07   6.25289515E+06   6.25289515E+06   6.72015100E+06   1.01962256E+07   1.01962256E+07
   5.22000000E-02   1.06948822E+07   6.05316208E+06   6.05316208E+06   6.46768604E+06   9.87330491E+06   9.87330491E+06
   5.24000000E-02   1.03606759E+07   5.85562331E+06   5.85562331E+06   6.21801199E+06   9.55393056E+06   9.55393056E+06
   5.26000000E-02   1.00301246E+07   5.66024872E+06   5.66024872E+06   5.97109043E+06   9.23805395E+06   9.23805395E+06
   5.28000000E-02   9.70317819E+06   5.46700872E+06   5.46700872E+06   5.72688365E+06   8.92562723E+06   8.92562723E+06
   5.30000000E-02   9.37978764E+06   5.27587421E+06   5.27587421E+06   5.48535454E+06   8.61660339E+06   8.61660339E+06
   5.32000000E-02   9.05990467E+06   5.08681660E+06   5.08681660E+06   5.24646664E+06   8.31093622E+06   8.31093622E+06
   5.34000000E-02   8.74348183E+06   4.89980775E+06   4.89980775E+06   5.01018411E+06   8.00858027E+06   8.00858027E+06
   5.36000000E-02   8.43047246E+06   4.71482002E+06   4.71482002E+06   4.77647171E+06   7.70949086E+06   7.70949086E+06
   5.38000000E-02   8.12083067E+06   4.53182624E+06   4.53182624E+06   4.54529478E+06   7.41362407E+06   7.41362407E+06
   5.40000000E-02   7.81451136E+06   4.35079967E+06   4.35079967E+06   4.31661925E+06   7.12093671E+06   7.12093671E+06
   5.42000000E-02   7.51147018E+06   4.17171403E+06   4.17171403E+06   4.09041163E+06   6.83138631E+06   6.83138631E+06
   5.44000000E-02   7.21166349E+06   3.99454347E+06   3.99454347E+06   3.86663896E+06   6.54493109E+06   6.54493109E+06
   5.46000000E-02   6.91504840E+06   3.81926258E+06   3.81926258E+06   3.64526884E+06   6.26152998E+06   6.26152998E+06
   5.48000000E-02   6.62158271E+06   3.64584635E+06   3.64584635E+06   3.42626941E+06   5.98114257E+06   5.98114257E+06
   5.50000000E-02   6.33122491E+06   3.47427018E+06   3.47427018E+06   3.20960933E+06   5.70372914E+06   5.70372914E+06
   5.52000000E-02   6.04393419E+06   3.30450991E+06   3.30450991E+06   2.99525776E+06   5.42925058E+06   5.42925058E+06
   5.54000000E-02   5.75967038E+06   3.13654172E+06   3.13654172E+06   2.78318439E+06   5.15766846E+06   5.15766846E+06
   5.56000000E-02   5.47839399E+06   2.97034221E+06   2.97034221E+06   2.57335938E+06   4.88894494E+06   4.88894494E+06
   5.58000000E-02   5.20006613E+06   2.80588837E+06   2.80588837E+06   2.36575339E+06   4.62304282E+06   4.62304282E+06
   5.60000000E-02   4.92464859E+06   2.64315752E+06   2.64315752E+06   2.16033754E+06   4.35992548E+06   4.35992548E+06
   5.62000000E-02   4.70278182E+06   2.50861737E+06   2.50861737E+06   1.99930276E+06   4.14913382E+06   4.14913382E+06
   5.64000000E-02   4.64512187E+06   2.46010639E+06   2.46010639E+06   1.97481294E+06   4.09891426E+06   4.09891426E+06
   5.66000000E-02   4.58801396E+06   2.41207798E+06   2.41207798E+06   1.95055757E+06   4.04917486E+06   4.04917486E+06
   5.68000000E-02   4.53164317E+06   2.36875128E+06   2.36875128E+06   1.92653374E+06   3.99990965E+06   3.99990965E+06
   5.70000000E-02   4.47644695E+06   2.33989948E+06   2.33989948E+06   1.90273859E+06   3.95111278E+06   3.95111278E+06
   5.72000000E-02   4.42177386E+06   2.31132113E+06   2.31132113E+06   1.87916930E+06   3.90277848E+06   3.90277848E+06
   5.74000000E-02   4.36761750E+06   2.28301289E+06   2.28301289E+06   1.85582310E+06   3.85490108E+06   3.85490108E+06
   5.76000000E-02   4.31397154E+06   2.25497143E+06   2.25497143E+06   1.83269724E+06   3.80747497E+06   3.80747497E+06
   5.78000000E-02   4.26082976E+06   2.22719352E+06   2.22719352E+06   1.80978906E+06   3.76049465E+06   3.76049465E+06
   5.80000000E-02   4.20818601E+06   2.19967594E+06   2.19967594E+06   1.78709588E+06   3.71395471E+06   3.71395471E+06
   5.82000000E-02   4.15603427E+06   2.17241553E+06   2.17241553E+06   1.76461512E+06   3.66784980E+06   3.66784980E+06
   5.84000000E-02   4.10436859E+06   2.14540920E+06   2.14540920E+06   1.74234419E+06   3.62217467E+06   3.62217467E+06
   5.86000000E-02   4.05318311E+06   2.11865387E+06   2.11865387E+06   1.72028058E+06   3.57692414E+06   3.57692414E+06
   5.88000000E-02   4.00247207E+06   2.09214654E+06   2.09214654E+06   1.69842178E+06   3.53209311E+06   3.53209311E+06
   5.90000000E-02   3.95222980E+06   2.06588424E+06   2.06588424E+06   1.67676535E+06   3.48767656E+06   3.48767656E+06
   5.92000000E-02   3.90245069E+06   2.03986404E+06   2.03986404E+06   1.65530887E+06   3.44366954E+06   3.44366954E+06
   5.94000000E-02   3.85312923E+06   2.01408306E+06   2.01408306E+06   1.63404996E+06   3.40006718E+06   3.40006718E+06
   5.96000000E-02   3.80426001E+06   1.98853847E+06   1.98853847E+06   1.61298627E+06   3.35686468E+06   3.35686468E+06
   5.98000000E-02   3.75583766E+06   1.96322747E+06   1.96322747E+06   1.59211550E+06   3.31405731E+06   3.31405731E+06
   6.00000000E-02   3.70785693E+06   1.93814730E+06   1.93814730E+06   1.57143537E+06   3.27164042E+06   3.27164042E+06
   6.02000000E-02   3.66031262E+06   1.91329527E+06   1.91329527E+06   1.55094363E+06   3.22960942E+06   3.22960942E+06
   6.04000000E-02   3.61319963E+06   1.88866868E+06   1.88866868E+06   1.53063809E+06   3.18795978E+06   3.18795978E+06
   6.06000000E-02   3.56651291E+06   1.86426491E+06   1.86426491E+06   1.51051656E+06   3.14668705E+06   3.14668705E+06
   6.08000000E-02   3.52024750E+06   1.84008137E+06   1.84008137E+06   1.49057689E+06   3.10578684E+06   3.10578684E+06
   6.10000000E-02   3.47439850E+06   1.81611550E+06   1.81611550E+06   1.47081699E+06   3.06525482E+06   3.06525482E+06
   6.12000000E-02   3.42896111E+06   1.79236477E+06   1.79236477E+06   1.45123476E+06   3.02508674E+06   3.02508674E+06
   6.14000000E-02   3.38393056E+06   1.76882671E+06   1.76882671E+06   1.43182815E+06   2.98527839E+06   2.98527839E+06
   6.16000000E-02   3.33930219E+06   1.74549886E+06   1.74549886E+06   1.41259514E+06   2.94582564E+06   2.94582564E+06
   6.18000000E-02   3.29507136E+06   1.72237882E+06   1.72237882E+06   1.39353373E+06   2.90672440E+06   2.90672440E+06
   6.20000000E-02   3.25123354E+06   1.69946421E+06   1.69946421E+06   1.37464197E+06   2.86797065E+06   2.86797065E+06
   6.22000000E-02   3.20778424E+06   1.67675269E+06   1.67675269E+06   1.35591792E+06   2.82956043E+06   2.82956043E+06
   6.24000000E-02   3.16471905E+06   1.65424195E+06   1.65424195E+06   1.33735967E+06   2.79148983E+06   2.79148983E+06
   6.26000000E-02   3.12203361E+06   1.63192970E+06   1.63192970E+06   1.31896533E+06   2.75375500E+06   2.75375500E+06
   6.28000000E-02   3.07972362E+06   1.60981371E+06   1.60981371E+06   1.30073305E+06   2.71635215E+06   2.71635215E+06
   6.30000000E-02   3.03778487E+06   1.58789177E+06   1.58789177E+06   1.28266102E+06   2.67927753E+06   2.67927753E+06
   6.32000000E-02   2.99621316E+06   1.56616168E+06   1.56616168E+06   1.26474741E+06   2.64252745E+06   2.64252745E+06
   6.34000000E-02   2.95500439E+06   1.54462131E+06   1.54462131E+06   1.24699046E+06   2.60609828E+06   2.60609828E+06
   6.36000000E-02   2.91415450E+06   1.52326854E+06   1.52326854E+06   1.22938841E+06   2.56998642E+06   2.56998642E+06
   6.38000000E-02   2.87365950E+06   1.50210126E+06   1.50210126E+06   1.21193954E+06   2.53418835E+06   2.53418835E+06
   6.40000000E-02   2.83351543E+06   1.48111743E+06   1.48111743E+06   1.19464215E+06   2.49870057E+06   2.49870057E+06
   6.42000000E-02   2.79371842E+06   1.46031500E+06   1.46031500E+06   1.17749454E+06   2.46351965E+06   2.46351965E+06
   6.44000000E-02   2.75426462E+06   1.43969198E+06   1.43969198E+06   1.16049508E+06   2.42864220E+06   2.42864220E+06
   6.46000000E-02   2.71515026E+06   1.41924639E+06   1.41924639E+06   1.14364212E+06   2.39406486E+06   2.39406486E+06
   6.48000000E-02   2.67637161E+06   1.39897627E+06   1.39897627E+06   1.12693405E+06   2.35978436E+06   2.35978436E+06
   6.50000000E-02   2.63792498E+06   1.37887971E+06   1.37887971E+06   1.11036929E+06   2.32579742E+06   2.32579742E+06
   6.52000000E-02   2.59980675E+06   1.35895481E+06   1.35895481E+06   1.09394627E+06   2.29210085E+06   2.29210085E+06
   6.54000000E-02   2.56201335E+06   1.33919969E+06   1.33919969E+06   1.07766344E+06   2.25869148E+06   2.25869148E+06
   6.56000000E-02   2.52454124E+06   1.31961252E+06   1.31961252E+06   1.06151927E+06   2.22556619E+06   2.22556619E+06
   6.58000000E-02   2.48738694E+06   1.30019148E+06   1.30019148E+06   1.04551228E+06   2.19272191E+06   2.19272191E+06
   6.60000000E-02   2.45054702E+06   1.28093477E+06   1.28093477E+06   1.02964096E+06   2.16015559E+06   2.16015559E+06
   6.62000000E-02   2.41401809E+06   1.26184061E+06   1.26184061E+06   1.01390387E+06   2.12786424E+06   2.12786424E+06
   6.64000000E-02   2.37779681E+06   1.24290727E+06   1.24290727E+06   9.98299549E+05   2.09584490E+06   2.09584490E+06
   6.66000000E-02   2.34187988E+06   1.22413301E+06   1.22413301E+06   9.82826582E+05   2.06409467E+06   2.06409467E+06
   6.68000000E-02   2.30626405E+06   1.20551615E+06   1.20551615E+06   9.67483561E+05   2.03261065E+06   2.03261065E+06
   6.70000000E-02   2.27094611E+06   1.18705499E+06   1.18705499E+06   9.52269102E+05   2.00139003E+06   2.00139003E+06
   6.72000000E-02   2.23592289E+06   1.16874789E+06   1.16874789E+06   9.37181836E+05   1.97042999E+06   1.97042999E+06
   6.74000000E-02   2.20119128E+06   1.15059322E+06   1.15059322E+06   9.22220414E+05   1.93972777E+06   1.93972777E+06
   6.76000000E-02   2.16674818E+06   1.13258935E+06   1.13258935E+06   9.07383505E+05   1.90928066E+06   1.90928066E+06
   6.78000000E-02   2.13259055E+06   1.11473471E+06   1.11473471E+06   8.92669795E+05   1.87908594E+06   1.87908594E+06
   6.80000000E-02   2.09871539E+06   1.09702772E+06   1.09702772E+06   8.78077987E+05   1.84914099E+06   1.84914099E+06
   6.82000000E-02   2.06511975E+06   1.07946683E+06   1.07946683E+06   8.63606802E+05   1.81944316E+06   1.81944316E+06
   6.84000000E-02   2.03180069E+06   1.06205051E+06   1.06205051E+06   8.49254977E+05   1.78998988E+06   1.78998988E+06
   6.86000000E-02   1.99875533E+06   1.04477726E+06   1.04477726E+06   8.35021265E+05   1.76077860E+06   1.76077860E+06
   6.88000000E-02   1.96598082E+06   1.02764559E+06   1.02764559E+06   8.20904438E+05   1.73180679E+06   1.73180679E+06
   6.90000000E-02   1.93347435E+06   1.01065403E+06   1.01065403E+06   8.06903281E+05   1.70307198E+06   1.70307198E+06
   6.92000000E-02   1.90123315E+06   9.93801130E+05   9.93801130E+05   7.93016595E+05   1.67457171E+06   1.67457171E+06
   6.94000000E-02   1.86925448E+06   9.77085453E+05   9.77085453E+05   7.79243199E+05   1.64630355E+06   1.64630355E+06
   6.96000000E-02   1.83753563E+06   9.60505590E+05   9.60505590E+05   7.65581924E+05   1.61826512E+06   1.61826512E+06
   6.98000000E-02   1.80607393E+06   9.44060146E+05   9.44060146E+05   7.52031618E+05   1.59045406E+06   1.59045406E+06
   7.00000000E-02   1.77486676E+06   9.27747744E+05   9.27747744E+05   7.38591144E+05   1.56286804E+06   1.56286804E+06
   7.02000000E-02   1.74391151E+06   9.11567023E+05   9.11567023E+05   7.25259379E+05   1.53550475E+06   1.53550475E+06
   7.04000000E-02   1.71320561E+06   8.95516643E+05   8.95516643E+05   7.12035213E+05   1.50836193E+06   1.50836193E+06
   7.06000000E-02   1.68274653E+06   8.79595279E+05   8.79595279E+05   6.98917552E+05   1.48143734E+06   1.48143734E+06
   7.08000000E-02   1.65253177E+06   8.63801621E+05   8.63801621E+05   6.85905315E+05   1.45472876E+06   1.45472876E+06
   7.10000000E-02   1.62255885E+06   8.48134379E+05   8.48134379E+05   6.72997436E+05   1.42823401E+06   1.42823401E+06
   7.12000000E-02   1.59282533E+06   8.32592277E+05   8.32592277E+05   6.60192860E+05   1.40195093E+06   1.40195093E+06
   7.14000000E-02   1.56332882E+06   8.17174056E+05   8.17174056E+05   6.47490548E+05   1.37587739E+06   1.37587739E+06
   7.16000000E-02   1.53406691E+06   8.01878472E+05   8.01878472E+05   6.34889471E+05   1.35001129E+06   1.35001129E+06
   7.18000000E-02   1.50503728E+06   7.86704298E+05   7.86704298E+05   6.22388616E+05   1.32435055E+06   1.32435055E+06
   7.20000000E-02   1.47623760E+06   7.71650321E+05   7.71650321E+05   6.09986981E+05   1.29889312E+06   1.29889312E+06
   7.22000000E-02   1.44766557E+06   7.56715343E+05   7.56715343E+05   5.97683577E+05   1.27363697E+06   1.27363697E+06
   7.24000000E-02   1.41931893E+06   7.41898182E+05   7.41898182E+05   5.85477426E+05   1.24858011E+06   1.24858011E+06
   7.26000000E-02   1.39119546E+06   7.27197670E+05   7.27197670E+05   5.73367564E+05   1.22372055E+06   1.22372055E+06
   7.28000000E-02   1.36329294E+06   7.12612653E+05   7.12612653E+05   5.61353039E+05   1.19905635E+06   1.19905635E+06
   7.30000000E-02   1.33560920E+06   6.98141993E+05   6.98141993E+05   5.49432907E+05   1.17458558E+06   1.17458558E+06
   7.32000000E-02   1.30814208E+06   6.83784563E+05   6.83784563E+05   5.37606241E+05   1.15030633E+06   1.15030633E+06
   7.34000000E-02   1.28088945E+06   6.69539253E+05   6.69539253E+05   5.25872122E+05   1.12621673E+06   1.12621673E+06
   7.36000000E-02   1.25384921E+06   6.55404965E+05   6.55404965E+05   5.14229643E+05   1.10231492E+06   1.10231492E+06
   7.38000000E-02   1.22701930E+06   6.41380613E+05   6.41380613E+05   5.02677909E+05   1.07859906E+06   1.07859906E+06
   7.40000000E-02   1.20039766E+06   6.27465128E+05   6.27465128E+05   4.91216033E+05   1.05506734E+06   1.05506734E+06
   7.42000000E-02   1.17398226E+06   6.13657449E+05   6.13657449E+05   4.79843142E+05   1.03171797E+06   1.03171797E+06
   7.44000000E-02   1.14777111E+06   5.99956533E+05   5.99956533E+05   4.68558373E+05   1.00854919E+06   1.00854919E+06
   7.46000000E-02   1.12176223E+06   5.86361346E+05   5.86361346E+05   4.57360872E+05   9.85559236E+05   9.85559236E+05
   7.48000000E-02   1.09595366E+06   5.72870868E+05   5.72870868E+05   4.46249795E+05   9.62746395E+05   9.62746395E+05
   7.50000000E-02   1.07034349E+06   5.59484090E+05   5.59484090E+05   4.35224312E+05   9.40108958E+05   9.40108958E+05
   7.52000000E-02   1.04492980E+06   5.46200017E+05   5.46200017E+05   4.24283598E+05   9.17645240E+05   9.17645240E+05
   7.54000000E-02   1.01971071E+06   5.33017664E+05   5.33017664E+05   4.13426840E+05   8.95353575E+05   8.95353575E+05
   7.56000000E-02   9.94684360E+05   5.19936059E+05   5.19936059E+05   4.02653236E+05   8.73232320E+05   8.73232320E+05
   7.58000000E-02   9.69848912E+05   5.06954241E+05   5.06954241E+05   3.91961992E+05   8.51279849E+05   8.51279849E+05
   7.60000000E-02   9.45202550E+05   4.94071261E+05   4.94071261E+05   3.81352322E+05   8.29494555E+05   8.29494555E+05
   7.62000000E-02   9.20743480E+05   4.81286180E+05   4.81286180E+05   3.70823454E+05   8.07874852E+05   8.07874852E+05
   7.64000000E-02   8.96469926E+05   4.68598071E+05   4.68598071E+05   3.60374620E+05   7.86419172E+05   7.86419172E+05
   7.66000000E-02   8.72380137E+05   4.56006019E+05   4.56006019E+05   3.50005063E+05   7.65125963E+05   7.65125963E+05
   7.68000000E-02   8.48472380E+05   4.43509117E+05   4.43509117E+05   3.39714037E+05   7.43993695E+05   7.43993695E+05
   7.70000000E-02   8.24744943E+05   4.31106472E+05   4.31106472E+05   3.29500801E+05   7.23020855E+05   7.23020855E+05
   7.72000000E-02   8.01196135E+05   4.18797197E+05   4.18797197E+05   3.19364626E+05   7.02205945E+05   7.02205945E+05
   7.74000000E-02   7.77824284E+05   4.06580420E+05   4.06580420E+05   3.09304788E+05   6.81547488E+05   6.81547488E+05
   7.76000000E-02   7.54627736E+05   3.94455277E+05   3.94455277E+05   2.99320576E+05   6.61044022E+05   6.61044022E+05
   7.78000000E-02   7.31604858E+05   3.82420913E+05   3.82420913E+05   2.89411282E+05   6.40694104E+05   6.40694104E+05
   7.80000000E-02   7.08754035E+05   3.70476485E+05   3.70476485E+05   2.79576211E+05   6.20496304E+05   6.20496304E+05
   7.82000000E-02   6.86073673E+05   3.58621159E+05   3.58621159E+05   2.69814674E+05   6.00449212E+05   6.00449212E+05
   7.84000000E-02   6.63562192E+05   3.46854109E+05   3.46854109E+05   2.60125988E+05   5.80551434E+05   5.80551434E+05
   7.86000000E-02   6.41218034E+05   3.35174521E+05   3.35174521E+05   2.50509481E+05   5.60801590E+05   5.60801590E+05
   7.88000000E-02   6.19039658E+05   3.23581590E+05   3.23581590E+05   2.40964488E+05   5.41198317E+05   5.41198317E+05
   7.90000000E-02   5.97025538E+05   3.12074517E+05   3.12074517E+05   2.31490350E+05   5.21740268E+05   5.21740268E+05
   7.92000000E-02   5.75174170E+05   3.00652517E+05   3.00652517E+05   2.22086417E+05   5.02426111E+05   5.02426111E+05
   7.94000000E-02   5.53484063E+05   2.89314810E+05   2.89314810E+05   2.12752046E+05   4.83254529E+05   4.83254529E+05
   7.96000000E-02   5.31953745E+05   2.78060627E+05   2.78060627E+05   2.03486602E+05   4.64224220E+05   4.64224220E+05
   7.98000000E-02   5.10581761E+05   2.66889208E+05   2.66889208E+05   1.94289455E+05   4.45333897E+05   4.45333897E+05
   8.00000000E-02   4.89366671E+05   2.55799798E+05   2.55799798E+05   1.85159984E+05   4.26582287E+05   4.26582287E+05
   8.02000000E-02   4.68307052E+05   2.44791656E+05   2.44791656E+05   1.76097576E+05   4.07968133E+05   4.07968133E+05
   8.04000000E-02   4.47401497E+05   2.33864045E+05   2.33864045E+05   1.67101623E+05   3.89490189E+05   3.89490189E+05
   8.06000000E-02   4.26648616E+05   2.23016238E+05   2.23016238E+05   1.58171523E+05   3.71147226E+05   3.71147226E+05
   8.08000000E-02   4.06047031E+05   2.12247517E+05   2.12247517E+05   1.49306684E+05   3.52938028E+05   3.52938028E+05
   8.10000000E-02   3.85595384E+05   2.01557169E+05   2.01557169E+05   1.40506517E+05   3.34861392E+05   3.34861392E+05
   8.12000000E-02   3.65292329E+05   1.90944493E+05   1.90944493E+05   1.31770443E+05   3.16916129E+05   3.16916129E+05
   8.14000000E-02   3.45136536E+05   1.80408792E+05   1.80408792E+05   1.23097887E+05   2.99101061E+05   2.99101061E+05
   8.16000000E-02   3.25126689E+05   1.69949380E+05   1.69949380E+05   1.14488281E+05   2.81415028E+05   2.81415028E+05
   8.18000000E-02   3.05261489E+05   1.59565576E+05   1.59565576E+05   1.05941064E+05   2.63856877E+05   2.63856877E+05
   8.20000000E-02   2.85539648E+05   1.49256708E+05   1.49256708E+05   9.74556799E+04   2.46425473E+05   2.46425473E+05
   8.22000000E-02   2.65959894E+05   1.39022111E+05   1.39022111E+05   8.90315800E+04   2.29119689E+05   2.29119689E+05
   8.24000000E-02   2.46520970E+05   1.28861127E+05   1.28861127E+05   8.06682209E+04   2.11938414E+05   2.11938414E+05
   8.26000000E-02   2.42611410E+05   1.26817506E+05   1.26817506E+05   7.91848695E+04   2.08529479E+05   2.08529479E+05
   8.28000000E-02   2.40491522E+05   1.25709367E+05   1.25709367E+05   7.84929693E+04   2.06707394E+05   2.06707394E+05
   8.30000000E-02   2.38385543E+05   1.24608497E+05   1.24608497E+05   7.78056084E+04   2.04897263E+05   2.04897263E+05
   8.32000000E-02   2.36293353E+05   1.23514836E+05   1.23514836E+05   7.71227483E+04   2.03098984E+05   2.03098984E+05
   8.34000000E-02   2.34214836E+05   1.22428323E+05   1.22428323E+05   7.64443510E+04   2.01312458E+05   2.01312458E+05
   8.36000000E-02   2.32149877E+05   1.21348897E+05   1.21348897E+05   7.57703787E+04   1.99537585E+05   1.99537585E+05
   8.38000000E-02   2.30098362E+05   1.20276497E+05   1.20276497E+05   7.51007941E+04   1.97774266E+05   1.97774266E+05
   8.40000000E-02   2.28060177E+05   1.19211067E+05   1.19211067E+05   7.44355602E+04   1.96022406E+05   1.96022406E+05
   8.42000000E-02   2.26035210E+05   1.18152546E+05   1.18152546E+05   7.37746407E+04   1.94281906E+05   1.94281906E+05
   8.44000000E-02   2.24023350E+05   1.17100876E+05   1.17100876E+05   7.31179993E+04   1.92552673E+05   1.92552673E+05
   8.46000000E-02   2.22024489E+05   1.16056002E+05   1.16056002E+05   7.24656003E+04   1.90834612E+05   1.90834612E+05
   8.48000000E-02   2.20038518E+05   1.15017865E+05   1.15017865E+05   7.18174083E+04   1.89127631E+05   1.89127631E+05
   8.50000000E-02   2.18065329E+05   1.13986410E+05   1.13986410E+05   7.11733884E+04   1.87431636E+05   1.87431636E+05
   8.52000000E-02   2.16104816E+05   1.12961582E+05   1.12961582E+05   7.05335058E+04   1.85746536E+05   1.85746536E+05
   8.54000000E-02   2.14156875E+05   1.11943325E+05   1.11943325E+05   6.98977263E+04   1.84072242E+05   1.84072242E+05
   8.56000000E-02   2.12221401E+05   1.10931585E+05   1.10931585E+05   6.92660159E+04   1.82408664E+05   1.82408664E+05
   8.58000000E-02   2.10298291E+05   1.09926308E+05   1.09926308E+05   6.86383412E+04   1.80755713E+05   1.80755713E+05
   8.60000000E-02   2.08387445E+05   1.08927442E+05   1.08927442E+05   6.80146688E+04   1.79113302E+05   1.79113302E+05
   8.62000000E-02   2.06488760E+05   1.07934933E+05   1.07934933E+05   6.73949660E+04   1.77481345E+05   1.77481345E+05
   8.64000000E-02   2.04602138E+05   1.06948730E+05   1.06948730E+05   6.67792001E+04   1.75859756E+05   1.75859756E+05
   8.66000000E-02   2.02727479E+05   1.05968781E+05   1.05968781E+05   6.61673389E+04   1.74248449E+05   1.74248449E+05
   8.68000000E-02   2.00864686E+05   1.04995034E+05   1.04995034E+05   6.55593507E+04   1.72647342E+05   1.72647342E+05
   8.70000000E-02   1.99013663E+05   1.04027439E+05   1.04027439E+05   6.49552037E+04   1.71056351E+05   1.71056351E+05
   8.72000000E-02   1.97174313E+05   1.03065947E+05   1.03065947E+05   6.43548669E+04   1.69475393E+05   1.69475393E+05
   8.74000000E-02   1.95346542E+05   1.02110508E+05   1.02110508E+05   6.37583093E+04   1.67904388E+05   1.67904388E+05
   8.76000000E-02   1.93530257E+05   1.01161072E+05   1.01161072E+05   6.31655004E+04   1.66343254E+05   1.66343254E+05
   8.78000000E-02   1.91725364E+05   1.00217592E+05   1.00217592E+05   6.25764097E+04   1.64791913E+05   1.64791913E+05
   8.80000000E-02   1.89931772E+05   9.92800186E+04   9.92800186E+04   6.19910074E+04   1.63250285E+05   1.63250285E+05
   8.82000000E-02   1.88149389E+05   9.83483052E+04   9.83483052E+04   6.14092639E+04   1.61718291E+05   1.61718291E+05
   8.84000000E-02   1.86378126E+05   9.74224045E+04   9.74224045E+04   6.08311496E+04   1.60195856E+05   1.60195856E+05
   8.86000000E-02   1.84617894E+05   9.65022700E+04   9.65022700E+04   6.02566356E+04   1.58682901E+05   1.58682901E+05
   8.88000000E-02   1.82868604E+05   9.55878555E+04   9.55878555E+04   5.96856931E+04   1.57179352E+05   1.57179352E+05
   8.90000000E-02   1.81130170E+05   9.46791154E+04   9.46791154E+04   5.91182935E+04   1.55685133E+05   1.55685133E+05
   8.92000000E-02   1.79402504E+05   9.37760045E+04   9.37760045E+04   5.85544087E+04   1.54200170E+05   1.54200170E+05
   8.94000000E-02   1.77685521E+05   9.28784782E+04   9.28784782E+04   5.79940108E+04   1.52724390E+05   1.52724390E+05
   8.96000000E-02   1.75979137E+05   9.19864921E+04   9.19864921E+04   5.74370721E+04   1.51257719E+05   1.51257719E+05
   8.98000000E-02   1.74283268E+05   9.11000023E+04   9.11000023E+04   5.68835651E+04   1.49800085E+05   1.49800085E+05
   9.00000000E-02   1.72597830E+05   9.02189656E+04   9.02189656E+04   5.63334630E+04   1.48351418E+05   1.48351418E+05
   9.02000000E-02   1.70922742E+05   8.93433388E+04   8.93433388E+04   5.57867387E+04   1.46911646E+05   1.46911646E+05
   9.04000000E-02   1.69257922E+05   8.84730795E+04   8.84730795E+04   5.52433657E+04   1.45480700E+05   1.45480700E+05
   9.06000000E-02   1.67603289E+05   8.76081456E+04   8.76081456E+04   5.47033177E+04   1.44058510E+05   1.44058510E+05
   9.08000000E-02   1.65958763E+05   8.67484952E+04   8.67484952E+04   5.41665687E+04   1.42645008E+05   1.42645008E+05
   9.10000000E-02   1.64324267E+05   8.58940871E+04   8.58940871E+04   5.36330929E+04   1.41240126E+05   1.41240126E+05
   9.12000000E-02   1.62699720E+05   8.50448805E+04   8.50448805E+04   5.31028648E+04   1.39843796E+05   1.39843796E+05
   9.14000000E-02   1.61085047E+05   8.42008566E+04   8.42008566E+04   5.25758589E+04   1.38455952E+05   1.38455952E+05
   9.16000000E-02   1.59480172E+05   8.33619712E+04   8.33619712E+04   5.20520505E+04   1.37076528E+05   1.37076528E+05
   9.18000000E-02   1.57885016E+05   8.25281665E+04   8.25281665E+04   5.15314145E+04   1.35705458E+05   1.35705458E+05
   9.20000000E-02   1.56299506E+05   8.16994034E+04   8.16994034E+04   5.10139265E+04   1.34342679E+05   1.34342679E+05
   9.22000000E-02   1.54723566E+05   8.08756428E+04   8.08756428E+04   5.04995621E+04   1.32988126E+05   1.32988126E+05
   9.24000000E-02   1.53157122E+05   8.00568462E+04   8.00568462E+04   4.99882973E+04   1.31641735E+05   1.31641735E+05
   9.26000000E-02   1.51600102E+05   7.92429753E+04   7.92429753E+04   4.94801082E+04   1.30303444E+05   1.30303444E+05
   9.28000000E-02   1.50052433E+05   7.84339925E+04   7.84339925E+04   4.89749712E+04   1.28973190E+05   1.28973190E+05
   9.30000000E-02   1.48514044E+05   7.76298601E+04   7.76298601E+04   4.84728628E+04   1.27650912E+05   1.27650912E+05
   9.32000000E-02   1.46984863E+05   7.68305411E+04   7.68305411E+04   4.79737601E+04   1.26336550E+05   1.26336550E+05
   9.34000000E-02   1.45464820E+05   7.60359988E+04   7.60359988E+04   4.74776398E+04   1.25030041E+05   1.25030041E+05
   9.36000000E-02   1.43953846E+05   7.52461967E+04   7.52461967E+04   4.69844795E+04   1.23731328E+05   1.23731328E+05
   9.38000000E-02   1.42451872E+05   7.44610988E+04   7.44610988E+04   4.64942565E+04   1.22440349E+05   1.22440349E+05
   9.40000000E-02   1.40958829E+05   7.36806694E+04   7.36806694E+04   4.60069485E+04   1.21157048E+05   1.21157048E+05
   9.42000000E-02   1.39474649E+05   7.29048731E+04   7.29048731E+04   4.55225336E+04   1.19881365E+05   1.19881365E+05
   9.44000000E-02   1.37999266E+05   7.21336749E+04   7.21336749E+04   4.50409897E+04   1.18613242E+05   1.18613242E+05
   9.46000000E-02   1.36532614E+05   7.13670400E+04   7.13670400E+04   4.45622952E+04   1.17352624E+05   1.17352624E+05
   9.48000000E-02   1.35074626E+05   7.06049342E+04   7.06049342E+04   4.40864287E+04   1.16099453E+05   1.16099453E+05
   9.50000000E-02   1.33625237E+05   6.98473234E+04   6.98473234E+04   4.36133689E+04   1.14853673E+05   1.14853673E+05
   9.52000000E-02   1.32184383E+05   6.90941738E+04   6.90941738E+04   4.31430948E+04   1.13615229E+05   1.13615229E+05
   9.54000000E-02   1.30752000E+05   6.83454521E+04   6.83454521E+04   4.26755854E+04   1.12384066E+05   1.12384066E+05
   9.56000000E-02   1.29328024E+05   6.76011250E+04   6.76011250E+04   4.22108201E+04   1.11160129E+05   1.11160129E+05
   9.58000000E-02   1.27912394E+05   6.68611599E+04   6.68611599E+04   4.17487785E+04   1.09943365E+05   1.09943365E+05
   9.60000000E-02   1.26505046E+05   6.61255243E+04   6.61255243E+04   4.12894402E+04   1.08733720E+05   1.08733720E+05
   9.62000000E-02   1.25105919E+05   6.53941860E+04   6.53941860E+04   4.08327852E+04   1.07531142E+05   1.07531142E+05
   9.64000000E-02   1.23714952E+05   6.46671130E+04   6.46671130E+04   4.03787936E+04   1.06335577E+05   1.06335577E+05
   9.66000000E-02   1.22332086E+05   6.39442739E+04   6.39442739E+04   3.99274456E+04   1.05146974E+05   1.05146974E+05
   9.68000000E-02   1.20957259E+05   6.32256373E+04   6.32256373E+04   3.94787217E+04   1.03965282E+05   1.03965282E+05
   9.70000000E-02   1.19590412E+05   6.25111723E+04   6.25111723E+04   3.90326026E+04   1.02790449E+05   1.02790449E+05
   9.72000000E-02   1.18231487E+05   6.18008480E+04   6.18008480E+04   3.85890690E+04   1.01622425E+05   1.01622425E+05
   9.74000000E-02   1.16880426E+05   6.10946341E+04   6.10946341E+04   3.81481019E+04   1.00461160E+05   1.00461160E+05
   9.76000000E-02   1.15537171E+05   6.03925004E+04   6.03925004E+04   3.77096826E+04   9.93066040E+04   9.93066040E+04
   9.78000000E-02   1.14201665E+05   5.96944171E+04   5.96944171E+04   3.72737924E+04   9.81587084E+04   9.81587084E+04
   9.80000000E-02   1.12873850E+05   5.90003545E+04   5.90003545E+04   3.68404128E+04   9.70174243E+04   9.70174243E+04
   9.82000000E-02   1.11553672E+05   5.83102833E+04   5.83102833E+04   3.64095254E+04   9.58827035E+04   9.58827035E+04
   9.84000000E-02   1.10241074E+05   5.76241744E+04   5.76241744E+04   3.59811121E+04   9.47544982E+04   9.47544982E+04
   9.86000000E-02   1.08936001E+05   5.69419991E+04   5.69419991E+04   3.55551550E+04   9.36327610E+04   9.36327610E+04
   9.88000000E-02   1.07638399E+05   5.62637288E+04   5.62637288E+04   3.51316362E+04   9.25174450E+04   9.25174450E+04
   9.90000000E-02   1.06348214E+05   5.55893352E+04   5.55893352E+04   3.47105381E+04   9.14085037E+04   9.14085037E+04
   9.92000000E-02   1.05065391E+05   5.49187903E+04   5.49187903E+04   3.42918432E+04   9.03058910E+04   9.03058910E+04
   9.94000000E-02   1.03789878E+05   5.42520663E+04   5.42520663E+04   3.38755340E+04   8.92095612E+04   8.92095612E+04
   9.96000000E-02   1.02521623E+05   5.35891357E+04   5.35891357E+04   3.34615935E+04   8.81194692E+04   8.81194692E+04
   9.98000000E-02   1.01260572E+05   5.29299712E+04   5.29299712E+04   3.30500046E+04   8.70355699E+04   8.70355699E+04
   1.00000000E-01   1.00006675E+05   5.22745459E+04   5.22745459E+04   3.26407504E+04   8.59578191E+04   8.59578191E+04