# TBinMid=0.5515 ssec TBinWidth=0.1 ss EBinWidth=0.2MeV Fluence at Earth for this timebin in neutrinos per cm^2
# E(GeV)	NuE	NuMu	NuTau	aNuE	aNuMu	aNuTau
   1.38589050E-13   1.87740412E+18   2.16556675E+18   2.16556675E+18   1.39498410E+18   1.75384676E+18   1.75384676E+18
   2.00000000E-04   3.35703661E+09   3.87230792E+09   3.87230792E+09   2.49440844E+09   3.13610037E+09   3.13610037E+09
   4.00000000E-04   1.71230621E+09   1.97512797E+09   1.97512797E+09   1.27230995E+09   1.59961442E+09   1.59961442E+09
   6.00000000E-04   1.15471392E+09   1.33195087E+09   1.33195087E+09   8.57997238E+08   1.07871887E+09   1.07871887E+09
   8.00000000E-04   8.73047061E+08   1.00705099E+09   1.00705099E+09   6.48707838E+08   8.15589323E+08   8.15589323E+08
   1.00000000E-03   7.02788560E+08   8.10659527E+08   8.10659527E+08   5.22199166E+08   6.56536024E+08   6.56536024E+08
   1.20000000E-03   5.88619594E+08   6.78966774E+08   6.78966774E+08   4.37367195E+08   5.49880846E+08   5.49880846E+08
   1.40000000E-03   7.17927087E+08   9.63044753E+08   9.63044753E+08   5.28119445E+08   6.64514135E+08   6.64514135E+08
   1.60000000E-03   8.02976161E+08   1.24653799E+09   1.24653799E+09   5.84359341E+08   7.35582004E+08   7.35582004E+08
   1.80000000E-03   9.06706637E+08   1.45391544E+09   1.45391544E+09   6.63527318E+08   8.29780079E+08   8.29780079E+08
   2.00000000E-03   1.30724084E+09   1.76254568E+09   1.76254568E+09   1.00299963E+09   1.21935205E+09   1.21935205E+09
   2.20000000E-03   1.63056411E+09   2.81692441E+09   2.81692441E+09   1.24555730E+09   1.49711410E+09   1.49711410E+09
   2.40000000E-03   1.87217833E+09   3.76308236E+09   3.76308236E+09   1.42105109E+09   1.69756517E+09   1.69756517E+09
   2.60000000E-03   2.04871353E+09   4.47637531E+09   4.47637531E+09   1.54889834E+09   1.84313529E+09   1.84313529E+09
   2.80000000E-03   2.62381923E+09   5.25178589E+09   5.25178589E+09   2.28222906E+09   2.44802508E+09   2.44802508E+09
   3.00000000E-03   3.08718071E+09   5.85922327E+09   5.85922327E+09   2.87980459E+09   2.93759195E+09   2.93759195E+09
   3.20000000E-03   3.45398847E+09   6.33277265E+09   6.33277265E+09   3.35730438E+09   3.32645263E+09   3.32645263E+09
   3.40000000E-03   3.76372768E+09   7.09973236E+09   7.09973236E+09   3.74110026E+09   3.63689065E+09   3.63689065E+09
   3.60000000E-03   4.02142273E+09   7.94160251E+09   7.94160251E+09   4.05086365E+09   3.88550626E+09   3.88550626E+09
   3.80000000E-03   4.22807606E+09   8.63151321E+09   8.63151321E+09   4.30150113E+09   4.08486209E+09   4.08486209E+09
   4.00000000E-03   4.67007056E+09   9.34290888E+09   9.34290888E+09   5.06352234E+09   4.59204305E+09   4.59204305E+09
   4.20000000E-03   5.07526783E+09   9.95207381E+09   9.95207381E+09   5.77972202E+09   5.06269567E+09   5.06269567E+09
   4.40000000E-03   5.41575566E+09   1.04590450E+10   1.04590450E+10   6.38829435E+09   5.45994627E+09   5.45994627E+09
   4.60000000E-03   5.70234555E+09   1.08811345E+10   1.08811345E+10   6.90689465E+09   5.79597340E+09   5.79597340E+09
   4.80000000E-03   5.94375679E+09   1.12322816E+10   1.12322816E+10   7.34979288E+09   6.08060707E+09   6.08060707E+09
   5.00000000E-03   6.14708048E+09   1.15238036E+10   1.15238036E+10   7.72862019E+09   6.32184840E+09   6.32184840E+09
   5.20000000E-03   6.31812779E+09   1.17649594E+10   1.17649594E+10   8.05293004E+09   6.52625998E+09   6.52625998E+09
   5.40000000E-03   6.46151516E+09   1.19594289E+10   1.19594289E+10   8.33062493E+09   6.69926251E+09   6.69926251E+09
   5.60000000E-03   6.58133581E+09   1.21159547E+10   1.21159547E+10   8.56828423E+09   6.84536246E+09   6.84536246E+09
   5.80000000E-03   6.76284742E+09   1.22846843E+10   1.22846843E+10   8.98470609E+09   7.08239297E+09   7.08239297E+09
   6.00000000E-03   6.92446907E+09   1.24258682E+10   1.24258682E+10   9.36463801E+09   7.29592209E+09   7.29592209E+09
   6.20000000E-03   7.06338048E+09   1.25404679E+10   1.25404679E+10   9.69849671E+09   7.48140678E+09   7.48140678E+09
   6.40000000E-03   7.18246643E+09   1.26320507E+10   1.26320507E+10   9.99192811E+09   7.64235407E+09   7.64235407E+09
   6.60000000E-03   7.28419437E+09   1.27036554E+10   1.27036554E+10   1.02497750E+10   7.78176725E+09   7.78176725E+09
   6.80000000E-03   7.37068365E+09   1.27578811E+10   1.27578811E+10   1.04762089E+10   7.90222915E+09   7.90222915E+09
   7.00000000E-03   7.44376170E+09   1.27969590E+10   1.27969590E+10   1.06748373E+10   8.00596969E+09   8.00596969E+09
   7.20000000E-03   7.50501011E+09   1.28228115E+10   1.28228115E+10   1.08487920E+10   8.09492129E+09   8.09492129E+09
   7.40000000E-03   7.55580234E+09   1.28371004E+10   1.28371004E+10   1.10008007E+10   8.17076433E+09   8.17076433E+09
   7.60000000E-03   7.59733502E+09   1.28412666E+10   1.28412666E+10   1.11332474E+10   8.23496480E+09   8.23496480E+09
   7.80000000E-03   7.63065385E+09   1.28365633E+10   1.28365633E+10   1.12482223E+10   8.28880561E+09   8.28880561E+09
   8.00000000E-03   7.65667525E+09   1.28240829E+10   1.28240829E+10   1.13475630E+10   8.33341269E+09   8.33341269E+09
   8.20000000E-03   7.67620456E+09   1.28047807E+10   1.28047807E+10   1.14328898E+10   8.36977689E+09   8.36977689E+09
   8.40000000E-03   7.65791961E+09   1.27627503E+10   1.27627503E+10   1.14450118E+10   8.35948312E+09   8.35948312E+09
   8.60000000E-03   7.62554158E+09   1.26337811E+10   1.26337811E+10   1.14356866E+10   8.33602664E+09   8.33602664E+09
   8.80000000E-03   7.58927644E+09   1.24610005E+10   1.24610005E+10   1.14210146E+10   8.30979545E+09   8.30979545E+09
   9.00000000E-03   7.55161165E+09   1.22933862E+10   1.22933862E+10   1.14016059E+10   8.28114333E+09   8.28114333E+09
   9.20000000E-03   7.51276801E+09   1.21307094E+10   1.21307094E+10   1.13780012E+10   8.25038244E+09   8.25038244E+09
   9.40000000E-03   7.47293934E+09   1.19727539E+10   1.19727539E+10   1.13506805E+10   8.21778860E+09   8.21778860E+09
   9.60000000E-03   7.43229596E+09   1.18193153E+10   1.18193153E+10   1.13200706E+10   8.18360591E+09   8.18360591E+09
   9.80000000E-03   7.39098772E+09   1.16702005E+10   1.16702005E+10   1.12865519E+10   8.14805071E+09   8.14805071E+09
   1.00000000E-02   7.34914653E+09   1.15252268E+10   1.15252268E+10   1.12504635E+10   8.11131496E+09   8.11131496E+09
   1.02000000E-02   7.30688860E+09   1.13842215E+10   1.13842215E+10   1.12121084E+10   8.07356916E+09   8.07356916E+09
   1.04000000E-02   7.26431635E+09   1.12470211E+10   1.12470211E+10   1.11717577E+10   8.03496494E+09   8.03496494E+09
   1.06000000E-02   7.22152007E+09   1.11134706E+10   1.11134706E+10   1.11296540E+10   7.99563724E+09   7.99563724E+09
   1.08000000E-02   7.17857938E+09   1.09834233E+10   1.09834233E+10   1.10860149E+10   7.95570626E+09   7.95570626E+09
   1.10000000E-02   7.13556447E+09   1.08567401E+10   1.08567401E+10   1.10410357E+10   7.91527913E+09   7.91527913E+09
   1.12000000E-02   7.09253722E+09   1.07332892E+10   1.07332892E+10   1.09948918E+10   7.87445138E+09   7.87445138E+09
   1.14000000E-02   7.04955213E+09   1.06129454E+10   1.06129454E+10   1.09477409E+10   7.83330825E+09   7.83330825E+09
   1.16000000E-02   7.00665720E+09   1.04955897E+10   1.04955897E+10   1.08997247E+10   7.79192581E+09   7.79192581E+09
   1.18000000E-02   6.96389462E+09   1.03811093E+10   1.03811093E+10   1.08509712E+10   7.75037194E+09   7.75037194E+09
   1.20000000E-02   6.92130148E+09   1.02693970E+10   1.02693970E+10   1.08015952E+10   7.70870727E+09   7.70870727E+09
   1.22000000E-02   6.84709928E+09   1.01437226E+10   1.01437226E+10   1.06875089E+10   7.62703306E+09   7.62703306E+09
   1.24000000E-02   6.74726691E+09   1.00070995E+10   1.00070995E+10   1.05207932E+10   7.51286635E+09   7.51286635E+09
   1.26000000E-02   6.65043684E+09   9.87438869E+09   9.87438869E+09   1.03592810E+10   7.40218461E+09   7.40218461E+09
   1.28000000E-02   6.55647350E+09   9.74541998E+09   9.74541998E+09   1.02027309E+10   7.29482882E+09   7.29482882E+09
   1.30000000E-02   6.46524945E+09   9.62003303E+09   9.62003303E+09   1.00509167E+10   7.19064953E+09   7.19064953E+09
   1.32000000E-02   6.37664474E+09   9.49807665E+09   9.49807665E+09   9.90362543E+09   7.08950616E+09   7.08950616E+09
   1.34000000E-02   6.29054639E+09   9.37940817E+09   9.37940817E+09   9.76065694E+09   6.99126636E+09   6.99126636E+09
   1.36000000E-02   6.20684787E+09   9.26389282E+09   9.26389282E+09   9.62182264E+09   6.89580541E+09   6.89580541E+09
   1.38000000E-02   6.12221398E+09   9.08018851E+09   9.08018851E+09   9.48694484E+09   6.80300567E+09   6.80300567E+09
   1.40000000E-02   6.03930809E+09   8.88890176E+09   8.88890176E+09   9.35585589E+09   6.71275609E+09   6.71275609E+09
   1.42000000E-02   5.95867388E+09   8.70386442E+09   8.70386442E+09   9.22839751E+09   6.62495175E+09   6.62495175E+09
   1.44000000E-02   5.88021847E+09   8.52479235E+09   8.52479235E+09   9.10442014E+09   6.53949343E+09   6.53949343E+09
   1.46000000E-02   5.80385396E+09   8.35141795E+09   8.35141795E+09   8.98378233E+09   6.45628727E+09   6.45628727E+09
   1.48000000E-02   5.72949716E+09   8.18348899E+09   8.18348899E+09   8.86635025E+09   6.37524434E+09   6.37524434E+09
   1.50000000E-02   5.65706927E+09   8.02076751E+09   8.02076751E+09   8.75199710E+09   6.29628038E+09   6.29628038E+09
   1.52000000E-02   5.58649553E+09   7.86302891E+09   7.86302891E+09   8.64060272E+09   6.21931549E+09   6.21931549E+09
   1.54000000E-02   5.51770506E+09   7.71006094E+09   7.71006094E+09   8.53205315E+09   6.14427380E+09   6.14427380E+09
   1.56000000E-02   5.45063054E+09   7.56166298E+09   7.56166298E+09   8.42624020E+09   6.07108329E+09   6.07108329E+09
   1.58000000E-02   5.38520800E+09   7.41764518E+09   7.41764518E+09   8.32306113E+09   5.99967548E+09   5.99967548E+09
   1.60000000E-02   5.32137664E+09   7.27782780E+09   7.27782780E+09   8.22241828E+09   5.92998529E+09   5.92998529E+09
   1.62000000E-02   5.25907863E+09   7.14204054E+09   7.14204054E+09   8.12421878E+09   5.86195074E+09   5.86195074E+09
   1.64000000E-02   5.19825889E+09   7.01012196E+09   7.01012196E+09   8.02837425E+09   5.79551284E+09   5.79551284E+09
   1.66000000E-02   5.13886499E+09   6.88191889E+09   6.88191889E+09   7.93480052E+09   5.73061539E+09   5.73061539E+09
   1.68000000E-02   5.08084693E+09   6.75728592E+09   6.75728592E+09   7.84341743E+09   5.66720480E+09   5.66720480E+09
   1.70000000E-02   5.02415706E+09   6.63608495E+09   6.63608495E+09   7.75414851E+09   5.60522996E+09   5.60522996E+09
   1.72000000E-02   4.96874990E+09   6.51818471E+09   6.51818471E+09   7.66692086E+09   5.54464208E+09   5.54464208E+09
   1.74000000E-02   4.91458204E+09   6.40346036E+09   6.40346036E+09   7.58166488E+09   5.48539458E+09   5.48539458E+09
   1.76000000E-02   4.86161199E+09   6.29179311E+09   6.29179311E+09   7.49831412E+09   5.42744294E+09   5.42744294E+09
   1.78000000E-02   4.79926273E+09   6.17756185E+09   6.17756185E+09   7.39799533E+09   5.35808532E+09   5.35808532E+09
   1.80000000E-02   4.70627685E+09   6.04956717E+09   6.04956717E+09   7.24272065E+09   5.25177693E+09   5.25177693E+09
   1.82000000E-02   4.61576805E+09   5.92503424E+09   5.92503424E+09   7.09165720E+09   5.14831615E+09   5.14831615E+09
   1.84000000E-02   4.52764618E+09   5.80383612E+09   5.80383612E+09   6.94465039E+09   5.04759909E+09   5.04759909E+09
   1.86000000E-02   4.44182528E+09   5.68585184E+09   5.68585184E+09   6.80155284E+09   4.94952666E+09   4.94952666E+09
   1.88000000E-02   4.35822332E+09   5.57096595E+09   5.57096595E+09   6.66222395E+09   4.85400431E+09   4.85400431E+09
   1.90000000E-02   4.27676200E+09   5.45906831E+09   5.45906831E+09   6.52652954E+09   4.76094183E+09   4.76094183E+09
   1.92000000E-02   4.19736653E+09   5.35005373E+09   5.35005373E+09   6.39434152E+09   4.67025303E+09   4.67025303E+09
   1.94000000E-02   4.11996547E+09   5.24382171E+09   5.24382171E+09   6.26553750E+09   4.58185558E+09   4.58185558E+09
   1.96000000E-02   4.04449050E+09   5.14027623E+09   5.14027623E+09   6.14000052E+09   4.49567078E+09   4.49567078E+09
   1.98000000E-02   3.97087629E+09   5.03932543E+09   5.03932543E+09   6.01761874E+09   4.41162336E+09   4.41162336E+09
   2.00000000E-02   3.89906033E+09   4.94088149E+09   4.94088149E+09   5.89828518E+09   4.32964133E+09   4.32964133E+09
   2.02000000E-02   3.82898278E+09   4.84486032E+09   4.84486032E+09   5.78189748E+09   4.24965575E+09   4.24965575E+09
   2.04000000E-02   3.76058635E+09   4.75118144E+09   4.75118144E+09   5.66835762E+09   4.17160063E+09   4.17160063E+09
   2.06000000E-02   3.69381613E+09   4.65976773E+09   4.65976773E+09   5.55757172E+09   4.09541275E+09   4.09541275E+09
   2.08000000E-02   3.62861951E+09   4.57054532E+09   4.57054532E+09   5.44944983E+09   4.02103150E+09   4.02103150E+09
   2.10000000E-02   3.56494605E+09   4.48344339E+09   4.48344339E+09   5.34390571E+09   3.94839881E+09   3.94839881E+09
   2.12000000E-02   3.50274734E+09   4.39839401E+09   4.39839401E+09   5.24085668E+09   3.87745895E+09   3.87745895E+09
   2.14000000E-02   3.44197696E+09   4.31533203E+09   4.31533203E+09   5.14022341E+09   3.80815847E+09   3.80815847E+09
   2.16000000E-02   3.38259033E+09   4.23419491E+09   4.23419491E+09   5.04192978E+09   3.74044604E+09   3.74044604E+09
   2.18000000E-02   3.32454465E+09   4.15492261E+09   4.15492261E+09   4.94590269E+09   3.67427239E+09   3.67427239E+09
   2.20000000E-02   3.26770208E+09   4.07532815E+09   4.07532815E+09   4.85207195E+09   3.60959020E+09   3.60959020E+09
   2.22000000E-02   3.21195169E+09   3.99378370E+09   3.99378370E+09   4.76037012E+09   3.54635399E+09   3.54635399E+09
   2.24000000E-02   3.15743072E+09   3.91409387E+09   3.91409387E+09   4.67073239E+09   3.48452002E+09   3.48452002E+09
   2.26000000E-02   3.10410240E+09   3.83620240E+09   3.83620240E+09   4.58309643E+09   3.42404627E+09   3.42404627E+09
   2.28000000E-02   3.05193138E+09   3.76005521E+09   3.76005521E+09   4.49740232E+09   3.36489230E+09   3.36489230E+09
   2.30000000E-02   3.00088362E+09   3.68560023E+09   3.68560023E+09   4.41359240E+09   3.30701920E+09   3.30701920E+09
   2.32000000E-02   2.95092637E+09   3.61278740E+09   3.61278740E+09   4.33161118E+09   3.25038951E+09   3.25038951E+09
   2.34000000E-02   2.90202809E+09   3.54156851E+09   3.54156851E+09   4.25140523E+09   3.19496716E+09   3.19496716E+09
   2.36000000E-02   2.85415839E+09   3.47189713E+09   3.47189713E+09   4.17292312E+09   3.14071744E+09   3.14071744E+09
   2.38000000E-02   2.80728799E+09   3.40372856E+09   3.40372856E+09   4.09611528E+09   3.08760686E+09   3.08760686E+09
   2.40000000E-02   2.76138869E+09   3.33701972E+09   3.33701972E+09   4.02093397E+09   3.03560318E+09   3.03560318E+09
   2.42000000E-02   2.71643328E+09   3.27172908E+09   3.27172908E+09   3.94733315E+09   2.98467531E+09   2.98467531E+09
   2.44000000E-02   2.67239553E+09   3.20781664E+09   3.20781664E+09   3.87526844E+09   2.93479325E+09   2.93479325E+09
   2.46000000E-02   2.62925013E+09   3.14524377E+09   3.14524377E+09   3.80469705E+09   2.88592809E+09   2.88592809E+09
   2.48000000E-02   2.58697265E+09   3.08397326E+09   3.08397326E+09   3.73557767E+09   2.83805192E+09   2.83805192E+09
   2.50000000E-02   2.54553952E+09   3.02396917E+09   3.02396917E+09   3.66787046E+09   2.79113779E+09   2.79113779E+09
   2.52000000E-02   2.50492800E+09   2.96519682E+09   2.96519682E+09   3.60153696E+09   2.74515972E+09   2.74515972E+09
   2.54000000E-02   2.46511609E+09   2.90762275E+09   2.90762275E+09   3.53654002E+09   2.70009257E+09   2.70009257E+09
   2.56000000E-02   2.42608256E+09   2.85121461E+09   2.85121461E+09   3.47284378E+09   2.65591210E+09   2.65591210E+09
   2.58000000E-02   2.38780691E+09   2.79594119E+09   2.79594119E+09   3.41041358E+09   2.61259487E+09   2.61259487E+09
   2.60000000E-02   2.35026929E+09   2.74177231E+09   2.74177231E+09   3.34921594E+09   2.57011821E+09   2.57011821E+09
   2.62000000E-02   2.30759545E+09   2.68561828E+09   2.68561828E+09   3.28390164E+09   2.52262948E+09   2.52262948E+09
   2.64000000E-02   2.26354990E+09   2.62942837E+09   2.62942837E+09   3.21787114E+09   2.47387400E+09   2.47387400E+09
   2.66000000E-02   2.22036568E+09   2.57435191E+09   2.57435191E+09   3.15314183E+09   2.42607375E+09   2.42607375E+09
   2.68000000E-02   2.17802052E+09   2.52035999E+09   2.52035999E+09   3.08968000E+09   2.37920402E+09   2.37920402E+09
   2.70000000E-02   2.13649293E+09   2.46742463E+09   2.46742463E+09   3.02745304E+09   2.33324094E+09   2.33324094E+09
   2.72000000E-02   2.09576206E+09   2.41551875E+09   2.41551875E+09   2.96642937E+09   2.28816140E+09   2.28816140E+09
   2.74000000E-02   2.05580778E+09   2.36461617E+09   2.36461617E+09   2.90657848E+09   2.24394304E+09   2.24394304E+09
   2.76000000E-02   2.01661057E+09   2.31469153E+09   2.31469153E+09   2.84787078E+09   2.20056418E+09   2.20056418E+09
   2.78000000E-02   1.97815154E+09   2.26572027E+09   2.26572027E+09   2.79027765E+09   2.15800388E+09   2.15800388E+09
   2.80000000E-02   1.94041239E+09   2.21767863E+09   2.21767863E+09   2.73377137E+09   2.11624182E+09   2.11624182E+09
   2.82000000E-02   1.90337539E+09   2.17054357E+09   2.17054357E+09   2.67832507E+09   2.07525833E+09   2.07525833E+09
   2.84000000E-02   1.86702338E+09   2.12429278E+09   2.12429278E+09   2.62391275E+09   2.03503435E+09   2.03503435E+09
   2.86000000E-02   1.83133970E+09   2.07890463E+09   2.07890463E+09   2.57050917E+09   1.99555140E+09   1.99555140E+09
   2.88000000E-02   1.79630821E+09   2.03435818E+09   2.03435818E+09   2.51808990E+09   1.95679158E+09   1.95679158E+09
   2.90000000E-02   1.76191328E+09   1.99063309E+09   1.99063309E+09   2.46663123E+09   1.91873752E+09   1.91873752E+09
   2.92000000E-02   1.72813972E+09   1.94770967E+09   1.94770967E+09   2.41611019E+09   1.88137238E+09   1.88137238E+09
   2.94000000E-02   1.69497282E+09   1.90556881E+09   1.90556881E+09   2.36650447E+09   1.84467984E+09   1.84467984E+09
   2.96000000E-02   1.66239830E+09   1.86419197E+09   1.86419197E+09   2.31779247E+09   1.80864404E+09   1.80864404E+09
   2.98000000E-02   1.63040231E+09   1.82356117E+09   1.82356117E+09   2.26995319E+09   1.77324961E+09   1.77324961E+09
   3.00000000E-02   1.59897139E+09   1.78365895E+09   1.78365895E+09   2.22296628E+09   1.73848163E+09   1.73848163E+09
   3.02000000E-02   1.56809249E+09   1.74446836E+09   1.74446836E+09   2.17681196E+09   1.70432560E+09   1.70432560E+09
   3.04000000E-02   1.53775294E+09   1.70597297E+09   1.70597297E+09   2.13147105E+09   1.67076748E+09   1.67076748E+09
   3.06000000E-02   1.50794043E+09   1.66815681E+09   1.66815681E+09   2.08692491E+09   1.63779360E+09   1.63779360E+09
   3.08000000E-02   1.47864300E+09   1.63100435E+09   1.63100435E+09   2.04315544E+09   1.60539069E+09   1.60539069E+09
   3.10000000E-02   1.44984903E+09   1.59450054E+09   1.59450054E+09   2.00014507E+09   1.57354586E+09   1.57354586E+09
   3.12000000E-02   1.42154725E+09   1.55863074E+09   1.55863074E+09   1.95787671E+09   1.54224660E+09   1.54224660E+09
   3.14000000E-02   1.39372669E+09   1.52338073E+09   1.52338073E+09   1.91633376E+09   1.51148074E+09   1.51148074E+09
   3.16000000E-02   1.36637668E+09   1.48873668E+09   1.48873668E+09   1.87550009E+09   1.48123645E+09   1.48123645E+09
   3.18000000E-02   1.33948686E+09   1.45468516E+09   1.45468516E+09   1.83536002E+09   1.45150223E+09   1.45150223E+09
   3.20000000E-02   1.31304716E+09   1.42121310E+09   1.42121310E+09   1.79589830E+09   1.42226690E+09   1.42226690E+09
   3.22000000E-02   1.28704778E+09   1.38830780E+09   1.38830780E+09   1.75710010E+09   1.39351959E+09   1.39351959E+09
   3.24000000E-02   1.26147918E+09   1.35595691E+09   1.35595691E+09   1.71895100E+09   1.36524974E+09   1.36524974E+09
   3.26000000E-02   1.23633210E+09   1.32414841E+09   1.32414841E+09   1.68143697E+09   1.33744704E+09   1.33744704E+09
   3.28000000E-02   1.21159751E+09   1.29287062E+09   1.29287062E+09   1.64454438E+09   1.31010149E+09   1.31010149E+09
   3.30000000E-02   1.18726664E+09   1.26211215E+09   1.26211215E+09   1.60825993E+09   1.28320336E+09   1.28320336E+09
   3.32000000E-02   1.16333094E+09   1.23186193E+09   1.23186193E+09   1.57257070E+09   1.25674316E+09   1.25674316E+09
   3.34000000E-02   1.13978209E+09   1.20210920E+09   1.20210920E+09   1.53746412E+09   1.23071167E+09   1.23071167E+09
   3.36000000E-02   1.11661200E+09   1.17284347E+09   1.17284347E+09   1.50292794E+09   1.20509991E+09   1.20509991E+09
   3.38000000E-02   1.09381278E+09   1.14405452E+09   1.14405452E+09   1.46895022E+09   1.17989913E+09   1.17989913E+09
   3.40000000E-02   1.07137676E+09   1.11573241E+09   1.11573241E+09   1.43551937E+09   1.15510080E+09   1.15510080E+09
   3.42000000E-02   1.04929645E+09   1.08786745E+09   1.08786745E+09   1.40262407E+09   1.13069665E+09   1.13069665E+09
   3.44000000E-02   1.02756456E+09   1.06045021E+09   1.06045021E+09   1.37025330E+09   1.10667857E+09   1.10667857E+09
   3.46000000E-02   1.00617401E+09   1.03347151E+09   1.03347151E+09   1.33839633E+09   1.08303870E+09   1.08303870E+09
   3.48000000E-02   9.85117861E+08   1.00692238E+09   1.00692238E+09   1.30704270E+09   1.05976937E+09   1.05976937E+09
   3.50000000E-02   9.64389386E+08   9.80794098E+08   9.80794098E+08   1.27618223E+09   1.03686309E+09   1.03686309E+09
   3.52000000E-02   9.43982008E+08   9.55078167E+08   9.55078167E+08   1.24580497E+09   1.01431258E+09   1.01431258E+09
   3.54000000E-02   9.24108638E+08   9.34594782E+08   9.34594782E+08   1.21590124E+09   9.92110735E+08   9.92110735E+08
   3.56000000E-02   9.04662200E+08   9.17115987E+08   9.17115987E+08   1.18646160E+09   9.70250622E+08   9.70250622E+08
   3.58000000E-02   8.85512453E+08   8.99900610E+08   8.99900610E+08   1.15747686E+09   9.48725487E+08   9.48725487E+08
   3.60000000E-02   8.66653574E+08   8.82943504E+08   8.82943504E+08   1.12893802E+09   9.27528742E+08   9.27528742E+08
   3.62000000E-02   8.48079880E+08   8.66239652E+08   8.66239652E+08   1.10083634E+09   9.06653961E+08   9.06653961E+08
   3.64000000E-02   8.29785829E+08   8.49784156E+08   8.49784156E+08   1.07316327E+09   8.86094876E+08   8.86094876E+08
   3.66000000E-02   8.11766014E+08   8.33572240E+08   8.33572240E+08   1.04591048E+09   8.65845370E+08   8.65845370E+08
   3.68000000E-02   7.94015157E+08   8.17599239E+08   8.17599239E+08   1.01906984E+09   8.45899476E+08   8.45899476E+08
   3.70000000E-02   7.76528110E+08   8.01860606E+08   8.01860606E+08   9.92633425E+08   8.26251370E+08   8.26251370E+08
   3.72000000E-02   7.59299846E+08   7.86351896E+08   7.86351896E+08   9.66593482E+08   8.06895367E+08   8.06895367E+08
   3.74000000E-02   7.42325459E+08   7.71068776E+08   7.71068776E+08   9.40942458E+08   7.87825921E+08   7.87825921E+08
   3.76000000E-02   7.25600159E+08   7.56007010E+08   7.56007010E+08   9.15672975E+08   7.69037613E+08   7.69037613E+08
   3.78000000E-02   7.09119269E+08   7.41162467E+08   7.41162467E+08   8.90777828E+08   7.50525155E+08   7.50525155E+08
   3.80000000E-02   6.92878222E+08   7.26531107E+08   7.26531107E+08   8.66249986E+08   7.32283384E+08   7.32283384E+08
   3.82000000E-02   6.76872558E+08   7.12108989E+08   7.12108989E+08   8.42082580E+08   7.14307255E+08   7.14307255E+08
   3.84000000E-02   6.65044820E+08   6.99955347E+08   6.99955347E+08   8.26136872E+08   7.01526308E+08   7.01526308E+08
   3.86000000E-02   6.54479848E+08   6.88544857E+08   6.88544857E+08   8.12607704E+08   6.90297454E+08   6.90297454E+08
   3.88000000E-02   6.44060394E+08   6.77292020E+08   6.77292020E+08   7.99265563E+08   6.79223405E+08   6.79223405E+08
   3.90000000E-02   6.33783847E+08   6.66194001E+08   6.66194001E+08   7.86107084E+08   6.68301379E+08   6.68301379E+08
   3.92000000E-02   6.23647652E+08   6.55248030E+08   6.55248030E+08   7.73128980E+08   6.57528658E+08   6.57528658E+08
   3.94000000E-02   6.13649311E+08   6.44451398E+08   6.44451398E+08   7.60328038E+08   6.46902587E+08   6.46902587E+08
   3.96000000E-02   6.03786385E+08   6.33801457E+08   6.33801457E+08   7.47701115E+08   6.36420566E+08   6.36420566E+08
   3.98000000E-02   5.94056487E+08   6.23295619E+08   6.23295619E+08   7.35245140E+08   6.26080056E+08   6.26080056E+08
   4.00000000E-02   5.84457283E+08   6.12931352E+08   6.12931352E+08   7.22957109E+08   6.15878575E+08   6.15878575E+08
   4.02000000E-02   5.74986491E+08   6.02706181E+08   6.02706181E+08   7.10834085E+08   6.05813692E+08   6.05813692E+08
   4.04000000E-02   5.65641879E+08   5.92617684E+08   5.92617684E+08   6.98873196E+08   5.95883033E+08   5.95883033E+08
   4.06000000E-02   5.56421264E+08   5.82663495E+08   5.82663495E+08   6.87071632E+08   5.86084275E+08   5.86084275E+08
   4.08000000E-02   5.47322510E+08   5.72841296E+08   5.72841296E+08   6.75426643E+08   5.76415145E+08   5.76415145E+08
   4.10000000E-02   5.38343527E+08   5.63148821E+08   5.63148821E+08   6.63935540E+08   5.66873419E+08   5.66873419E+08
   4.12000000E-02   5.29482272E+08   5.53583852E+08   5.53583852E+08   6.52595694E+08   5.57456921E+08   5.57456921E+08
   4.14000000E-02   5.20736743E+08   5.44144220E+08   5.44144220E+08   6.41404528E+08   5.48163522E+08   5.48163522E+08
   4.16000000E-02   5.12104982E+08   5.34827801E+08   5.34827801E+08   6.30359523E+08   5.38991140E+08   5.38991140E+08
   4.18000000E-02   5.03585073E+08   5.25632516E+08   5.25632516E+08   6.19458214E+08   5.29937734E+08   5.29937734E+08
   4.20000000E-02   4.95175140E+08   5.16556332E+08   5.16556332E+08   6.08698185E+08   5.21001308E+08   5.21001308E+08
   4.22000000E-02   4.86873347E+08   5.07597256E+08   5.07597256E+08   5.98077075E+08   5.12179908E+08   5.12179908E+08
   4.24000000E-02   4.78677896E+08   4.98753340E+08   4.98753340E+08   5.87592570E+08   5.03471622E+08   5.03471622E+08
   4.26000000E-02   4.70587027E+08   4.90022673E+08   4.90022673E+08   5.77242405E+08   4.94874576E+08   4.94874576E+08
   4.28000000E-02   4.62599016E+08   4.81403388E+08   4.81403388E+08   5.67024362E+08   4.86386936E+08   4.86386936E+08
   4.30000000E-02   4.54712175E+08   4.72893652E+08   4.72893652E+08   5.56936268E+08   4.78006905E+08   4.78006905E+08
   4.32000000E-02   4.46924851E+08   4.64491674E+08   4.64491674E+08   5.46975997E+08   4.69732724E+08   4.69732724E+08
   4.34000000E-02   4.39235424E+08   4.56195698E+08   4.56195698E+08   5.37141466E+08   4.61562671E+08   4.61562671E+08
   4.36000000E-02   4.31642308E+08   4.48004002E+08   4.48004002E+08   5.27430632E+08   4.53495057E+08   4.53495057E+08
   4.38000000E-02   4.24143949E+08   4.39914902E+08   4.39914902E+08   5.17841497E+08   4.45528228E+08   4.45528228E+08
   4.40000000E-02   4.16738825E+08   4.31926748E+08   4.31926748E+08   5.08372102E+08   4.37660564E+08   4.37660564E+08
   4.42000000E-02   4.09425442E+08   4.24037920E+08   4.24037920E+08   4.99020527E+08   4.29890477E+08   4.29890477E+08
   4.44000000E-02   4.02202340E+08   4.16246834E+08   4.16246834E+08   4.89784891E+08   4.22216412E+08   4.22216412E+08
   4.46000000E-02   3.95068085E+08   4.08551937E+08   4.08551937E+08   4.80663351E+08   4.14636845E+08   4.14636845E+08
   4.48000000E-02   3.88021274E+08   4.00951705E+08   4.00951705E+08   4.71654100E+08   4.07150281E+08   4.07150281E+08
   4.50000000E-02   3.81060529E+08   3.93444646E+08   3.93444646E+08   4.62755368E+08   3.99755254E+08   3.99755254E+08
   4.52000000E-02   3.74184501E+08   3.86029298E+08   3.86029298E+08   4.53965418E+08   3.92450330E+08   3.92450330E+08
   4.54000000E-02   3.67391868E+08   3.78704225E+08   3.78704225E+08   4.45282550E+08   3.85234102E+08   3.85234102E+08
   4.56000000E-02   3.60681332E+08   3.71468022E+08   3.71468022E+08   4.36705094E+08   3.78105187E+08   3.78105187E+08
   4.58000000E-02   3.54051622E+08   3.64319310E+08   3.64319310E+08   4.28231415E+08   3.71062235E+08   3.71062235E+08
   4.60000000E-02   3.47501491E+08   3.57256737E+08   3.57256737E+08   4.19859909E+08   3.64103918E+08   3.64103918E+08
   4.62000000E-02   3.41029715E+08   3.50278978E+08   3.50278978E+08   4.11589002E+08   3.57228934E+08   3.57228934E+08
   4.64000000E-02   3.34635096E+08   3.43384731E+08   3.43384731E+08   4.03417153E+08   3.50436007E+08   3.50436007E+08
   4.66000000E-02   3.28316457E+08   3.36572722E+08   3.36572722E+08   3.95342847E+08   3.43723886E+08   3.43723886E+08
   4.68000000E-02   3.22072643E+08   3.29841699E+08   3.29841699E+08   3.87364602E+08   3.37091343E+08   3.37091343E+08
   4.70000000E-02   3.15902524E+08   3.23190436E+08   3.23190436E+08   3.79480959E+08   3.30537174E+08   3.30537174E+08
   4.72000000E-02   3.09804988E+08   3.16617728E+08   3.16617728E+08   3.71690492E+08   3.24060196E+08   3.24060196E+08
   4.74000000E-02   3.03778945E+08   3.10122395E+08   3.10122395E+08   3.63991799E+08   3.17659250E+08   3.17659250E+08
   4.76000000E-02   2.97823327E+08   3.03703276E+08   3.03703276E+08   3.56383504E+08   3.11333198E+08   3.11333198E+08
   4.78000000E-02   2.91937085E+08   2.97359236E+08   2.97359236E+08   3.48864259E+08   3.05080925E+08   3.05080925E+08
   4.80000000E-02   2.86119187E+08   2.91089157E+08   2.91089157E+08   3.41432738E+08   2.98901335E+08   2.98901335E+08
   4.82000000E-02   2.80368625E+08   2.84891945E+08   2.84891945E+08   3.34087644E+08   2.92793352E+08   2.92793352E+08
   4.84000000E-02   2.74684406E+08   2.78766523E+08   2.78766523E+08   3.26827699E+08   2.86755922E+08   2.86755922E+08
   4.86000000E-02   2.69065556E+08   2.72711838E+08   2.72711838E+08   3.19651652E+08   2.80788007E+08   2.80788007E+08
   4.88000000E-02   2.63511121E+08   2.66726853E+08   2.66726853E+08   3.12558274E+08   2.74888592E+08   2.74888592E+08
   4.90000000E-02   2.58020160E+08   2.60810551E+08   2.60810551E+08   3.05546358E+08   2.69056679E+08   2.69056679E+08
   4.92000000E-02   2.52591754E+08   2.54961933E+08   2.54961933E+08   2.98614720E+08   2.63291286E+08   2.63291286E+08
   4.94000000E-02   2.47224998E+08   2.49180020E+08   2.49180020E+08   2.91762197E+08   2.57591452E+08   2.57591452E+08
   4.96000000E-02   2.41919003E+08   2.43463848E+08   2.43463848E+08   2.84987647E+08   2.51956231E+08   2.51956231E+08
   4.98000000E-02   2.36672897E+08   2.37812473E+08   2.37812473E+08   2.78289947E+08   2.46384697E+08   2.46384697E+08
   5.00000000E-02   2.31485825E+08   2.32224966E+08   2.32224966E+08   2.71667998E+08   2.40875936E+08   2.40875936E+08
   5.02000000E-02   2.26356943E+08   2.26700415E+08   2.26700415E+08   2.65120717E+08   2.35429056E+08   2.35429056E+08
   5.04000000E-02   2.21285427E+08   2.21237925E+08   2.21237925E+08   2.58647041E+08   2.30043175E+08   2.30043175E+08
   5.06000000E-02   2.16270465E+08   2.15836616E+08   2.15836616E+08   2.52245928E+08   2.24717431E+08   2.24717431E+08
   5.08000000E-02   2.11311259E+08   2.10495624E+08   2.10495624E+08   2.45916351E+08   2.19450976E+08   2.19450976E+08
   5.10000000E-02   2.06407026E+08   2.05214100E+08   2.05214100E+08   2.39657305E+08   2.14242976E+08   2.14242976E+08
   5.12000000E-02   2.01556996E+08   1.99991211E+08   1.99991211E+08   2.33467800E+08   2.09092612E+08   2.09092612E+08
   5.14000000E-02   1.96760413E+08   1.94826136E+08   1.94826136E+08   2.27346863E+08   2.03999080E+08   2.03999080E+08
   5.16000000E-02   1.92016535E+08   1.89718072E+08   1.89718072E+08   2.21293539E+08   1.98961589E+08   1.98961589E+08
   5.18000000E-02   1.87324631E+08   1.84666226E+08   1.84666226E+08   2.15306890E+08   1.93979364E+08   1.93979364E+08
   5.20000000E-02   1.82683983E+08   1.79669822E+08   1.79669822E+08   2.09385994E+08   1.89051639E+08   1.89051639E+08
   5.22000000E-02   1.78093887E+08   1.74728094E+08   1.74728094E+08   2.03529944E+08   1.84177666E+08   1.84177666E+08
   5.24000000E-02   1.73553650E+08   1.69840293E+08   1.69840293E+08   1.97737849E+08   1.79356707E+08   1.79356707E+08
   5.26000000E-02   1.69062590E+08   1.65005680E+08   1.65005680E+08   1.92008834E+08   1.74588038E+08   1.74588038E+08
   5.28000000E-02   1.64620037E+08   1.60223530E+08   1.60223530E+08   1.86342037E+08   1.69870945E+08   1.69870945E+08
   5.30000000E-02   1.60225334E+08   1.55493129E+08   1.55493129E+08   1.80736613E+08   1.65204729E+08   1.65204729E+08
   5.32000000E-02   1.55877833E+08   1.50813776E+08   1.50813776E+08   1.75191730E+08   1.60588701E+08   1.60588701E+08
   5.34000000E-02   1.51576898E+08   1.46184782E+08   1.46184782E+08   1.69706570E+08   1.56022184E+08   1.56022184E+08
   5.36000000E-02   1.47321904E+08   1.41605469E+08   1.41605469E+08   1.64280330E+08   1.51504513E+08   1.51504513E+08
   5.38000000E-02   1.43112235E+08   1.37075171E+08   1.37075171E+08   1.58912217E+08   1.47035034E+08   1.47035034E+08
   5.40000000E-02   1.38947286E+08   1.32593232E+08   1.32593232E+08   1.53601456E+08   1.42613103E+08   1.42613103E+08
   5.42000000E-02   1.34826464E+08   1.28159009E+08   1.28159009E+08   1.48347282E+08   1.38238087E+08   1.38238087E+08
   5.44000000E-02   1.30749182E+08   1.23771867E+08   1.23771867E+08   1.43148942E+08   1.33909364E+08   1.33909364E+08
   5.46000000E-02   1.26714866E+08   1.19431183E+08   1.19431183E+08   1.38005698E+08   1.29626322E+08   1.29626322E+08
   5.48000000E-02   1.22722950E+08   1.15136344E+08   1.15136344E+08   1.32916823E+08   1.25388360E+08   1.25388360E+08
   5.50000000E-02   1.18772876E+08   1.10886748E+08   1.10886748E+08   1.27881600E+08   1.21194884E+08   1.21194884E+08
   5.52000000E-02   1.14864099E+08   1.06681800E+08   1.06681800E+08   1.22899328E+08   1.17045314E+08   1.17045314E+08
   5.54000000E-02   1.10996078E+08   1.02520919E+08   1.02520919E+08   1.17969312E+08   1.12939075E+08   1.12939075E+08
   5.56000000E-02   1.07168285E+08   9.84035290E+07   9.84035290E+07   1.13090874E+08   1.08875604E+08   1.08875604E+08
   5.58000000E-02   1.03380197E+08   9.43290663E+07   9.43290663E+07   1.08263342E+08   1.04854346E+08   1.04854346E+08
   5.60000000E-02   9.96313031E+07   9.02969751E+07   9.02969751E+07   1.03486057E+08   1.00874757E+08   1.00874757E+08
   5.62000000E-02   9.67616117E+07   8.67460547E+07   8.67460547E+07   9.99308717E+07   9.78692322E+07   9.78692322E+07
   5.64000000E-02   9.56267254E+07   8.41232590E+07   8.41232590E+07   9.87974091E+07   9.67888857E+07   9.67888857E+07
   5.66000000E-02   9.45026523E+07   8.15271654E+07   8.15271654E+07   9.76747049E+07   9.57187607E+07   9.57187607E+07
   5.68000000E-02   9.34139465E+07   7.95009682E+07   7.95009682E+07   9.65626262E+07   9.46587310E+07   9.46587310E+07
   5.70000000E-02   9.23873940E+07   7.86369602E+07   7.86369602E+07   9.54610421E+07   9.36086725E+07   9.36086725E+07
   5.72000000E-02   9.13704592E+07   7.77810363E+07   7.77810363E+07   9.43698238E+07   9.25684629E+07   9.25684629E+07
   5.74000000E-02   9.03630246E+07   7.69330977E+07   7.69330977E+07   9.32888443E+07   9.15379818E+07   9.15379818E+07
   5.76000000E-02   8.93649745E+07   7.60930474E+07   7.60930474E+07   9.22179788E+07   9.05171107E+07   9.05171107E+07
   5.78000000E-02   8.83761950E+07   7.52607896E+07   7.52607896E+07   9.11571043E+07   8.95057329E+07   8.95057329E+07
   5.80000000E-02   8.73965740E+07   7.44362300E+07   7.44362300E+07   9.01060995E+07   8.85037334E+07   8.85037334E+07
   5.82000000E-02   8.64260009E+07   7.36192758E+07   7.36192758E+07   8.90648453E+07   8.75109991E+07   8.75109991E+07
   5.84000000E-02   8.54643670E+07   7.28098358E+07   7.28098358E+07   8.80332243E+07   8.65274185E+07   8.65274185E+07
   5.86000000E-02   8.45115651E+07   7.20078197E+07   7.20078197E+07   8.70111206E+07   8.55528819E+07   8.55528819E+07
   5.88000000E-02   8.35674897E+07   7.12131391E+07   7.12131391E+07   8.59984205E+07   8.45872811E+07   8.45872811E+07
   5.90000000E-02   8.26320369E+07   7.04257066E+07   7.04257066E+07   8.49950116E+07   8.36305097E+07   8.36305097E+07
   5.92000000E-02   8.17051043E+07   6.96454361E+07   6.96454361E+07   8.40007835E+07   8.26824628E+07   8.26824628E+07
   5.94000000E-02   8.07865911E+07   6.88722430E+07   6.88722430E+07   8.30156273E+07   8.17430370E+07   8.17430370E+07
   5.96000000E-02   7.98763978E+07   6.81060438E+07   6.81060438E+07   8.20394357E+07   8.08121306E+07   8.08121306E+07
   5.98000000E-02   7.89744266E+07   6.73467563E+07   6.73467563E+07   8.10721030E+07   7.98896433E+07   7.98896433E+07
   6.00000000E-02   7.80805812E+07   6.65942994E+07   6.65942994E+07   8.01135253E+07   7.89754763E+07   7.89754763E+07
   6.02000000E-02   7.71947664E+07   6.58485933E+07   6.58485933E+07   7.91635998E+07   7.80695324E+07   7.80695324E+07
   6.04000000E-02   7.63168888E+07   6.51095595E+07   6.51095595E+07   7.82222257E+07   7.71717155E+07   7.71717155E+07
   6.06000000E-02   7.54468560E+07   6.43771203E+07   6.43771203E+07   7.72893032E+07   7.62819313E+07   7.62819313E+07
   6.08000000E-02   7.45845772E+07   6.36511996E+07   6.36511996E+07   7.63647344E+07   7.54000867E+07   7.54000867E+07
   6.10000000E-02   7.37299628E+07   6.29317219E+07   6.29317219E+07   7.54484225E+07   7.45260898E+07   7.45260898E+07
   6.12000000E-02   7.28829246E+07   6.22186133E+07   6.22186133E+07   7.45402723E+07   7.36598502E+07   7.36598502E+07
   6.14000000E-02   7.20433755E+07   6.15118005E+07   6.15118005E+07   7.36401898E+07   7.28012789E+07   7.28012789E+07
   6.16000000E-02   7.12112299E+07   6.08112116E+07   6.08112116E+07   7.27480826E+07   7.19502881E+07   7.19502881E+07
   6.18000000E-02   7.03864033E+07   6.01167756E+07   6.01167756E+07   7.18638595E+07   7.11067911E+07   7.11067911E+07
   6.20000000E-02   6.95688124E+07   5.94284225E+07   5.94284225E+07   7.09874305E+07   7.02707027E+07   7.02707027E+07
   6.22000000E-02   6.87583751E+07   5.87460833E+07   5.87460833E+07   7.01187071E+07   6.94419388E+07   6.94419388E+07
   6.24000000E-02   6.79550104E+07   5.80696901E+07   5.80696901E+07   6.92576019E+07   6.86204165E+07   6.86204165E+07
   6.26000000E-02   6.71586387E+07   5.73991759E+07   5.73991759E+07   6.84040289E+07   6.78060540E+07   6.78060540E+07
   6.28000000E-02   6.63691813E+07   5.67344745E+07   5.67344745E+07   6.75579031E+07   6.69987708E+07   6.69987708E+07
   6.30000000E-02   6.55865606E+07   5.60755209E+07   5.60755209E+07   6.67191409E+07   6.61984876E+07   6.61984876E+07
   6.32000000E-02   6.48107002E+07   5.54222509E+07   5.54222509E+07   6.58876598E+07   6.54051259E+07   6.54051259E+07
   6.34000000E-02   6.40415248E+07   5.47746010E+07   5.47746010E+07   6.50633785E+07   6.46186087E+07   6.46186087E+07
   6.36000000E-02   6.32789600E+07   5.41325089E+07   5.41325089E+07   6.42462168E+07   6.38388597E+07   6.38388597E+07
   6.38000000E-02   6.25229326E+07   5.34959130E+07   5.34959130E+07   6.34360956E+07   6.30658039E+07   6.30658039E+07
   6.40000000E-02   6.17733704E+07   5.28647526E+07   5.28647526E+07   6.26329369E+07   6.22993674E+07   6.22993674E+07
   6.42000000E-02   6.10302021E+07   5.22389678E+07   5.22389678E+07   6.18366639E+07   6.15394771E+07   6.15394771E+07
   6.44000000E-02   6.02933573E+07   5.16184997E+07   5.16184997E+07   6.10472007E+07   6.07860611E+07   6.07860611E+07
   6.46000000E-02   5.95627670E+07   5.10032900E+07   5.10032900E+07   6.02644726E+07   6.00390483E+07   6.00390483E+07
   6.48000000E-02   5.88383626E+07   5.03932813E+07   5.03932813E+07   5.94884058E+07   5.92983689E+07   5.92983689E+07
   6.50000000E-02   5.81200768E+07   4.97884169E+07   4.97884169E+07   5.87189276E+07   5.85639537E+07   5.85639537E+07
   6.52000000E-02   5.74078432E+07   4.91886409E+07   4.91886409E+07   5.79559662E+07   5.78357346E+07   5.78357346E+07
   6.54000000E-02   5.67015960E+07   4.85938984E+07   4.85938984E+07   5.71994510E+07   5.71136445E+07   5.71136445E+07
   6.56000000E-02   5.60012708E+07   4.80041349E+07   4.80041349E+07   5.64493120E+07   5.63976171E+07   5.63976171E+07
   6.58000000E-02   5.53068036E+07   4.74192969E+07   4.74192969E+07   5.57054805E+07   5.56875870E+07   5.56875870E+07
   6.60000000E-02   5.46181316E+07   4.68393314E+07   4.68393314E+07   5.49678885E+07   5.49834899E+07   5.49834899E+07
   6.62000000E-02   5.39351926E+07   4.62641862E+07   4.62641862E+07   5.42364691E+07   5.42852620E+07   5.42852620E+07
   6.64000000E-02   5.32579253E+07   4.56938100E+07   4.56938100E+07   5.35111561E+07   5.35928407E+07   5.35928407E+07
   6.66000000E-02   5.25862694E+07   4.51281519E+07   4.51281519E+07   5.27918844E+07   5.29061640E+07   5.29061640E+07
   6.68000000E-02   5.19201652E+07   4.45671618E+07   4.45671618E+07   5.20785895E+07   5.22251708E+07   5.22251708E+07
   6.70000000E-02   5.12595538E+07   4.40107902E+07   4.40107902E+07   5.13712081E+07   5.15498009E+07   5.15498009E+07
   6.72000000E-02   5.06043772E+07   4.34589884E+07   4.34589884E+07   5.06696775E+07   5.08799948E+07   5.08799948E+07
   6.74000000E-02   4.99545782E+07   4.29117083E+07   4.29117083E+07   4.99739358E+07   5.02156939E+07   5.02156939E+07
   6.76000000E-02   4.93101002E+07   4.23689023E+07   4.23689023E+07   4.92839222E+07   4.95568402E+07   4.95568402E+07
   6.78000000E-02   4.86708874E+07   4.18305236E+07   4.18305236E+07   4.85995763E+07   4.89033765E+07   4.89033765E+07
   6.80000000E-02   4.80368847E+07   4.12965260E+07   4.12965260E+07   4.79208389E+07   4.82552466E+07   4.82552466E+07
   6.82000000E-02   4.74080379E+07   4.07668637E+07   4.07668637E+07   4.72476513E+07   4.76123947E+07   4.76123947E+07
   6.84000000E-02   4.67842932E+07   4.02414917E+07   4.02414917E+07   4.65799557E+07   4.69747660E+07   4.69747660E+07
   6.86000000E-02   4.61655979E+07   3.97203655E+07   3.97203655E+07   4.59176949E+07   4.63423062E+07   4.63423062E+07
   6.88000000E-02   4.55518996E+07   3.92034413E+07   3.92034413E+07   4.52608127E+07   4.57149618E+07   4.57149618E+07
   6.90000000E-02   4.49431469E+07   3.86906757E+07   3.86906757E+07   4.46092534E+07   4.50926800E+07   4.50926800E+07
   6.92000000E-02   4.43392887E+07   3.81820259E+07   3.81820259E+07   4.39629621E+07   4.44754087E+07   4.44754087E+07
   6.94000000E-02   4.37402749E+07   3.76774498E+07   3.76774498E+07   4.33218846E+07   4.38630965E+07   4.38630965E+07
   6.96000000E-02   4.31460559E+07   3.71769057E+07   3.71769057E+07   4.26859675E+07   4.32556925E+07   4.32556925E+07
   6.98000000E-02   4.25565827E+07   3.66803524E+07   3.66803524E+07   4.20551579E+07   4.26531466E+07   4.26531466E+07
   7.00000000E-02   4.19718070E+07   3.61877493E+07   3.61877493E+07   4.14294037E+07   4.20554093E+07   4.20554093E+07
   7.02000000E-02   4.13916811E+07   3.56990564E+07   3.56990564E+07   4.08086535E+07   4.14624318E+07   4.14624318E+07
   7.04000000E-02   4.08161579E+07   3.52142340E+07   3.52142340E+07   4.01928564E+07   4.08741657E+07   4.08741657E+07
   7.06000000E-02   4.02451909E+07   3.47332431E+07   3.47332431E+07   3.95819623E+07   4.02905635E+07   4.02905635E+07
   7.08000000E-02   3.96787342E+07   3.42560450E+07   3.42560450E+07   3.89759216E+07   3.97115781E+07   3.97115781E+07
   7.10000000E-02   3.91167423E+07   3.37826017E+07   3.37826017E+07   3.83746855E+07   3.91371631E+07   3.91371631E+07
   7.12000000E-02   3.85591706E+07   3.33128756E+07   3.33128756E+07   3.77782056E+07   3.85672727E+07   3.85672727E+07
   7.14000000E-02   3.80059748E+07   3.28468295E+07   3.28468295E+07   3.71864343E+07   3.80018614E+07   3.80018614E+07
   7.16000000E-02   3.74571114E+07   3.23844266E+07   3.23844266E+07   3.65993245E+07   3.74408847E+07   3.74408847E+07
   7.18000000E-02   3.69125370E+07   3.19256309E+07   3.19256309E+07   3.60168296E+07   3.68842984E+07   3.68842984E+07
   7.20000000E-02   3.63722093E+07   3.14704064E+07   3.14704064E+07   3.54389039E+07   3.63320589E+07   3.63320589E+07
   7.22000000E-02   3.58360861E+07   3.10187179E+07   3.10187179E+07   3.48655019E+07   3.57841230E+07   3.57841230E+07
   7.24000000E-02   3.53041260E+07   3.05705305E+07   3.05705305E+07   3.42965788E+07   3.52404484E+07   3.52404484E+07
   7.26000000E-02   3.47762878E+07   3.01258096E+07   3.01258096E+07   3.37320905E+07   3.47009929E+07   3.47009929E+07
   7.28000000E-02   3.42525312E+07   2.96845214E+07   2.96845214E+07   3.31719932E+07   3.41657151E+07   3.41657151E+07
   7.30000000E-02   3.37328161E+07   2.92466320E+07   2.92466320E+07   3.26162438E+07   3.36345740E+07   3.36345740E+07
   7.32000000E-02   3.32171029E+07   2.88121084E+07   2.88121084E+07   3.20647997E+07   3.31075292E+07   3.31075292E+07
   7.34000000E-02   3.27053526E+07   2.83809177E+07   2.83809177E+07   3.15176187E+07   3.25845405E+07   3.25845405E+07
   7.36000000E-02   3.21975267E+07   2.79530275E+07   2.79530275E+07   3.09746594E+07   3.20655687E+07   3.20655687E+07
   7.38000000E-02   3.16935871E+07   2.75284058E+07   2.75284058E+07   3.04358806E+07   3.15505746E+07   3.15505746E+07
   7.40000000E-02   3.11934962E+07   2.71070209E+07   2.71070209E+07   2.99012417E+07   3.10395197E+07   3.10395197E+07
   7.42000000E-02   3.06972167E+07   2.66888417E+07   2.66888417E+07   2.93707026E+07   3.05323659E+07   3.05323659E+07
   7.44000000E-02   3.02047119E+07   2.62738372E+07   2.62738372E+07   2.88442239E+07   3.00290756E+07   3.00290756E+07
   7.46000000E-02   2.97159457E+07   2.58619770E+07   2.58619770E+07   2.83217662E+07   2.95296117E+07   2.95296117E+07
   7.48000000E-02   2.92308820E+07   2.54532309E+07   2.54532309E+07   2.78032911E+07   2.90339375E+07   2.90339375E+07
   7.50000000E-02   2.87494855E+07   2.50475692E+07   2.50475692E+07   2.72887602E+07   2.85420165E+07   2.85420165E+07
   7.52000000E-02   2.82717212E+07   2.46449625E+07   2.46449625E+07   2.67781359E+07   2.80538131E+07   2.80538131E+07
   7.54000000E-02   2.77975545E+07   2.42453816E+07   2.42453816E+07   2.62713809E+07   2.75692919E+07   2.75692919E+07
   7.56000000E-02   2.73269513E+07   2.38487979E+07   2.38487979E+07   2.57684583E+07   2.70884177E+07   2.70884177E+07
   7.58000000E-02   2.68598777E+07   2.34551829E+07   2.34551829E+07   2.52693317E+07   2.66111560E+07   2.66111560E+07
   7.60000000E-02   2.63963004E+07   2.30645087E+07   2.30645087E+07   2.47739651E+07   2.61374728E+07   2.61374728E+07
   7.62000000E-02   2.59361865E+07   2.26767476E+07   2.26767476E+07   2.42823231E+07   2.56673341E+07   2.56673341E+07
   7.64000000E-02   2.54795034E+07   2.22918721E+07   2.22918721E+07   2.37943705E+07   2.52007066E+07   2.52007066E+07
   7.66000000E-02   2.50262187E+07   2.19098552E+07   2.19098552E+07   2.33100725E+07   2.47375574E+07   2.47375574E+07
   7.68000000E-02   2.45763009E+07   2.15306701E+07   2.15306701E+07   2.28293949E+07   2.42778538E+07   2.42778538E+07
   7.70000000E-02   2.41297182E+07   2.11542904E+07   2.11542904E+07   2.23523038E+07   2.38215637E+07   2.38215637E+07
   7.72000000E-02   2.36864398E+07   2.07806900E+07   2.07806900E+07   2.18787655E+07   2.33686552E+07   2.33686552E+07
   7.74000000E-02   2.32464349E+07   2.04098431E+07   2.04098431E+07   2.14087471E+07   2.29190968E+07   2.29190968E+07
   7.76000000E-02   2.28096730E+07   2.00417241E+07   2.00417241E+07   2.09422158E+07   2.24728575E+07   2.24728575E+07
   7.78000000E-02   2.23761242E+07   1.96763077E+07   1.96763077E+07   2.04791392E+07   2.20299065E+07   2.20299065E+07
   7.80000000E-02   2.19457589E+07   1.93135692E+07   1.93135692E+07   2.00194854E+07   2.15902134E+07   2.15902134E+07
   7.82000000E-02   2.15185476E+07   1.89534837E+07   1.89534837E+07   1.95632227E+07   2.11537482E+07   2.11537482E+07
   7.84000000E-02   2.10944614E+07   1.85960270E+07   1.85960270E+07   1.91103198E+07   2.07204812E+07   2.07204812E+07
   7.86000000E-02   2.06734716E+07   1.82411749E+07   1.82411749E+07   1.86607459E+07   2.02903830E+07   2.02903830E+07
   7.88000000E-02   2.02555499E+07   1.78889036E+07   1.78889036E+07   1.82144705E+07   1.98634247E+07   1.98634247E+07
   7.90000000E-02   1.98406683E+07   1.75391897E+07   1.75391897E+07   1.77714633E+07   1.94395775E+07   1.94395775E+07
   7.92000000E-02   1.94287990E+07   1.71920097E+07   1.71920097E+07   1.73316946E+07   1.90188130E+07   1.90188130E+07
   7.94000000E-02   1.90199148E+07   1.68473408E+07   1.68473408E+07   1.68951347E+07   1.86011034E+07   1.86011034E+07
   7.96000000E-02   1.86139886E+07   1.65051601E+07   1.65051601E+07   1.64617545E+07   1.81864207E+07   1.81864207E+07
   7.98000000E-02   1.82109935E+07   1.61654451E+07   1.61654451E+07   1.60315252E+07   1.77747377E+07   1.77747377E+07
   8.00000000E-02   1.78109031E+07   1.58281737E+07   1.58281737E+07   1.56044183E+07   1.73660272E+07   1.73660272E+07
   8.02000000E-02   1.74136913E+07   1.54933238E+07   1.54933238E+07   1.51804056E+07   1.69602624E+07   1.69602624E+07
   8.04000000E-02   1.70193321E+07   1.51608737E+07   1.51608737E+07   1.47594591E+07   1.65574169E+07   1.65574169E+07
   8.06000000E-02   1.66278001E+07   1.48308018E+07   1.48308018E+07   1.43415513E+07   1.61574645E+07   1.61574645E+07
   8.08000000E-02   1.62390699E+07   1.45030870E+07   1.45030870E+07   1.39266550E+07   1.57603791E+07   1.57603791E+07
   8.10000000E-02   1.58531165E+07   1.41777081E+07   1.41777081E+07   1.35147432E+07   1.53661354E+07   1.53661354E+07
   8.12000000E-02   1.54699151E+07   1.38546444E+07   1.38546444E+07   1.31057892E+07   1.49747078E+07   1.49747078E+07
   8.14000000E-02   1.50894414E+07   1.35338754E+07   1.35338754E+07   1.26997667E+07   1.45860714E+07   1.45860714E+07
   8.16000000E-02   1.47116711E+07   1.32153807E+07   1.32153807E+07   1.22966496E+07   1.42002013E+07   1.42002013E+07
   8.18000000E-02   1.43365802E+07   1.28991402E+07   1.28991402E+07   1.18964122E+07   1.38170732E+07   1.38170732E+07
   8.20000000E-02   1.39641452E+07   1.25851339E+07   1.25851339E+07   1.14990289E+07   1.34366627E+07   1.34366627E+07
   8.22000000E-02   1.35943426E+07   1.22733423E+07   1.22733423E+07   1.11044745E+07   1.30589459E+07   1.30589459E+07
   8.24000000E-02   1.32348023E+07   1.19677462E+07   1.19677462E+07   1.07214807E+07   1.26919438E+07   1.26919438E+07
   8.26000000E-02   1.31159529E+07   1.17887858E+07   1.17887858E+07   1.06279444E+07   1.25812167E+07   1.25812167E+07
   8.28000000E-02   1.29978871E+07   1.16110517E+07   1.16110517E+07   1.05350229E+07   1.24712174E+07   1.24712174E+07
   8.30000000E-02   1.28805982E+07   1.14345335E+07   1.14345335E+07   1.04427112E+07   1.23619399E+07   1.23619399E+07
   8.32000000E-02   1.27640796E+07   1.12592205E+07   1.12592205E+07   1.03510039E+07   1.22533780E+07   1.22533780E+07
   8.34000000E-02   1.26483247E+07   1.10851024E+07   1.10851024E+07   1.02598960E+07   1.21455256E+07   1.21455256E+07
   8.36000000E-02   1.25333272E+07   1.09121690E+07   1.09121690E+07   1.01693824E+07   1.20383767E+07   1.20383767E+07
   8.38000000E-02   1.24190805E+07   1.07404100E+07   1.07404100E+07   1.00794581E+07   1.19319255E+07   1.19319255E+07
   8.40000000E-02   1.23055785E+07   1.05698155E+07   1.05698155E+07   9.99011816E+06   1.18261660E+07   1.18261660E+07
   8.42000000E-02   1.21928147E+07   1.04003754E+07   1.04003754E+07   9.90135766E+06   1.17210924E+07   1.17210924E+07
   8.44000000E-02   1.20807832E+07   1.02320800E+07   1.02320800E+07   9.81317173E+06   1.16166990E+07   1.16166990E+07
   8.46000000E-02   1.19694776E+07   1.00649195E+07   1.00649195E+07   9.72555559E+06   1.15129801E+07   1.15129801E+07
   8.48000000E-02   1.18588920E+07   9.89888433E+06   9.89888433E+06   9.63850448E+06   1.14099301E+07   1.14099301E+07
   8.50000000E-02   1.17490203E+07   9.73396490E+06   9.73396490E+06   9.55201370E+06   1.13075434E+07   1.13075434E+07
   8.52000000E-02   1.16398567E+07   9.57015181E+06   9.57015181E+06   9.46607860E+06   1.12058145E+07   1.12058145E+07
   8.54000000E-02   1.15313952E+07   9.40743574E+06   9.40743574E+06   9.38069457E+06   1.11047379E+07   1.11047379E+07
   8.56000000E-02   1.14236300E+07   9.24580744E+06   9.24580744E+06   9.29585706E+06   1.10043083E+07   1.10043083E+07
   8.58000000E-02   1.13165554E+07   9.08525781E+06   9.08525781E+06   9.21156156E+06   1.09045204E+07   1.09045204E+07
   8.60000000E-02   1.12101657E+07   8.92577779E+06   8.92577779E+06   9.12780360E+06   1.08053688E+07   1.08053688E+07
   8.62000000E-02   1.11044552E+07   8.76735844E+06   8.76735844E+06   9.04457878E+06   1.07068482E+07   1.07068482E+07
   8.64000000E-02   1.09994185E+07   8.60999092E+06   8.60999092E+06   8.96188271E+06   1.06089537E+07   1.06089537E+07
   8.66000000E-02   1.08950499E+07   8.45366647E+06   8.45366647E+06   8.87971108E+06   1.05116799E+07   1.05116799E+07
   8.68000000E-02   1.07913440E+07   8.29837643E+06   8.29837643E+06   8.79805961E+06   1.04150219E+07   1.04150219E+07
   8.70000000E-02   1.06882953E+07   8.14411221E+06   8.14411221E+06   8.71692405E+06   1.03189747E+07   1.03189747E+07
   8.72000000E-02   1.05858987E+07   7.99086534E+06   7.99086534E+06   8.63630021E+06   1.02235332E+07   1.02235332E+07
   8.74000000E-02   1.04841487E+07   7.83862740E+06   7.83862740E+06   8.55618395E+06   1.01286925E+07   1.01286925E+07
   8.76000000E-02   1.03830401E+07   7.68739010E+06   7.68739010E+06   8.47657115E+06   1.00344479E+07   1.00344479E+07
   8.78000000E-02   1.02825677E+07   7.53714519E+06   7.53714519E+06   8.39745775E+06   9.94079445E+06   9.94079445E+06
   8.80000000E-02   1.01827264E+07   7.38788455E+06   7.38788455E+06   8.31883971E+06   9.84772740E+06   9.84772740E+06
   8.82000000E-02   1.00835111E+07   7.23960009E+06   7.23960009E+06   8.24071307E+06   9.75524206E+06   9.75524206E+06
   8.84000000E-02   9.98491676E+06   7.09228386E+06   7.09228386E+06   8.16307387E+06   9.66333374E+06   9.66333374E+06
   8.86000000E-02   9.88693843E+06   6.94592794E+06   6.94592794E+06   8.08591820E+06   9.57199783E+06   9.57199783E+06
   8.88000000E-02   9.78957116E+06   6.80052453E+06   6.80052453E+06   8.00924221E+06   9.48122974E+06   9.48122974E+06
   8.90000000E-02   9.69281007E+06   6.65606588E+06   6.65606588E+06   7.93304206E+06   9.39102496E+06   9.39102496E+06
   8.92000000E-02   9.59665032E+06   6.51254433E+06   6.51254433E+06   7.85731396E+06   9.30137898E+06   9.30137898E+06
   8.94000000E-02   9.50108714E+06   6.36995231E+06   6.36995231E+06   7.78205417E+06   9.21228739E+06   9.21228739E+06
   8.96000000E-02   9.40611578E+06   6.22828231E+06   6.22828231E+06   7.70725897E+06   9.12374577E+06   9.12374577E+06
   8.98000000E-02   9.31173156E+06   6.08752689E+06   6.08752689E+06   7.63292469E+06   9.03574977E+06   9.03574977E+06
   9.00000000E-02   9.21792983E+06   5.94767871E+06   5.94767871E+06   7.55904768E+06   8.94829509E+06   8.94829509E+06
   9.02000000E-02   9.12470600E+06   5.80873047E+06   5.80873047E+06   7.48562435E+06   8.86137747E+06   8.86137747E+06
   9.04000000E-02   9.03205551E+06   5.67067497E+06   5.67067497E+06   7.41265112E+06   8.77499267E+06   8.77499267E+06
   9.06000000E-02   8.93997387E+06   5.53350507E+06   5.53350507E+06   7.34012445E+06   8.68913651E+06   8.68913651E+06
   9.08000000E-02   8.84845660E+06   5.39721371E+06   5.39721371E+06   7.26804086E+06   8.60380486E+06   8.60380486E+06
   9.10000000E-02   8.75749929E+06   5.26179388E+06   5.26179388E+06   7.19639688E+06   8.51899361E+06   8.51899361E+06
   9.12000000E-02   8.66709756E+06   5.12723866E+06   5.12723866E+06   7.12518908E+06   8.43469870E+06   8.43469870E+06
   9.14000000E-02   8.57992714E+06   5.05254578E+06   5.05254578E+06   7.05441405E+06   8.35091611E+06   8.35091611E+06
   9.16000000E-02   8.49445527E+06   5.00405743E+06   5.00405743E+06   6.98406845E+06   8.26764187E+06   8.26764187E+06
   9.18000000E-02   8.40950106E+06   4.95586188E+06   4.95586188E+06   6.91414893E+06   8.18487202E+06   8.18487202E+06
   9.20000000E-02   8.32506052E+06   4.90795686E+06   4.90795686E+06   6.84465221E+06   8.10260266E+06   8.10260266E+06
   9.22000000E-02   8.24112967E+06   4.86034013E+06   4.86034013E+06   6.77557500E+06   8.02082993E+06   8.02082993E+06
   9.24000000E-02   8.15770459E+06   4.81300946E+06   4.81300946E+06   6.70691409E+06   7.93955000E+06   7.93955000E+06
   9.26000000E-02   8.07478137E+06   4.76596267E+06   4.76596267E+06   6.63866626E+06   7.85875907E+06   7.85875907E+06
   9.28000000E-02   7.99235618E+06   4.71919757E+06   4.71919757E+06   6.57082834E+06   7.77845340E+06   7.77845340E+06
   9.30000000E-02   7.91042518E+06   4.67271201E+06   4.67271201E+06   6.50339720E+06   7.69862925E+06   7.69862925E+06
   9.32000000E-02   7.82898460E+06   4.62650385E+06   4.62650385E+06   6.43636972E+06   7.61928295E+06   7.61928295E+06
   9.34000000E-02   7.74803070E+06   4.58057097E+06   4.58057097E+06   6.36974281E+06   7.54041085E+06   7.54041085E+06
   9.36000000E-02   7.66755977E+06   4.53491129E+06   4.53491129E+06   6.30351343E+06   7.46200934E+06   7.46200934E+06
   9.38000000E-02   7.58756813E+06   4.48952272E+06   4.48952272E+06   6.23767855E+06   7.38407484E+06   7.38407484E+06
   9.40000000E-02   7.50805214E+06   4.44440321E+06   4.44440321E+06   6.17223518E+06   7.30660379E+06   7.30660379E+06
   9.42000000E-02   7.42900821E+06   4.39955072E+06   4.39955072E+06   6.10718035E+06   7.22959270E+06   7.22959270E+06
   9.44000000E-02   7.35043277E+06   4.35496324E+06   4.35496324E+06   6.04251112E+06   7.15303808E+06   7.15303808E+06
   9.46000000E-02   7.27232227E+06   4.31063878E+06   4.31063878E+06   5.97822459E+06   7.07693648E+06   7.07693648E+06
   9.48000000E-02   7.19467321E+06   4.26657534E+06   4.26657534E+06   5.91431786E+06   7.00128450E+06   7.00128450E+06
   9.50000000E-02   7.11748214E+06   4.22277098E+06   4.22277098E+06   5.85078810E+06   6.92607876E+06   6.92607876E+06
   9.52000000E-02   7.04074560E+06   4.17922375E+06   4.17922375E+06   5.78763246E+06   6.85131591E+06   6.85131591E+06
   9.54000000E-02   6.96446020E+06   4.13593173E+06   4.13593173E+06   5.72484814E+06   6.77699262E+06   6.77699262E+06
   9.56000000E-02   6.88862257E+06   4.09289301E+06   4.09289301E+06   5.66243238E+06   6.70310562E+06   6.70310562E+06
   9.58000000E-02   6.81322936E+06   4.05010570E+06   4.05010570E+06   5.60038241E+06   6.62965165E+06   6.62965165E+06
   9.60000000E-02   6.73827726E+06   4.00756794E+06   4.00756794E+06   5.53869552E+06   6.55662748E+06   6.55662748E+06
   9.62000000E-02   6.66376300E+06   3.96527787E+06   3.96527787E+06   5.47736901E+06   6.48402992E+06   6.48402992E+06
   9.64000000E-02   6.58968333E+06   3.92323366E+06   3.92323366E+06   5.41640019E+06   6.41185580E+06   6.41185580E+06
   9.66000000E-02   6.51603502E+06   3.88143348E+06   3.88143348E+06   5.35578644E+06   6.34010200E+06   6.34010200E+06
   9.68000000E-02   6.44281490E+06   3.83987555E+06   3.83987555E+06   5.29552511E+06   6.26876539E+06   6.26876539E+06
   9.70000000E-02   6.37001980E+06   3.79855807E+06   3.79855807E+06   5.23561362E+06   6.19784291E+06   6.19784291E+06
   9.72000000E-02   6.29764659E+06   3.75747927E+06   3.75747927E+06   5.17604937E+06   6.12733151E+06   6.12733151E+06
   9.74000000E-02   6.22569217E+06   3.71663741E+06   3.71663741E+06   5.11682983E+06   6.05722816E+06   6.05722816E+06
   9.76000000E-02   6.15415348E+06   3.67603074E+06   3.67603074E+06   5.05795246E+06   5.98752987E+06   5.98752987E+06
   9.78000000E-02   6.08302746E+06   3.63565755E+06   3.63565755E+06   4.99941476E+06   5.91823367E+06   5.91823367E+06
   9.80000000E-02   6.01231110E+06   3.59551613E+06   3.59551613E+06   4.94121425E+06   5.84933663E+06   5.84933663E+06
   9.82000000E-02   5.94200140E+06   3.55560480E+06   3.55560480E+06   4.88334846E+06   5.78083583E+06   5.78083583E+06
   9.84000000E-02   5.87209542E+06   3.51592187E+06   3.51592187E+06   4.82581495E+06   5.71272839E+06   5.71272839E+06
   9.86000000E-02   5.80259022E+06   3.47646570E+06   3.47646570E+06   4.76861132E+06   5.64501145E+06   5.64501145E+06
   9.88000000E-02   5.73348288E+06   3.43723464E+06   3.43723464E+06   4.71173517E+06   5.57768217E+06   5.57768217E+06
   9.90000000E-02   5.66477053E+06   3.39822706E+06   3.39822706E+06   4.65518412E+06   5.51073775E+06   5.51073775E+06
   9.92000000E-02   5.59645030E+06   3.35944135E+06   3.35944135E+06   4.59895583E+06   5.44417540E+06   5.44417540E+06
   9.94000000E-02   5.52851938E+06   3.32087591E+06   3.32087591E+06   4.54304796E+06   5.37799237E+06   5.37799237E+06
   9.96000000E-02   5.46097495E+06   3.28252915E+06   3.28252915E+06   4.48745821E+06   5.31218593E+06   5.31218593E+06
   9.98000000E-02   5.39381425E+06   3.24439950E+06   3.24439950E+06   4.43218430E+06   5.24675336E+06   5.24675336E+06
   1.00000000E-01   5.32703450E+06   3.20648542E+06   3.20648542E+06   4.37722395E+06   5.18169199E+06   5.18169199E+06