# TBinMid=1.75 ssec TBinWidth=0.1 ss EBinWidth=0.2MeV Fluence at Earth for this timebin in neutrinos per cm^2
# E(GeV)	NuE	NuMu	NuTau	aNuE	aNuMu	aNuTau
   1.38589050E-13   9.37359310E-16   4.89991896E-16   4.89991896E-16   4.68286492E-15   1.23322126E-14   1.23322126E-14
   2.00000000E-04   4.04914862E+06   3.23515747E+06   3.23515747E+06   2.13463526E+06   4.24300701E+06   4.24300701E+06
   4.00000000E-04   1.99203495E+07   1.77113621E+07   1.77113621E+07   1.08668544E+07   1.94826879E+07   1.94826879E+07
   6.00000000E-04   4.95814486E+07   4.71649593E+07   4.71649593E+07   2.80104728E+07   4.67636673E+07   4.67636673E+07
   8.00000000E-04   9.33524866E+07   9.32486206E+07   9.32486206E+07   5.44420033E+07   8.60244961E+07   8.60244961E+07
   1.00000000E-03   1.50828862E+08   1.56435189E+08   1.56435189E+08   9.05155585E+07   1.36749694E+08   1.36749694E+08
   1.20000000E-03   2.21206100E+08   2.36419806E+08   2.36419806E+08   1.36233117E+08   1.98183357E+08   1.98183357E+08
   1.40000000E-03   3.03447961E+08   3.32366011E+08   3.32366011E+08   1.91345618E+08   2.69436054E+08   2.69436054E+08
   1.60000000E-03   3.96387381E+08   4.43074720E+08   4.43074720E+08   2.55421853E+08   3.49547685E+08   3.49547685E+08
   1.80000000E-03   4.98792007E+08   5.67106933E+08   5.67106933E+08   3.27898878E+08   4.37527764E+08   4.37527764E+08
   2.00000000E-03   6.09408683E+08   7.02875492E+08   7.02875492E+08   4.08120394E+08   5.32382514E+08   5.32382514E+08
   2.20000000E-03   7.26994368E+08   8.48714714E+08   8.48714714E+08   4.95366708E+08   6.33133607E+08   6.33133607E+08
   2.40000000E-03   8.50337832E+08   1.00293351E+09   1.00293351E+09   5.88878431E+08   7.38831269E+08   7.38831269E+08
   2.60000000E-03   9.78274836E+08   1.16385586E+09   1.16385586E+09   6.87875368E+08   8.48563428E+08   8.48563428E+08
   2.80000000E-03   1.10969856E+09   1.32985131E+09   1.32985131E+09   7.91571623E+08   9.61461992E+08   9.61461992E+08
   3.00000000E-03   1.24356654E+09   1.49935775E+09   1.49935775E+09   8.99187649E+08   1.07670700E+09   1.07670700E+09
   3.20000000E-03   1.37890491E+09   1.67089779E+09   1.67089779E+09   1.00995981E+09   1.19352919E+09   1.19352919E+09
   3.40000000E-03   1.51481072E+09   1.84309027E+09   1.84309027E+09   1.12314793E+09   1.31121128E+09   1.31121128E+09
   3.60000000E-03   1.65045263E+09   2.01465763E+09   2.01465763E+09   1.23804107E+09   1.42908844E+09   1.42908844E+09
   3.80000000E-03   1.78507056E+09   2.18443017E+09   2.18443017E+09   1.35396201E+09   1.54654791E+09   1.54654791E+09
   4.00000000E-03   1.91797432E+09   2.35134770E+09   2.35134770E+09   1.47027046E+09   1.66302813E+09   1.66302813E+09
   4.20000000E-03   2.04854172E+09   2.51445915E+09   2.51445915E+09   1.58636535E+09   1.77801751E+09   1.77801751E+09
   4.40000000E-03   2.17621607E+09   2.67292064E+09   2.67292064E+09   1.70168628E+09   1.89105274E+09   1.89105274E+09
   4.60000000E-03   2.30050342E+09   2.82599228E+09   2.82599228E+09   1.81571426E+09   2.00171701E+09   2.00171701E+09
   4.80000000E-03   2.42096947E+09   2.97303405E+09   2.97303405E+09   1.92797200E+09   2.10963798E+09   2.10963798E+09
   5.00000000E-03   2.53723643E+09   3.11350106E+09   3.11350106E+09   2.03802355E+09   2.21448568E+09   2.21448568E+09
   5.20000000E-03   2.64897966E+09   3.24693821E+09   3.24693821E+09   2.14547377E+09   2.31597028E+09   2.31597028E+09
   5.40000000E-03   2.75592440E+09   3.37297462E+09   3.37297462E+09   2.24996730E+09   2.41383992E+09   2.41383992E+09
   5.60000000E-03   2.85784244E+09   3.49131790E+09   3.49131790E+09   2.35118745E+09   2.50787841E+09   2.50787841E+09
   5.80000000E-03   2.95454884E+09   3.60174829E+09   3.60174829E+09   2.44885474E+09   2.59790308E+09   2.59790308E+09
   6.00000000E-03   3.04589872E+09   3.70411282E+09   3.70411282E+09   2.54272543E+09   2.68376255E+09   2.68376255E+09
   6.20000000E-03   3.13178421E+09   3.79831961E+09   3.79831961E+09   2.63258984E+09   2.76533460E+09   2.76533460E+09
   6.40000000E-03   3.21213137E+09   3.88433232E+09   3.88433232E+09   2.71827064E+09   2.84252407E+09   2.84252407E+09
   6.60000000E-03   3.28689737E+09   3.96216468E+09   3.96216468E+09   2.79962107E+09   2.91526089E+09   2.91526089E+09
   6.80000000E-03   3.35606771E+09   4.03187539E+09   4.03187539E+09   2.87652317E+09   2.98349809E+09   2.98349809E+09
   7.00000000E-03   3.41965360E+09   4.09356317E+09   4.09356317E+09   2.94888592E+09   3.04720997E+09   3.04720997E+09
   7.20000000E-03   3.47768946E+09   4.14736211E+09   4.14736211E+09   3.01664350E+09   3.10639028E+09   3.10639028E+09
   7.40000000E-03   3.53023059E+09   4.19343723E+09   4.19343723E+09   3.07975347E+09   3.16105056E+09   3.16105056E+09
   7.60000000E-03   3.57735094E+09   4.23198043E+09   4.23198043E+09   3.13819507E+09   3.21121846E+09   3.21121846E+09
   7.80000000E-03   3.61914104E+09   4.26320659E+09   4.26320659E+09   3.19196747E+09   3.25693628E+09   3.25693628E+09
   8.00000000E-03   3.65570602E+09   4.28735007E+09   4.28735007E+09   3.24108820E+09   3.29825946E+09   3.29825946E+09
   8.20000000E-03   3.68716382E+09   4.30466133E+09   4.30466133E+09   3.28559150E+09   3.33525524E+09   3.33525524E+09
   8.40000000E-03   3.71364348E+09   4.31540397E+09   4.31540397E+09   3.32552682E+09   3.36800136E+09   3.36800136E+09
   8.60000000E-03   3.73528356E+09   4.31985192E+09   4.31985192E+09   3.36095735E+09   3.39658484E+09   3.39658484E+09
   8.80000000E-03   3.75223068E+09   4.31828689E+09   4.31828689E+09   3.39195863E+09   3.42110088E+09   3.42110088E+09
   9.00000000E-03   3.76463816E+09   4.31099608E+09   4.31099608E+09   3.41861725E+09   3.44165176E+09   3.44165176E+09
   9.20000000E-03   3.77266480E+09   4.29827011E+09   4.29827011E+09   3.44102955E+09   3.45834587E+09   3.45834587E+09
   9.40000000E-03   3.77647370E+09   4.28040112E+09   4.28040112E+09   3.45930046E+09   3.47129681E+09   3.47129681E+09
   9.60000000E-03   3.77623124E+09   4.25768110E+09   4.25768110E+09   3.47354237E+09   3.48062250E+09   3.48062250E+09
   9.80000000E-03   3.77210610E+09   4.23040042E+09   4.23040042E+09   3.48387409E+09   3.48644439E+09   3.48644439E+09
   1.00000000E-02   3.76426840E+09   4.19884645E+09   4.19884645E+09   3.49041990E+09   3.48888676E+09   3.48888676E+09
   1.02000000E-02   3.75288889E+09   4.16330247E+09   4.16330247E+09   3.49330855E+09   3.48807603E+09   3.48807603E+09
   1.04000000E-02   3.73813825E+09   4.12404662E+09   4.12404662E+09   3.49267248E+09   3.48414014E+09   3.48414014E+09
   1.06000000E-02   3.72018643E+09   4.08135102E+09   4.08135102E+09   3.48864700E+09   3.47720797E+09   3.47720797E+09
   1.08000000E-02   3.69920208E+09   4.03548105E+09   4.03548105E+09   3.48136958E+09   3.46740884E+09   3.46740884E+09
   1.10000000E-02   3.67535202E+09   3.98669472E+09   3.98669472E+09   3.47097911E+09   3.45487203E+09   3.45487203E+09
   1.12000000E-02   3.64880078E+09   3.93524212E+09   3.93524212E+09   3.45761536E+09   3.43972634E+09   3.43972634E+09
   1.14000000E-02   3.61971021E+09   3.88136502E+09   3.88136502E+09   3.44141835E+09   3.42209972E+09   3.42209972E+09
   1.16000000E-02   3.58823908E+09   3.82529652E+09   3.82529652E+09   3.42252788E+09   3.40211890E+09   3.40211890E+09
   1.18000000E-02   3.55454283E+09   3.76726083E+09   3.76726083E+09   3.40108299E+09   3.37990910E+09   3.37990910E+09
   1.20000000E-02   3.51877325E+09   3.70747305E+09   3.70747305E+09   3.37722161E+09   3.35559372E+09   3.35559372E+09
   1.22000000E-02   3.48107828E+09   3.64613906E+09   3.64613906E+09   3.35108010E+09   3.32929411E+09   3.32929411E+09
   1.24000000E-02   3.44160181E+09   3.58345547E+09   3.58345547E+09   3.32279298E+09   3.30112934E+09   3.30112934E+09
   1.26000000E-02   3.40048352E+09   3.51960963E+09   3.51960963E+09   3.29249253E+09   3.27121602E+09   3.27121602E+09
   1.28000000E-02   3.35785876E+09   3.45477964E+09   3.45477964E+09   3.26030862E+09   3.23966812E+09   3.23966812E+09
   1.30000000E-02   3.31385842E+09   3.38913447E+09   3.38913447E+09   3.22636838E+09   3.20659684E+09   3.20659684E+09
   1.32000000E-02   3.26860892E+09   3.32283403E+09   3.32283403E+09   3.19079604E+09   3.17211048E+09   3.17211048E+09
   1.34000000E-02   3.22223210E+09   3.25602935E+09   3.25602935E+09   3.15371275E+09   3.13631434E+09   3.13631434E+09
   1.36000000E-02   3.17484520E+09   3.18886277E+09   3.18886277E+09   3.11523639E+09   3.09931062E+09   3.09931062E+09
   1.38000000E-02   3.12656089E+09   3.12146810E+09   3.12146810E+09   3.07548147E+09   3.06119840E+09   3.06119840E+09
   1.40000000E-02   3.07748723E+09   3.05397085E+09   3.05397085E+09   3.03455905E+09   3.02207356E+09   3.02207356E+09
   1.42000000E-02   3.02772773E+09   2.98648849E+09   2.98648849E+09   2.99257659E+09   2.98202873E+09   2.98202873E+09
   1.44000000E-02   2.97738135E+09   2.91913066E+09   2.91913066E+09   2.94963794E+09   2.94115331E+09   2.94115331E+09
   1.46000000E-02   2.92654259E+09   2.85199946E+09   2.85199946E+09   2.90584327E+09   2.89953343E+09   2.89953343E+09
   1.48000000E-02   2.87530153E+09   2.78518968E+09   2.78518968E+09   2.86128904E+09   2.85725197E+09   2.85725197E+09
   1.50000000E-02   2.82374388E+09   2.71878911E+09   2.71878911E+09   2.81606800E+09   2.81438854E+09   2.81438854E+09
   1.52000000E-02   2.77195111E+09   2.65287876E+09   2.65287876E+09   2.77026917E+09   2.77101955E+09   2.77101955E+09
   1.54000000E-02   2.72000050E+09   2.58753321E+09   2.58753321E+09   2.72397787E+09   2.72721821E+09   2.72721821E+09
   1.56000000E-02   2.66796522E+09   2.52282083E+09   2.52282083E+09   2.67727573E+09   2.68305455E+09   2.68305455E+09
   1.58000000E-02   2.61591447E+09   2.45880406E+09   2.45880406E+09   2.63024073E+09   2.63859550E+09   2.63859550E+09
   1.60000000E-02   2.56391355E+09   2.39553971E+09   2.39553971E+09   2.58294722E+09   2.59390493E+09   2.59390493E+09
   1.62000000E-02   2.51202399E+09   2.33307921E+09   2.33307921E+09   2.53546604E+09   2.54904366E+09   2.54904366E+09
   1.64000000E-02   2.46030362E+09   2.27146890E+09   2.27146890E+09   2.48786446E+09   2.50406960E+09   2.50406960E+09
   1.66000000E-02   2.40880674E+09   2.21075026E+09   2.21075026E+09   2.44020638E+09   2.45903772E+09   2.45903772E+09
   1.68000000E-02   2.35758418E+09   2.15096018E+09   2.15096018E+09   2.39255229E+09   2.41400019E+09   2.41400019E+09
   1.70000000E-02   2.30668343E+09   2.09213121E+09   2.09213121E+09   2.34495940E+09   2.36900641E+09   2.36900641E+09
   1.72000000E-02   2.25614879E+09   2.03429182E+09   2.03429182E+09   2.29748170E+09   2.32410309E+09   2.32410309E+09
   1.74000000E-02   2.20602143E+09   1.97746658E+09   1.97746658E+09   2.25017006E+09   2.27933433E+09   2.27933433E+09
   1.76000000E-02   2.15633953E+09   1.92167648E+09   1.92167648E+09   2.20307230E+09   2.23474166E+09   2.23474166E+09
   1.78000000E-02   2.10713842E+09   1.86693906E+09   1.86693906E+09   2.15623327E+09   2.19036418E+09   2.19036418E+09
   1.80000000E-02   2.05845064E+09   1.81326868E+09   1.81326868E+09   2.10969497E+09   2.14623855E+09   2.14623855E+09
   1.82000000E-02   2.01030610E+09   1.76067670E+09   1.76067670E+09   2.06349660E+09   2.10239916E+09   2.10239916E+09
   1.84000000E-02   1.96273216E+09   1.70917168E+09   1.70917168E+09   2.01767469E+09   2.05887813E+09   2.05887813E+09
   1.86000000E-02   1.91575377E+09   1.65875959E+09   1.65875959E+09   1.97226317E+09   2.01570543E+09   2.01570543E+09
   1.88000000E-02   1.86939353E+09   1.60944397E+09   1.60944397E+09   1.92729346E+09   1.97290893E+09   1.97290893E+09
   1.90000000E-02   1.82367184E+09   1.56122611E+09   1.56122611E+09   1.88279459E+09   1.93051450E+09   1.93051450E+09
   1.92000000E-02   1.77860700E+09   1.51410521E+09   1.51410521E+09   1.83879325E+09   1.88854608E+09   1.88854608E+09
   1.94000000E-02   1.73421527E+09   1.46807855E+09   1.46807855E+09   1.79531393E+09   1.84702573E+09   1.84702573E+09
   1.96000000E-02   1.69051102E+09   1.42314163E+09   1.42314163E+09   1.75237895E+09   1.80597375E+09   1.80597375E+09
   1.98000000E-02   1.64750678E+09   1.37928833E+09   1.37928833E+09   1.71000862E+09   1.76540869E+09   1.76540869E+09
   2.00000000E-02   1.60521336E+09   1.33651101E+09   1.33651101E+09   1.66822127E+09   1.72534749E+09   1.72534749E+09
   2.02000000E-02   1.56363994E+09   1.29480070E+09   1.29480070E+09   1.62703337E+09   1.68580550E+09   1.68580550E+09
   2.04000000E-02   1.52279415E+09   1.25414716E+09   1.25414716E+09   1.58645960E+09   1.64679656E+09   1.64679656E+09
   2.06000000E-02   1.48268216E+09   1.21453901E+09   1.21453901E+09   1.54651293E+09   1.60833310E+09   1.60833310E+09
   2.08000000E-02   1.44330874E+09   1.17596389E+09   1.17596389E+09   1.50720473E+09   1.57042614E+09   1.57042614E+09
   2.10000000E-02   1.40467739E+09   1.13840848E+09   1.13840848E+09   1.46854480E+09   1.53308542E+09   1.53308542E+09
   2.12000000E-02   1.36679035E+09   1.10185868E+09   1.10185868E+09   1.43054151E+09   1.49631944E+09   1.49631944E+09
   2.14000000E-02   1.32964872E+09   1.06629962E+09   1.06629962E+09   1.39320181E+09   1.46013548E+09   1.46013548E+09
   2.16000000E-02   1.29325254E+09   1.03171582E+09   1.03171582E+09   1.35653136E+09   1.42453973E+09   1.42453973E+09
   2.18000000E-02   1.25760081E+09   9.98091230E+08   9.98091230E+08   1.32053457E+09   1.38953730E+09   1.38953730E+09
   2.20000000E-02   1.22269160E+09   9.65409299E+08   9.65409299E+08   1.28521467E+09   1.35513230E+09   1.35513230E+09
   2.22000000E-02   1.18852210E+09   9.33653073E+08   9.33653073E+08   1.25057379E+09   1.32132785E+09   1.32132785E+09
   2.24000000E-02   1.15508865E+09   9.02805242E+08   9.02805242E+08   1.21661302E+09   1.28812621E+09   1.28812621E+09
   2.26000000E-02   1.12238685E+09   8.72848205E+08   8.72848205E+08   1.18333246E+09   1.25552875E+09   1.25552875E+09
   2.28000000E-02   1.09041159E+09   8.43764129E+08   8.43764129E+08   1.15073131E+09   1.22353605E+09   1.22353605E+09
   2.30000000E-02   1.05915709E+09   8.15535001E+08   8.15535001E+08   1.11880789E+09   1.19214792E+09   1.19214792E+09
   2.32000000E-02   1.02861699E+09   7.88142676E+08   7.88142676E+08   1.08755973E+09   1.16136348E+09   1.16136348E+09
   2.34000000E-02   9.98784343E+08   7.61568924E+08   7.61568924E+08   1.05698361E+09   1.13118115E+09   1.13118115E+09
   2.36000000E-02   9.69651708E+08   7.35795472E+08   7.35795472E+08   1.02707559E+09   1.10159875E+09   1.10159875E+09
   2.38000000E-02   9.41211175E+08   7.10804040E+08   7.10804040E+08   9.97831109E+08   1.07261350E+09   1.07261350E+09
   2.40000000E-02   9.13454408E+08   6.86576380E+08   6.86576380E+08   9.69244987E+08   1.04422206E+09   1.04422206E+09
   2.42000000E-02   8.86372686E+08   6.63094308E+08   6.63094308E+08   9.41311494E+08   1.01642061E+09   1.01642061E+09
   2.44000000E-02   8.59956942E+08   6.40339732E+08   6.40339732E+08   9.14024387E+08   9.89204837E+08   9.89204837E+08
   2.46000000E-02   8.34197796E+08   6.18294682E+08   6.18294682E+08   8.87376951E+08   9.62569986E+08   9.62569986E+08
   2.48000000E-02   8.09085593E+08   5.96941331E+08   5.96941331E+08   8.61362043E+08   9.36510902E+08   9.36510902E+08
   2.50000000E-02   7.84610430E+08   5.76262023E+08   5.76262023E+08   8.35972125E+08   9.11022050E+08   9.11022050E+08
   2.52000000E-02   7.60762192E+08   5.56239287E+08   5.56239287E+08   8.11199302E+08   8.86097554E+08   8.86097554E+08
   2.54000000E-02   7.37530576E+08   5.36855862E+08   5.36855862E+08   7.87035358E+08   8.61731216E+08   8.61731216E+08
   2.56000000E-02   7.14905122E+08   5.18094706E+08   5.18094706E+08   7.63471785E+08   8.37916553E+08   8.37916553E+08
   2.58000000E-02   6.92875235E+08   4.99939019E+08   4.99939019E+08   7.40499818E+08   8.14646816E+08   8.14646816E+08
   2.60000000E-02   6.71430214E+08   4.82372247E+08   4.82372247E+08   7.18110463E+08   7.91915019E+08   7.91915019E+08
   2.62000000E-02   6.50559268E+08   4.65378100E+08   4.65378100E+08   6.96294523E+08   7.69713960E+08   7.69713960E+08
   2.64000000E-02   6.30251544E+08   4.48940560E+08   4.48940560E+08   6.75042626E+08   7.48036247E+08   7.48036247E+08
   2.66000000E-02   6.10496142E+08   4.33043888E+08   4.33043888E+08   6.54345251E+08   7.26874316E+08   7.26874316E+08
   2.68000000E-02   5.91282136E+08   4.17672633E+08   4.17672633E+08   6.34192749E+08   7.06220451E+08   7.06220451E+08
   2.70000000E-02   5.72598592E+08   4.02811636E+08   4.02811636E+08   6.14575368E+08   6.86066807E+08   6.86066807E+08
   2.72000000E-02   5.54434581E+08   3.88446038E+08   3.88446038E+08   5.95483270E+08   6.66405425E+08   6.66405425E+08
   2.74000000E-02   5.36779200E+08   3.74561282E+08   3.74561282E+08   5.76906556E+08   6.47228250E+08   6.47228250E+08
   2.76000000E-02   5.19621579E+08   3.61143116E+08   3.61143116E+08   5.58835279E+08   6.28527148E+08   6.28527148E+08
   2.78000000E-02   5.02950901E+08   3.48177594E+08   3.48177594E+08   5.41259466E+08   6.10293920E+08   6.10293920E+08
   2.80000000E-02   4.86756410E+08   3.35651080E+08   3.35651080E+08   5.24169129E+08   5.92520318E+08   5.92520318E+08
   2.82000000E-02   4.71027421E+08   3.23550249E+08   3.23550249E+08   5.07554286E+08   5.75198057E+08   5.75198057E+08
   2.84000000E-02   4.55753335E+08   3.11862082E+08   3.11862082E+08   4.91404971E+08   5.58318829E+08   5.58318829E+08
   2.86000000E-02   4.40923647E+08   3.00573871E+08   3.00573871E+08   4.75711248E+08   5.41874316E+08   5.41874316E+08
   2.88000000E-02   4.26527950E+08   2.89673215E+08   2.89673215E+08   4.60463225E+08   5.25856197E+08   5.25856197E+08
   2.90000000E-02   4.12555951E+08   2.79148016E+08   2.79148016E+08   4.45651062E+08   5.10256166E+08   5.10256166E+08
   2.92000000E-02   3.98997472E+08   2.68986483E+08   2.68986483E+08   4.31264986E+08   4.95065933E+08   4.95065933E+08
   2.94000000E-02   3.85842459E+08   2.59177124E+08   2.59177124E+08   4.17295296E+08   4.80277241E+08   4.80277241E+08
   2.96000000E-02   3.73080988E+08   2.49708745E+08   2.49708745E+08   4.03732375E+08   4.65881869E+08   4.65881869E+08
   2.98000000E-02   3.60703270E+08   2.40570446E+08   2.40570446E+08   3.90566697E+08   4.51871645E+08   4.51871645E+08
   3.00000000E-02   3.48699655E+08   2.31751616E+08   2.31751616E+08   3.77788836E+08   4.38238448E+08   4.38238448E+08
   3.02000000E-02   3.37060639E+08   2.23241935E+08   2.23241935E+08   3.65389469E+08   4.24974218E+08   4.24974218E+08
   3.04000000E-02   3.25776864E+08   2.15031361E+08   2.15031361E+08   3.53359388E+08   4.12070965E+08   4.12070965E+08
   3.06000000E-02   3.14839123E+08   2.07110133E+08   2.07110133E+08   3.41689501E+08   3.99520768E+08   3.99520768E+08
   3.08000000E-02   3.04238366E+08   1.99468762E+08   1.99468762E+08   3.30370838E+08   3.87315786E+08   3.87315786E+08
   3.10000000E-02   2.93965695E+08   1.92098028E+08   1.92098028E+08   3.19394557E+08   3.75448262E+08   3.75448262E+08
   3.12000000E-02   2.84012372E+08   1.84988975E+08   1.84988975E+08   3.08751947E+08   3.63910524E+08   3.63910524E+08
   3.14000000E-02   2.74369821E+08   1.78132906E+08   1.78132906E+08   2.98434432E+08   3.52694995E+08   3.52694995E+08
   3.16000000E-02   2.65029625E+08   1.71521379E+08   1.71521379E+08   2.88433574E+08   3.41794190E+08   3.41794190E+08
   3.18000000E-02   2.55983528E+08   1.65146198E+08   1.65146198E+08   2.78741074E+08   3.31200725E+08   3.31200725E+08
   3.20000000E-02   2.47223438E+08   1.58999413E+08   1.58999413E+08   2.69348778E+08   3.20907318E+08   3.20907318E+08
   3.22000000E-02   2.38741428E+08   1.53073310E+08   1.53073310E+08   2.60248674E+08   3.10906789E+08   3.10906789E+08
   3.24000000E-02   2.30529730E+08   1.47360410E+08   1.47360410E+08   2.51432900E+08   3.01192069E+08   3.01192069E+08
   3.26000000E-02   2.22580742E+08   1.41853459E+08   1.41853459E+08   2.42893737E+08   2.91756193E+08   2.91756193E+08
   3.28000000E-02   2.14887024E+08   1.36545429E+08   1.36545429E+08   2.34623619E+08   2.82592309E+08   2.82592309E+08
   3.30000000E-02   2.07441296E+08   1.31429506E+08   1.31429506E+08   2.26615126E+08   2.73693677E+08   2.73693677E+08
   3.32000000E-02   2.00236442E+08   1.26499089E+08   1.26499089E+08   2.18860989E+08   2.65053671E+08   2.65053671E+08
   3.34000000E-02   1.93265503E+08   1.21747783E+08   1.21747783E+08   2.11354088E+08   2.56665777E+08   2.56665777E+08
   3.36000000E-02   1.86521680E+08   1.17169394E+08   1.17169394E+08   2.04087452E+08   2.48523598E+08   2.48523598E+08
   3.38000000E-02   1.79998333E+08   1.12757926E+08   1.12757926E+08   1.97054260E+08   2.40620854E+08   2.40620854E+08
   3.40000000E-02   1.73688976E+08   1.08507572E+08   1.08507572E+08   1.90247839E+08   2.32951377E+08   2.32951377E+08
   3.42000000E-02   1.67587279E+08   1.04412712E+08   1.04412712E+08   1.83661665E+08   2.25509119E+08   2.25509119E+08
   3.44000000E-02   1.61687062E+08   1.00467906E+08   1.00467906E+08   1.77289359E+08   2.18288148E+08   2.18288148E+08
   3.46000000E-02   1.55982300E+08   9.66678930E+07   9.66678930E+07   1.71124691E+08   2.11282648E+08   2.11282648E+08
   3.48000000E-02   1.50467114E+08   9.30075798E+07   9.30075798E+07   1.65161572E+08   2.04486917E+08   2.04486917E+08
   3.50000000E-02   1.45135772E+08   8.94820416E+07   8.94820416E+07   1.59394059E+08   1.97895372E+08   1.97895372E+08
   3.52000000E-02   1.39982688E+08   8.60865148E+07   8.60865148E+07   1.53816350E+08   1.91502543E+08   1.91502543E+08
   3.54000000E-02   1.35002418E+08   8.28163936E+07   8.28163936E+07   1.48422784E+08   1.85303077E+08   1.85303077E+08
   3.56000000E-02   1.30189660E+08   7.96672243E+07   7.96672243E+07   1.43207839E+08   1.79291731E+08   1.79291731E+08
   3.58000000E-02   1.25539247E+08   7.66347018E+07   7.66347018E+07   1.38166129E+08   1.73463377E+08   1.73463377E+08
   3.60000000E-02   1.21046152E+08   7.37146648E+07   7.37146648E+07   1.33292402E+08   1.67813001E+08   1.67813001E+08
   3.62000000E-02   1.16705478E+08   7.09030918E+07   7.09030918E+07   1.28581543E+08   1.62335698E+08   1.62335698E+08
   3.64000000E-02   1.12512461E+08   6.81960968E+07   6.81960968E+07   1.24028565E+08   1.57026671E+08   1.57026671E+08
   3.66000000E-02   1.08462465E+08   6.55899249E+07   6.55899249E+07   1.19628611E+08   1.51881236E+08   1.51881236E+08
   3.68000000E-02   1.04550982E+08   6.30809490E+07   6.30809490E+07   1.15376951E+08   1.46894813E+08   1.46894813E+08
   3.70000000E-02   1.00773626E+08   6.06656655E+07   6.06656655E+07   1.11268980E+08   1.42062931E+08   1.42062931E+08
   3.72000000E-02   9.71261325E+07   5.83406904E+07   5.83406904E+07   1.07300218E+08   1.37381221E+08   1.37381221E+08
   3.74000000E-02   9.36043571E+07   5.61027558E+07   5.61027558E+07   1.03466302E+08   1.32845419E+08   1.32845419E+08
   3.76000000E-02   9.02042712E+07   5.39487063E+07   5.39487063E+07   9.97629894E+07   1.28451363E+08   1.28451363E+08
   3.78000000E-02   8.69219604E+07   5.18754952E+07   5.18754952E+07   9.61861536E+07   1.24194992E+08   1.24194992E+08
   3.80000000E-02   8.37536220E+07   4.98801814E+07   4.98801814E+07   9.27317818E+07   1.20072342E+08   1.20072342E+08
   3.82000000E-02   8.06955623E+07   4.79599258E+07   4.79599258E+07   8.93959726E+07   1.16079549E+08   1.16079549E+08
   3.84000000E-02   7.77441943E+07   4.61119883E+07   4.61119883E+07   8.61749344E+07   1.12212843E+08   1.12212843E+08
   3.86000000E-02   7.48960355E+07   4.43337242E+07   4.43337242E+07   8.30649822E+07   1.08468549E+08   1.08468549E+08
   3.88000000E-02   7.21477049E+07   4.26225817E+07   4.26225817E+07   8.00625361E+07   1.04843085E+08   1.04843085E+08
   3.90000000E-02   6.94959214E+07   4.09760981E+07   4.09760981E+07   7.71641187E+07   1.01332960E+08   1.01332960E+08
   3.92000000E-02   6.69375010E+07   3.93918978E+07   3.93918978E+07   7.43663529E+07   9.79347718E+07   9.79347718E+07
   3.94000000E-02   6.44693543E+07   3.78676887E+07   3.78676887E+07   7.16659595E+07   9.46452061E+07   9.46452061E+07
   3.96000000E-02   6.20884847E+07   3.64012599E+07   3.64012599E+07   6.90597552E+07   9.14610351E+07   9.14610351E+07
   3.98000000E-02   5.97919855E+07   3.49904788E+07   3.49904788E+07   6.65446503E+07   8.83791154E+07   8.83791154E+07
   4.00000000E-02   5.75770383E+07   3.36332885E+07   3.36332885E+07   6.41176463E+07   8.53963864E+07   8.53963864E+07
   4.02000000E-02   5.54409104E+07   3.23277053E+07   3.23277053E+07   6.17758341E+07   8.25098686E+07   8.25098686E+07
   4.04000000E-02   5.33809526E+07   3.10718165E+07   3.10718165E+07   5.95163916E+07   7.97166621E+07   7.97166621E+07
   4.06000000E-02   5.13945971E+07   2.98637775E+07   2.98637775E+07   5.73365815E+07   7.70139450E+07   7.70139450E+07
   4.08000000E-02   4.94793556E+07   2.87018100E+07   2.87018100E+07   5.52337494E+07   7.43989715E+07   7.43989715E+07
   4.10000000E-02   4.76328168E+07   2.75841995E+07   2.75841995E+07   5.32053215E+07   7.18690705E+07   7.18690705E+07
   4.12000000E-02   4.58526447E+07   2.65092930E+07   2.65092930E+07   5.12488029E+07   6.94216440E+07   6.94216440E+07
   4.14000000E-02   4.41365764E+07   2.54754973E+07   2.54754973E+07   4.93617751E+07   6.70541655E+07   6.70541655E+07
   4.16000000E-02   4.24824203E+07   2.44812767E+07   2.44812767E+07   4.75418945E+07   6.47641781E+07   6.47641781E+07
   4.18000000E-02   4.08880539E+07   2.35251508E+07   2.35251508E+07   4.57868899E+07   6.25492934E+07   6.25492934E+07
   4.20000000E-02   3.93514222E+07   2.26056933E+07   2.26056933E+07   4.40945612E+07   6.04071898E+07   6.04071898E+07
   4.22000000E-02   3.78705355E+07   2.17215293E+07   2.17215293E+07   4.24627770E+07   5.83356107E+07   5.83356107E+07
   4.24000000E-02   3.64434677E+07   2.08713340E+07   2.08713340E+07   4.08894729E+07   5.63323633E+07   5.63323633E+07
   4.26000000E-02   3.50683549E+07   2.00538310E+07   2.00538310E+07   3.93726499E+07   5.43953171E+07   5.43953171E+07
   4.28000000E-02   3.37433930E+07   1.92677903E+07   1.92677903E+07   3.79103722E+07   5.25224021E+07   5.25224021E+07
   4.30000000E-02   3.24668363E+07   1.85120270E+07   1.85120270E+07   3.65007657E+07   5.07116076E+07   5.07116076E+07
   4.32000000E-02   3.12369960E+07   1.77853994E+07   1.77853994E+07   3.51420163E+07   4.89609809E+07   4.89609809E+07
   4.34000000E-02   3.00522381E+07   1.70868077E+07   1.70868077E+07   3.38323681E+07   4.72686256E+07   4.72686256E+07
   4.36000000E-02   2.89109824E+07   1.64151927E+07   1.64151927E+07   3.25701219E+07   4.56327003E+07   4.56327003E+07
   4.38000000E-02   2.78117002E+07   1.57695340E+07   1.57695340E+07   3.13536333E+07   4.40514173E+07   4.40514173E+07
   4.40000000E-02   2.67529134E+07   1.51488486E+07   1.51488486E+07   3.01813114E+07   4.25230410E+07   4.25230410E+07
   4.42000000E-02   2.57331928E+07   1.45521900E+07   1.45521900E+07   2.90516172E+07   4.10458871E+07   4.10458871E+07
   4.44000000E-02   2.47511566E+07   1.39786466E+07   1.39786466E+07   2.79630620E+07   3.96183208E+07   3.96183208E+07
   4.46000000E-02   2.38054689E+07   1.34273405E+07   1.34273405E+07   2.69142058E+07   3.82387557E+07   3.82387557E+07
   4.48000000E-02   2.28948384E+07   1.28974262E+07   1.28974262E+07   2.59036564E+07   3.69056526E+07   3.69056526E+07
   4.50000000E-02   2.20180171E+07   1.23880897E+07   1.23880897E+07   2.49300672E+07   3.56175181E+07   3.56175181E+07
   4.52000000E-02   2.11737990E+07   1.18985472E+07   1.18985472E+07   2.39921365E+07   3.43729036E+07   3.43729036E+07
   4.54000000E-02   2.03610185E+07   1.14280441E+07   1.14280441E+07   2.30886059E+07   3.31704040E+07   3.31704040E+07
   4.56000000E-02   1.95785498E+07   1.09758536E+07   1.09758536E+07   2.22182588E+07   3.20086566E+07   3.20086566E+07
   4.58000000E-02   1.88253048E+07   1.05412763E+07   1.05412763E+07   2.13799194E+07   3.08863400E+07   3.08863400E+07
   4.60000000E-02   1.81002328E+07   1.01236387E+07   1.01236387E+07   2.05724516E+07   2.98021726E+07   2.98021726E+07
   4.62000000E-02   1.74023186E+07   9.72229276E+06   9.72229276E+06   1.97947571E+07   2.87549122E+07   2.87549122E+07
   4.64000000E-02   1.67305819E+07   9.33661429E+06   9.33661429E+06   1.90457751E+07   2.77433543E+07   2.77433543E+07
   4.66000000E-02   1.60840759E+07   8.96600272E+06   8.96600272E+06   1.83244805E+07   2.67663315E+07   2.67663315E+07
   4.68000000E-02   1.54618865E+07   8.60987993E+06   8.60987993E+06   1.76298830E+07   2.58227122E+07   2.58227122E+07
   4.70000000E-02   1.48631310E+07   8.26768950E+06   8.26768950E+06   1.69610262E+07   2.49113998E+07   2.49113998E+07
   4.72000000E-02   1.42869571E+07   7.93889593E+06   7.93889593E+06   1.63169862E+07   2.40313314E+07   2.40313314E+07
   4.74000000E-02   1.37325422E+07   7.62298384E+06   7.62298384E+06   1.56968707E+07   2.31814774E+07   2.31814774E+07
   4.76000000E-02   1.31990921E+07   7.31945729E+06   7.31945729E+06   1.50998180E+07   2.23608399E+07   2.23608399E+07
   4.78000000E-02   1.26858405E+07   7.02783901E+06   7.02783901E+06   1.45249964E+07   2.15684524E+07   2.15684524E+07
   4.80000000E-02   1.21920476E+07   6.74766976E+06   6.74766976E+06   1.39716023E+07   2.08033785E+07   2.08033785E+07
   4.82000000E-02   1.17169997E+07   6.47850763E+06   6.47850763E+06   1.34388605E+07   2.00647113E+07   2.00647113E+07
   4.84000000E-02   1.12600078E+07   6.21992743E+06   6.21992743E+06   1.29260221E+07   1.93515724E+07   1.93515724E+07
   4.86000000E-02   1.08204074E+07   5.97152008E+06   5.97152008E+06   1.24323646E+07   1.86631110E+07   1.86631110E+07
   4.88000000E-02   1.03975575E+07   5.73289197E+06   5.73289197E+06   1.19571906E+07   1.79985034E+07   1.79985034E+07
   4.90000000E-02   9.99083933E+06   5.50366444E+06   5.50366444E+06   1.14998268E+07   1.73569518E+07   1.73569518E+07
   4.92000000E-02   9.59965639E+06   5.28347321E+06   5.28347321E+06   1.10596238E+07   1.67376840E+07   1.67376840E+07
   4.94000000E-02   9.22343319E+06   5.07196783E+06   5.07196783E+06   1.06359548E+07   1.61399522E+07   1.61399522E+07
   4.96000000E-02   8.86161469E+06   4.86881118E+06   4.86881118E+06   1.02282149E+07   1.55630327E+07   1.55630327E+07
   4.98000000E-02   8.51366564E+06   4.67367899E+06   4.67367899E+06   9.83582060E+06   1.50062248E+07   1.50062248E+07
   5.00000000E-02   8.17906990E+06   4.48625934E+06   4.48625934E+06   9.45820909E+06   1.44688503E+07   1.44688503E+07
   5.02000000E-02   7.85732978E+06   4.30625220E+06   4.30625220E+06   9.09483732E+06   1.39502531E+07   1.39502531E+07
   5.04000000E-02   7.54796545E+06   4.13336902E+06   4.13336902E+06   8.74518151E+06   1.34497978E+07   1.34497978E+07
   5.06000000E-02   7.25051427E+06   3.96733224E+06   3.96733224E+06   8.40873648E+06   1.29668699E+07   1.29668699E+07
   5.08000000E-02   6.96453029E+06   3.80787495E+06   3.80787495E+06   8.08501499E+06   1.25008747E+07   1.25008747E+07
   5.10000000E-02   6.68958361E+06   3.65474043E+06   3.65474043E+06   7.77354719E+06   1.20512368E+07   1.20512368E+07
   5.12000000E-02   6.42525989E+06   3.50768183E+06   3.50768183E+06   7.47387997E+06   1.16173995E+07   1.16173995E+07
   5.14000000E-02   6.17115975E+06   3.36646173E+06   3.36646173E+06   7.18557645E+06   1.11988243E+07   1.11988243E+07
   5.16000000E-02   5.92689832E+06   3.23085185E+06   3.23085185E+06   6.90821539E+06   1.07949903E+07   1.07949903E+07
   5.18000000E-02   5.69210469E+06   3.10063266E+06   3.10063266E+06   6.64139067E+06   1.04053935E+07   1.04053935E+07
   5.20000000E-02   5.46642147E+06   2.97559308E+06   2.97559308E+06   6.38471076E+06   1.00295466E+07   1.00295466E+07
   5.22000000E-02   5.24950430E+06   2.85553016E+06   2.85553016E+06   6.13779824E+06   9.66697830E+06   9.66697830E+06
   5.24000000E-02   5.04102137E+06   2.74024875E+06   2.74024875E+06   5.90028931E+06   9.31723281E+06   9.31723281E+06
   5.26000000E-02   4.84065303E+06   2.62956123E+06   2.62956123E+06   5.67183331E+06   8.97986937E+06   8.97986937E+06
   5.28000000E-02   4.64809136E+06   2.52328721E+06   2.52328721E+06   5.45209226E+06   8.65446177E+06   8.65446177E+06
   5.30000000E-02   4.46303973E+06   2.42125328E+06   2.42125328E+06   5.24074046E+06   8.34059796E+06   8.34059796E+06
   5.32000000E-02   4.28521241E+06   2.32329271E+06   2.32329271E+06   5.03746402E+06   8.03787953E+06   8.03787953E+06
   5.34000000E-02   4.11433420E+06   2.22924523E+06   2.22924523E+06   4.84196045E+06   7.74592135E+06   7.74592135E+06
   5.36000000E-02   3.95014008E+06   2.13895677E+06   2.13895677E+06   4.65393831E+06   7.46435109E+06   7.46435109E+06
   5.38000000E-02   3.79237479E+06   2.05227922E+06   2.05227922E+06   4.47311677E+06   7.19280885E+06   7.19280885E+06
   5.40000000E-02   3.64079254E+06   1.96907023E+06   1.96907023E+06   4.29922527E+06   6.93094678E+06   6.93094678E+06
   5.42000000E-02   3.49515665E+06   1.88919294E+06   1.88919294E+06   4.13200313E+06   6.67842865E+06   6.67842865E+06
   5.44000000E-02   3.35523922E+06   1.81251582E+06   1.81251582E+06   3.97119925E+06   6.43492952E+06   6.43492952E+06
   5.46000000E-02   3.22082084E+06   1.73891246E+06   1.73891246E+06   3.81657172E+06   6.20013538E+06   6.20013538E+06
   5.48000000E-02   3.09169027E+06   1.66826134E+06   1.66826134E+06   3.66788753E+06   5.97374276E+06   5.97374276E+06
   5.50000000E-02   2.96764414E+06   1.60044569E+06   1.60044569E+06   3.52492224E+06   5.75545843E+06   5.75545843E+06
   5.52000000E-02   2.84848668E+06   1.53535327E+06   1.53535327E+06   3.38745968E+06   5.54499908E+06   5.54499908E+06
   5.54000000E-02   2.73402946E+06   1.47287623E+06   1.47287623E+06   3.25529166E+06   5.34209095E+06   5.34209095E+06
   5.56000000E-02   2.62409110E+06   1.41291091E+06   1.41291091E+06   3.12821766E+06   5.14646958E+06   5.14646958E+06
   5.58000000E-02   2.51849701E+06   1.35535770E+06   1.35535770E+06   3.00604460E+06   4.95787945E+06   4.95787945E+06
   5.60000000E-02   2.41707920E+06   1.30012088E+06   1.30012088E+06   2.88858655E+06   4.77607376E+06   4.77607376E+06
   5.62000000E-02   2.31967597E+06   1.24710847E+06   1.24710847E+06   2.77566446E+06   4.60081407E+06   4.60081407E+06
   5.64000000E-02   2.22613173E+06   1.19623209E+06   1.19623209E+06   2.66710594E+06   4.43187008E+06   4.43187008E+06
   5.66000000E-02   2.13629674E+06   1.14740681E+06   1.14740681E+06   2.56274500E+06   4.26901936E+06   4.26901936E+06
   5.68000000E-02   2.05002694E+06   1.10055104E+06   1.10055104E+06   2.46242184E+06   4.11204708E+06   4.11204708E+06
   5.70000000E-02   1.96718371E+06   1.05558637E+06   1.05558637E+06   2.36598260E+06   3.96074574E+06   3.96074574E+06
   5.72000000E-02   1.88763369E+06   1.01243748E+06   1.01243748E+06   2.27327917E+06   3.81491497E+06   3.81491497E+06
   5.74000000E-02   1.81124857E+06   9.71031998E+05   9.71031998E+05   2.18416897E+06   3.67436129E+06   3.67436129E+06
   5.76000000E-02   1.73790491E+06   9.31300393E+05   9.31300393E+05   2.09851475E+06   3.53889784E+06   3.53889784E+06
   5.78000000E-02   1.66748400E+06   8.93175871E+05   8.93175871E+05   2.01618439E+06   3.40834421E+06   3.40834421E+06
   5.80000000E-02   1.59987160E+06   8.56594261E+05   8.56594261E+05   1.93705074E+06   3.28252620E+06   3.28252620E+06
   5.82000000E-02   1.53495785E+06   8.21493921E+05   8.21493921E+05   1.86099140E+06   3.16127563E+06   3.16127563E+06
   5.84000000E-02   1.47263710E+06   7.87815631E+05   7.87815631E+05   1.78788858E+06   3.04443013E+06   3.04443013E+06
   5.86000000E-02   1.41280772E+06   7.55502510E+05   7.55502510E+05   1.71762892E+06   2.93183295E+06   2.93183295E+06
   5.88000000E-02   1.35537197E+06   7.24499916E+05   7.24499916E+05   1.65010330E+06   2.82333275E+06   2.82333275E+06
   5.90000000E-02   1.30023585E+06   6.94755364E+05   6.94755364E+05   1.58520675E+06   2.71878346E+06   2.71878346E+06
   5.92000000E-02   1.24730898E+06   6.66218442E+05   6.66218442E+05   1.52283823E+06   2.61804409E+06   2.61804409E+06
   5.94000000E-02   1.19650446E+06   6.38840728E+05   6.38840728E+05   1.46290052E+06   2.52097853E+06   2.52097853E+06
   5.96000000E-02   1.14773870E+06   6.12575718E+05   6.12575718E+05   1.40530008E+06   2.42745543E+06   2.42745543E+06
   5.98000000E-02   1.10093135E+06   5.87378742E+05   5.87378742E+05   1.34994690E+06   2.33734801E+06   2.33734801E+06
   6.00000000E-02   1.05600515E+06   5.63206905E+05   5.63206905E+05   1.29675439E+06   2.25053391E+06   2.25053391E+06
   6.02000000E-02   1.01288584E+06   5.40019005E+05   5.40019005E+05   1.24563921E+06   2.16689506E+06   2.16689506E+06
   6.04000000E-02   9.71501991E+05   5.17775477E+05   5.17775477E+05   1.19652122E+06   2.08631750E+06   2.08631750E+06
   6.06000000E-02   9.31784971E+05   4.96438324E+05   4.96438324E+05   1.14932330E+06   2.00869128E+06   2.00869128E+06
   6.08000000E-02   8.93668787E+05   4.75971057E+05   4.75971057E+05   1.10397126E+06   1.93391030E+06   1.93391030E+06
   6.10000000E-02   8.57090011E+05   4.56338638E+05   4.56338638E+05   1.06039374E+06   1.86187219E+06   1.86187219E+06
   6.12000000E-02   8.21987671E+05   4.37507417E+05   4.37507417E+05   1.01852209E+06   1.79247816E+06   1.79247816E+06
   6.14000000E-02   7.88303167E+05   4.19445087E+05   4.19445087E+05   9.78290275E+05   1.72563292E+06   1.72563292E+06
   6.16000000E-02   7.55980176E+05   4.02120623E+05   4.02120623E+05   9.39634777E+05   1.66124451E+06   1.66124451E+06
   6.18000000E-02   7.24964566E+05   3.85504236E+05   3.85504236E+05   9.02494505E+05   1.59922425E+06   1.59922425E+06
   6.20000000E-02   6.95204316E+05   3.69567326E+05   3.69567326E+05   8.66810699E+05   1.53948655E+06   1.53948655E+06
   6.22000000E-02   6.66649432E+05   3.54282430E+05   3.54282430E+05   8.32526844E+05   1.48194886E+06   1.48194886E+06
   6.24000000E-02   6.39251874E+05   3.39623181E+05   3.39623181E+05   7.99588588E+05   1.42653157E+06   1.42653157E+06
   6.26000000E-02   6.12965477E+05   3.25564267E+05   3.25564267E+05   7.67943659E+05   1.37315785E+06   1.37315785E+06
   6.28000000E-02   5.87745883E+05   3.12081384E+05   3.12081384E+05   7.37541787E+05   1.32175364E+06   1.32175364E+06
   6.30000000E-02   5.63550472E+05   2.99151200E+05   2.99151200E+05   7.08334629E+05   1.27224746E+06   1.27224746E+06
   6.32000000E-02   5.40338293E+05   2.86751315E+05   2.86751315E+05   6.80275697E+05   1.22457041E+06   1.22457041E+06
   6.34000000E-02   5.18070002E+05   2.74860229E+05   2.74860229E+05   6.53320289E+05   1.17865601E+06   1.17865601E+06
   6.36000000E-02   4.96707799E+05   2.63457298E+05   2.63457298E+05   6.27425418E+05   1.13444017E+06   1.13444017E+06
   6.38000000E-02   4.76215373E+05   2.52522707E+05   2.52522707E+05   6.02549753E+05   1.09186106E+06   1.09186106E+06
   6.40000000E-02   4.56557839E+05   2.42037436E+05   2.42037436E+05   5.78653550E+05   1.05085907E+06   1.05085907E+06
   6.42000000E-02   4.37701686E+05   2.31983226E+05   2.31983226E+05   5.55698599E+05   1.01137672E+06   1.01137672E+06
   6.44000000E-02   4.19614724E+05   2.22342553E+05   2.22342553E+05   5.33648158E+05   9.73358566E+05   9.73358566E+05
   6.46000000E-02   4.02266034E+05   2.13098593E+05   2.13098593E+05   5.12466905E+05   9.36751168E+05   9.36751168E+05
   6.48000000E-02   3.85625917E+05   2.04235203E+05   2.04235203E+05   4.92120880E+05   9.01502988E+05   9.01502988E+05
   6.50000000E-02   3.69665849E+05   1.95736884E+05   1.95736884E+05   4.72577433E+05   8.67564335E+05   8.67564335E+05
   6.52000000E-02   3.54358432E+05   1.87588763E+05   1.87588763E+05   4.53805176E+05   8.34887301E+05   8.34887301E+05
   6.54000000E-02   3.39677356E+05   1.79776565E+05   1.79776565E+05   4.35773935E+05   8.03425699E+05   8.03425699E+05
   6.56000000E-02   3.25597351E+05   1.72286591E+05   1.72286591E+05   4.18454703E+05   7.73134998E+05   7.73134998E+05
   6.58000000E-02   3.12094151E+05   1.65105691E+05   1.65105691E+05   4.01819595E+05   7.43972272E+05   7.43972272E+05
   6.60000000E-02   2.99144452E+05   1.58221248E+05   1.58221248E+05   3.85841807E+05   7.15896137E+05   7.15896137E+05
   6.62000000E-02   2.86725877E+05   1.51621153E+05   1.51621153E+05   3.70495572E+05   6.88866701E+05   6.88866701E+05
   6.64000000E-02   2.74816938E+05   1.45293786E+05   1.45293786E+05   3.55756125E+05   6.62845511E+05   6.62845511E+05
   6.66000000E-02   2.63397003E+05   1.39227995E+05   1.39227995E+05   3.41599660E+05   6.37795498E+05   6.37795498E+05
   6.68000000E-02   2.52446260E+05   1.33413080E+05   1.33413080E+05   3.28003295E+05   6.13680937E+05   6.13680937E+05
   6.70000000E-02   2.41945689E+05   1.27838772E+05   1.27838772E+05   3.14945037E+05   5.90467389E+05   5.90467389E+05
   6.72000000E-02   2.31877028E+05   1.22495221E+05   1.22495221E+05   3.02403749E+05   5.68121663E+05   5.68121663E+05
   6.74000000E-02   2.22222744E+05   1.17372970E+05   1.17372970E+05   2.90359115E+05   5.46611771E+05   5.46611771E+05
   6.76000000E-02   2.12966005E+05   1.12462950E+05   1.12462950E+05   2.78791610E+05   5.25906883E+05   5.25906883E+05
   6.78000000E-02   2.04090651E+05   1.07756458E+05   1.07756458E+05   2.67682468E+05   5.05977284E+05   5.05977284E+05
   6.80000000E-02   1.95581169E+05   1.03245142E+05   1.03245142E+05   2.57013655E+05   4.86794343E+05   4.86794343E+05
   6.82000000E-02   1.87422670E+05   9.89209901E+04   9.89209901E+04   2.46767839E+05   4.68330463E+05   4.68330463E+05
   6.84000000E-02   1.79600857E+05   9.47763164E+04   9.47763164E+04   2.36928366E+05   4.50559055E+05   4.50559055E+05
   6.86000000E-02   1.72102012E+05   9.08037459E+04   9.08037459E+04   2.27479229E+05   4.33454494E+05   4.33454494E+05
   6.88000000E-02   1.64912964E+05   8.69962036E+04   8.69962036E+04   2.18405047E+05   4.16992089E+05   4.16992089E+05
   6.90000000E-02   1.58021071E+05   8.33469021E+04   8.33469021E+04   2.09691040E+05   4.01148049E+05   4.01148049E+05
   6.92000000E-02   1.51414202E+05   7.98493301E+04   7.98493301E+04   2.01323005E+05   3.85899449E+05   3.85899449E+05
   6.94000000E-02   1.45080712E+05   7.64972410E+04   7.64972410E+04   1.93287294E+05   3.71224201E+05   3.71224201E+05
   6.96000000E-02   1.39009426E+05   7.32846428E+04   7.32846428E+04   1.85570793E+05   3.57101025E+05   3.57101025E+05
   6.98000000E-02   1.33189618E+05   7.02057876E+04   7.02057876E+04   1.78160902E+05   3.43509416E+05   3.43509416E+05
   7.00000000E-02   1.27610996E+05   6.72551616E+04   6.72551616E+04   1.71045512E+05   3.30429622E+05   3.30429622E+05
   7.02000000E-02   1.22263682E+05   6.44274758E+04   6.44274758E+04   1.64212990E+05   3.17842610E+05   3.17842610E+05
   7.04000000E-02   1.17138198E+05   6.17176572E+04   6.17176572E+04   1.57652159E+05   3.05730047E+05   3.05730047E+05
   7.06000000E-02   1.12225449E+05   5.91208398E+04   5.91208398E+04   1.51352279E+05   2.94074271E+05   2.94074271E+05
   7.08000000E-02   1.07516706E+05   5.66323562E+04   5.66323562E+04   1.45303032E+05   2.82858267E+05   2.82858267E+05
   7.10000000E-02   1.03003595E+05   5.42477299E+04   5.42477299E+04   1.39494504E+05   2.72065645E+05   2.72065645E+05
   7.12000000E-02   9.86780813E+04   5.19626673E+04   5.19626673E+04   1.33917172E+05   2.61680616E+05   2.61680616E+05
   7.14000000E-02   9.45324549E+04   4.97730505E+04   4.97730505E+04   1.28561884E+05   2.51687974E+05   2.51687974E+05
   7.16000000E-02   9.05593186E+04   4.76749300E+04   4.76749300E+04   1.23419850E+05   2.42073068E+05   2.42073068E+05
   7.18000000E-02   8.67515755E+04   4.56645182E+04   4.56645182E+04   1.18482624E+05   2.32821790E+05   2.32821790E+05
   7.20000000E-02   8.31024169E+04   4.37381826E+04   4.37381826E+04   1.13742093E+05   2.23920549E+05   2.23920549E+05
   7.22000000E-02   7.96053107E+04   4.18924394E+04   4.18924394E+04   1.09190463E+05   2.15356255E+05   2.15356255E+05
   7.24000000E-02   7.62539902E+04   4.01239479E+04   4.01239479E+04   1.04820245E+05   2.07116302E+05   2.07116302E+05
   7.26000000E-02   7.30424441E+04   3.84295043E+04   3.84295043E+04   1.00624248E+05   1.99188549E+05   1.99188549E+05
   7.28000000E-02   6.99649054E+04   3.68060365E+04   3.68060365E+04   9.65955608E+04   1.91561301E+05   1.91561301E+05
   7.30000000E-02   6.70158422E+04   3.52505983E+04   3.52505983E+04   9.27275466E+04   1.84223298E+05   1.84223298E+05
   7.32000000E-02   6.41899481E+04   3.37603647E+04   3.37603647E+04   8.90138294E+04   1.77163694E+05   1.77163694E+05
   7.34000000E-02   6.14821332E+04   3.23326268E+04   3.23326268E+04   8.54482845E+04   1.70372046E+05   1.70372046E+05
   7.36000000E-02   5.88875153E+04   3.09647872E+04   3.09647872E+04   8.20250289E+04   1.63838295E+05   1.63838295E+05
   7.38000000E-02   5.64014115E+04   2.96543553E+04   2.96543553E+04   7.87384116E+04   1.57552758E+05   1.57552758E+05
   7.40000000E-02   5.40193304E+04   2.83989429E+04   2.83989429E+04   7.55830046E+04   1.51506108E+05   1.51506108E+05
   7.42000000E-02   5.17369642E+04   2.71962604E+04   2.71962604E+04   7.25535942E+04   1.45689366E+05   1.45689366E+05
   7.44000000E-02   4.95501813E+04   2.60441125E+04   2.60441125E+04   6.96451726E+04   1.40093883E+05   1.40093883E+05
   7.46000000E-02   4.74550194E+04   2.49403942E+04   2.49403942E+04   6.68529298E+04   1.34711335E+05   1.34711335E+05
   7.48000000E-02   4.54476785E+04   2.38830876E+04   2.38830876E+04   6.41722460E+04   1.29533705E+05   1.29533705E+05
   7.50000000E-02   4.35245141E+04   2.28702578E+04   2.28702578E+04   6.15986838E+04   1.24553274E+05   1.24553274E+05
   7.52000000E-02   4.16820315E+04   2.19000501E+04   2.19000501E+04   5.91279814E+04   1.19762611E+05   1.19762611E+05
   7.54000000E-02   3.99168792E+04   2.09706860E+04   2.09706860E+04   5.67560456E+04   1.15154560E+05   1.15154560E+05
   7.56000000E-02   3.82258435E+04   2.00804608E+04   2.00804608E+04   5.44789451E+04   1.10722234E+05   1.10722234E+05
   7.58000000E-02   3.66058426E+04   1.92277403E+04   1.92277403E+04   5.22929043E+04   1.06459001E+05   1.06459001E+05
   7.60000000E-02   3.50539215E+04   1.84109576E+04   1.84109576E+04   5.01942969E+04   1.02358475E+05   1.02358475E+05
   7.62000000E-02   3.35672465E+04   1.76286110E+04   1.76286110E+04   4.81796404E+04   9.84145103E+04   9.84145103E+04
   7.64000000E-02   3.21431009E+04   1.68792607E+04   1.68792607E+04   4.62455902E+04   9.46211901E+04   9.46211901E+04
   7.66000000E-02   3.07788795E+04   1.61615266E+04   1.61615266E+04   4.43889342E+04   9.09728182E+04   9.09728182E+04
   7.68000000E-02   2.94720848E+04   1.54740858E+04   1.54740858E+04   4.26065876E+04   8.74639112E+04   8.74639112E+04
   7.70000000E-02   2.82203219E+04   1.48156703E+04   1.48156703E+04   4.08955881E+04   8.40891909E+04   8.40891909E+04
   7.72000000E-02   2.70212950E+04   1.41850646E+04   1.41850646E+04   3.92530908E+04   8.08435764E+04   8.08435764E+04
   7.74000000E-02   2.58728029E+04   1.35811037E+04   1.35811037E+04   3.76763635E+04   7.77221770E+04   7.77221770E+04
   7.76000000E-02   2.47727353E+04   1.30026709E+04   1.30026709E+04   3.61627826E+04   7.47202851E+04   7.47202851E+04
   7.78000000E-02   2.37190690E+04   1.24486960E+04   1.24486960E+04   3.47098286E+04   7.18333695E+04   7.18333695E+04
   7.80000000E-02   2.27098647E+04   1.19181531E+04   1.19181531E+04   3.33150821E+04   6.90570689E+04   6.90570689E+04
   7.82000000E-02   2.17432630E+04   1.14100590E+04   1.14100590E+04   3.19762197E+04   6.63871856E+04   6.63871856E+04
   7.84000000E-02   2.08174817E+04   1.09234714E+04   1.09234714E+04   3.06910104E+04   6.38196791E+04   6.38196791E+04
   7.86000000E-02   1.99308121E+04   1.04574872E+04   1.04574872E+04   2.94573117E+04   6.13506611E+04   6.13506611E+04
   7.88000000E-02   1.90816166E+04   1.00112409E+04   1.00112409E+04   2.82730663E+04   5.89763889E+04   5.89763889E+04
   7.90000000E-02   1.82683254E+04   9.58390304E+03   9.58390304E+03   2.71362989E+04   5.66932608E+04   5.66932608E+04
   7.92000000E-02   1.74894335E+04   9.17467869E+03   9.17467869E+03   2.60451125E+04   5.44978103E+04   5.44978103E+04
   7.94000000E-02   1.67434988E+04   8.78280604E+03   8.78280604E+03   2.49976857E+04   5.23867014E+04   5.23867014E+04
   7.96000000E-02   1.60291386E+04   8.40755507E+03   8.40755507E+03   2.39922695E+04   5.03567237E+04   5.03567237E+04
   7.98000000E-02   1.53450281E+04   8.04822619E+03   8.04822619E+03   2.30271844E+04   4.84047876E+04   4.84047876E+04
   8.00000000E-02   1.46898971E+04   7.70414899E+03   7.70414899E+03   2.21008181E+04   4.65279201E+04   4.65279201E+04
   8.02000000E-02   1.40625285E+04   7.37468108E+03   7.37468108E+03   2.12116220E+04   4.47232600E+04   4.47232600E+04
   8.04000000E-02   1.34617557E+04   7.05920686E+03   7.05920686E+03   2.03581097E+04   4.29880542E+04   4.29880542E+04
   8.06000000E-02   1.28864607E+04   6.75713648E+03   6.75713648E+03   1.95388535E+04   4.13196535E+04   4.13196535E+04
   8.08000000E-02   1.23355720E+04   6.46790473E+03   6.46790473E+03   1.87524830E+04   3.97155085E+04   3.97155085E+04
   8.10000000E-02   1.18080628E+04   6.19097002E+03   6.19097002E+03   1.79976821E+04   3.81731662E+04   3.81731662E+04
   8.12000000E-02   1.13029489E+04   5.92581344E+03   5.92581344E+03   1.72731874E+04   3.66902665E+04   3.66902665E+04
   8.14000000E-02   1.08192875E+04   5.67193778E+03   5.67193778E+03   1.65777857E+04   3.52645382E+04   3.52645382E+04
   8.16000000E-02   1.03561747E+04   5.42886665E+03   5.42886665E+03   1.59103123E+04   3.38937961E+04   3.38937961E+04
   8.18000000E-02   9.91274472E+03   5.19614362E+03   5.19614362E+03   1.52696488E+04   3.25759378E+04   3.25759378E+04
   8.20000000E-02   9.48816761E+03   4.97333135E+03   4.97333135E+03   1.46547215E+04   3.13089404E+04   3.13089404E+04
   8.22000000E-02   9.08164825E+03   4.76001088E+03   4.76001088E+03   1.40644997E+04   3.00908577E+04   3.00908577E+04
   8.24000000E-02   8.69242472E+03   4.55578079E+03   4.55578079E+03   1.34979934E+04   2.89198170E+04   2.89198170E+04
   8.26000000E-02   8.31976696E+03   4.36025649E+03   4.36025649E+03   1.29542527E+04   2.77940168E+04   2.77940168E+04
   8.28000000E-02   7.96297544E+03   4.17306956E+03   4.17306956E+03   1.24323651E+04   2.67117240E+04   2.67117240E+04
   8.30000000E-02   7.62137990E+03   3.99386702E+03   3.99386702E+03   1.19314549E+04   2.56712711E+04   2.56712711E+04
   8.32000000E-02   7.29433817E+03   3.82231072E+03   3.82231072E+03   1.14506811E+04   2.46710539E+04   2.46710539E+04
   8.34000000E-02   6.98123493E+03   3.65807673E+03   3.65807673E+03   1.09892365E+04   2.37095292E+04   2.37095292E+04
   8.36000000E-02   6.68148070E+03   3.50085473E+03   3.50085473E+03   1.05463461E+04   2.27852123E+04   2.27852123E+04
   8.38000000E-02   6.39451068E+03   3.35034743E+03   3.35034743E+03   1.01212657E+04   2.18966752E+04   2.18966752E+04
   8.40000000E-02   6.11978376E+03   3.20627008E+03   3.20627008E+03   9.71328120E+03   2.10425439E+04   2.10425439E+04
   8.42000000E-02   5.85678154E+03   3.06834987E+03   3.06834987E+03   9.32170670E+03   2.02214969E+04   2.02214969E+04
   8.44000000E-02   5.60500740E+03   2.93632552E+03   2.93632552E+03   8.94588390E+03   1.94322628E+04   1.94322628E+04
   8.46000000E-02   5.36398554E+03   2.80994671E+03   2.80994671E+03   8.58518079E+03   1.86736187E+04   1.86736187E+04
   8.48000000E-02   5.13326019E+03   2.68897369E+03   2.68897369E+03   8.23899062E+03   1.79443884E+04   1.79443884E+04
   8.50000000E-02   4.91239470E+03   2.57317682E+03   2.57317682E+03   7.90673093E+03   1.72434403E+04   1.72434403E+04
   8.52000000E-02   4.70097082E+03   2.46233612E+03   2.46233612E+03   7.58784256E+03   1.65696860E+04   1.65696860E+04
   8.54000000E-02   4.49858787E+03   2.35624090E+03   2.35624090E+03   7.28178873E+03   1.59220788E+04   1.59220788E+04
   8.56000000E-02   4.30486203E+03   2.25468936E+03   2.25468936E+03   6.98805413E+03   1.52996117E+04   1.52996117E+04
   8.58000000E-02   4.11942565E+03   2.15748822E+03   2.15748822E+03   6.70614409E+03   1.47013162E+04   1.47013162E+04
   8.60000000E-02   3.94192658E+03   2.06445234E+03   2.06445234E+03   6.43558375E+03   1.41262609E+04   1.41262609E+04
   8.62000000E-02   3.77202748E+03   1.97540442E+03   1.97540442E+03   6.17591725E+03   1.35735499E+04   1.35735499E+04
   8.64000000E-02   3.60940525E+03   1.89017466E+03   1.89017466E+03   5.92670698E+03   1.30423214E+04   1.30423214E+04
   8.66000000E-02   3.45375040E+03   1.80860042E+03   1.80860042E+03   5.68753288E+03   1.25317468E+04   1.25317468E+04
   8.68000000E-02   3.30476653E+03   1.73052593E+03   1.73052593E+03   5.45799171E+03   1.20410289E+04   1.20410289E+04
   8.70000000E-02   3.16216972E+03   1.65580202E+03   1.65580202E+03   5.23769638E+03   1.15694014E+04   1.15694014E+04
   8.72000000E-02   3.02568804E+03   1.58428585E+03   1.58428585E+03   5.02627532E+03   1.11161270E+04   1.11161270E+04
   8.74000000E-02   2.89506106E+03   1.51584059E+03   1.51584059E+03   4.82337184E+03   1.06804966E+04   1.06804966E+04
   8.76000000E-02   2.77003934E+03   1.45033523E+03   1.45033523E+03   4.62864355E+03   1.02618286E+04   1.02618286E+04
   8.78000000E-02   2.65038401E+03   1.38764431E+03   1.38764431E+03   4.44176181E+03   9.85946723E+03   9.85946723E+03
   8.80000000E-02   2.53586626E+03   1.32764766E+03   1.32764766E+03   4.26241112E+03   9.47278193E+03   9.47278193E+03
   8.82000000E-02   2.42626701E+03   1.27023024E+03   1.27023024E+03   4.09028865E+03   9.10116635E+03   9.10116635E+03
   8.84000000E-02   2.32137642E+03   1.21528186E+03   1.21528186E+03   3.92510372E+03   8.74403740E+03   8.74403740E+03
   8.86000000E-02   2.22099354E+03   1.16269702E+03   1.16269702E+03   3.76657731E+03   8.40083434E+03   8.40083434E+03
   8.88000000E-02   2.12492593E+03   1.11237468E+03   1.11237468E+03   3.61444159E+03   8.07101799E+03   8.07101799E+03
   8.90000000E-02   2.03298931E+03   1.06421812E+03   1.06421812E+03   3.46843946E+03   7.75406986E+03   7.75406986E+03
   8.92000000E-02   1.94500721E+03   1.01813468E+03   1.01813468E+03   3.32832415E+03   7.44949139E+03   7.44949139E+03
   8.94000000E-02   1.86081064E+03   9.74035690E+02   9.74035690E+02   3.19385881E+03   7.15680318E+03   7.15680318E+03
   8.96000000E-02   1.78023779E+03   9.31836206E+02   9.31836206E+02   3.06481607E+03   6.87554426E+03   6.87554426E+03
   8.98000000E-02   1.70313368E+03   8.91454911E+02   8.91454911E+02   2.94097771E+03   6.60527139E+03   6.60527139E+03
   9.00000000E-02   1.62934996E+03   8.52813946E+02   8.52813946E+02   2.82213424E+03   6.34555839E+03   6.34555839E+03
   9.02000000E-02   1.55874454E+03   8.15838761E+02   8.15838761E+02   2.70808462E+03   6.09599549E+03   6.09599549E+03
   9.04000000E-02   1.49118139E+03   7.80457978E+02   7.80457978E+02   2.59863586E+03   5.85618868E+03   5.85618868E+03
   9.06000000E-02   1.42653025E+03   7.46603258E+02   7.46603258E+02   2.49360271E+03   5.62575914E+03   5.62575914E+03
   9.08000000E-02   1.36466640E+03   7.14209172E+02   7.14209172E+02   2.39280740E+03   5.40434266E+03   5.40434266E+03
   9.10000000E-02   1.30547042E+03   6.83213077E+02   6.83213077E+02   2.29607926E+03   5.19158903E+03   5.19158903E+03
   9.12000000E-02   1.24882797E+03   6.53554998E+02   6.53554998E+02   2.20325450E+03   4.98716159E+03   4.98716159E+03
   9.14000000E-02   1.19462959E+03   6.25177517E+02   6.25177517E+02   2.11417592E+03   4.79073663E+03   4.79073663E+03
   9.16000000E-02   1.14277047E+03   5.98025665E+02   5.98025665E+02   2.02869260E+03   4.60200295E+03   4.60200295E+03
   9.18000000E-02   1.09315025E+03   5.72046815E+02   5.72046815E+02   1.94665973E+03   4.42066135E+03   4.42066135E+03
   9.20000000E-02   1.04567287E+03   5.47190587E+02   5.47190587E+02   1.86793828E+03   4.24642420E+03   4.24642420E+03
   9.22000000E-02   1.00024635E+03   5.23408750E+02   5.23408750E+02   1.79239485E+03   4.07901496E+03   4.07901496E+03
   9.24000000E-02   9.56782630E+02   5.00655131E+02   5.00655131E+02   1.71990137E+03   3.91816780E+03   3.91816780E+03
   9.26000000E-02   9.15197416E+02   4.78885531E+02   4.78885531E+02   1.65033493E+03   3.76362713E+03   3.76362713E+03
   9.28000000E-02   8.75410000E+02   4.58057636E+02   4.58057636E+02   1.58357757E+03   3.61514727E+03   3.61514727E+03
   9.30000000E-02   8.37343122E+02   4.38130943E+02   4.38130943E+02   1.51951607E+03   3.47249204E+03   3.47249204E+03
   9.32000000E-02   8.00922820E+02   4.19066677E+02   4.19066677E+02   1.45804175E+03   3.33543439E+03   3.33543439E+03
   9.34000000E-02   7.66078290E+02   4.00827724E+02   4.00827724E+02   1.39905033E+03   3.20375605E+03   3.20375605E+03
   9.36000000E-02   7.32741752E+02   3.83378555E+02   3.83378555E+02   1.34244170E+03   3.07724723E+03   3.07724723E+03
   9.38000000E-02   7.00848324E+02   3.66685162E+02   3.66685162E+02   1.28811979E+03   2.95570623E+03   2.95570623E+03
   9.40000000E-02   6.70335896E+02   3.50714992E+02   3.50714992E+02   1.23599238E+03   2.83893917E+03   2.83893917E+03
   9.42000000E-02   6.41145015E+02   3.35436885E+02   3.35436885E+02   1.18597100E+03   2.72675972E+03   2.72675972E+03
   9.44000000E-02   6.13218770E+02   3.20821016E+02   3.20821016E+02   1.13797069E+03   2.61898872E+03   2.61898872E+03
   9.46000000E-02   5.86502685E+02   3.06838838E+02   3.06838838E+02   1.09190994E+03   2.51545400E+03   2.51545400E+03
   9.48000000E-02   5.60944617E+02   2.93463027E+02   2.93463027E+02   1.04771052E+03   2.41599004E+03   2.41599004E+03
   9.50000000E-02   5.36494655E+02   2.80667428E+02   2.80667428E+02   1.00529734E+03   2.32043776E+03   2.32043776E+03
   9.52000000E-02   5.13105025E+02   2.68427010E+02   2.68427010E+02   9.64598337E+02   2.22864425E+03   2.22864425E+03
   9.54000000E-02   4.90730000E+02   2.56717814E+02   2.56717814E+02   9.25544353E+02   2.14046254E+03   2.14046254E+03
   9.56000000E-02   4.69325812E+02   2.45516910E+02   2.45516910E+02   8.88069012E+02   2.05575135E+03   2.05575135E+03
   9.58000000E-02   4.48850572E+02   2.34802350E+02   2.34802350E+02   8.52108610E+02   1.97437492E+03   1.97437492E+03
   9.60000000E-02   4.29264184E+02   2.24553130E+02   2.24553130E+02   8.17602009E+02   1.89620273E+03   1.89620273E+03
   9.62000000E-02   4.10528274E+02   2.14749146E+02   2.14749146E+02   7.84490537E+02   1.82110937E+03   1.82110937E+03
   9.64000000E-02   3.92606114E+02   2.05371160E+02   2.05371160E+02   7.52717882E+02   1.74897428E+03   1.74897428E+03
   9.66000000E-02   3.75462552E+02   1.96400758E+02   1.96400758E+02   7.22230001E+02   1.67968159E+03   1.67968159E+03
   9.68000000E-02   3.59063946E+02   1.87820318E+02   1.87820318E+02   6.92975030E+02   1.61311997E+03   1.61311997E+03
   9.70000000E-02   3.43378099E+02   1.79612976E+02   1.79612976E+02   6.64903195E+02   1.54918238E+03   1.54918238E+03
   9.72000000E-02   3.28374196E+02   1.71762593E+02   1.71762593E+02   6.37966727E+02   1.48776599E+03   1.48776599E+03
   9.74000000E-02   3.14022748E+02   1.64253723E+02   1.64253723E+02   6.12119780E+02   1.42877193E+03   1.42877193E+03
   9.76000000E-02   3.00295533E+02   1.57071587E+02   1.57071587E+02   5.87318361E+02   1.37210521E+03   1.37210521E+03
   9.78000000E-02   2.87165542E+02   1.50202040E+02   1.50202040E+02   5.63520245E+02   1.31767454E+03   1.31767454E+03
   9.80000000E-02   2.74606928E+02   1.43631546E+02   1.43631546E+02   5.40684913E+02   1.26539218E+03   1.26539218E+03
   9.82000000E-02   2.62594957E+02   1.37347153E+02   1.37347153E+02   5.18773477E+02   1.21517382E+03   1.21517382E+03
   9.84000000E-02   2.51105958E+02   1.31336465E+02   1.31336465E+02   4.97748618E+02   1.16693842E+03   1.16693842E+03
   9.86000000E-02   2.40117279E+02   1.25587622E+02   1.25587622E+02   4.77574523E+02   1.12060814E+03   1.12060814E+03
   9.88000000E-02   2.29607246E+02   1.20089273E+02   1.20089273E+02   4.58216820E+02   1.07610812E+03   1.07610812E+03
   9.90000000E-02   2.19555116E+02   1.14830560E+02   1.14830560E+02   4.39642527E+02   1.03336648E+03   1.03336648E+03
   9.92000000E-02   2.09941041E+02   1.09801088E+02   1.09801088E+02   4.21819990E+02   9.92314111E+02   9.92314111E+02
   9.94000000E-02   2.00746028E+02   1.04990915E+02   1.04990915E+02   4.04718831E+02   9.52884611E+02   9.52884611E+02
   9.96000000E-02   1.91951902E+02   1.00390525E+02   1.00390525E+02   3.88309900E+02   9.15014176E+02   9.15014176E+02
   9.98000000E-02   1.83541275E+02   9.59908143E+01   9.59908143E+01   3.72565220E+02   8.78641494E+02   8.78641494E+02
   1.00000000E-01   1.75497505E+02   9.17830710E+01   9.17830710E+01   3.57457946E+02   8.43707648E+02   8.43707648E+02