channel                 nue_Ar40             nuebar_Ar40                      nc                       e
E                                                                                                       
0.000749                       0                       0                       0             0.131894352
0.001246                       0                       0                       0             0.155808018
0.001744                       0                       0                       0              0.31695246
0.002241                       0                       0                       0              0.88588386
0.002739                       0                       0                       0              1.65894354
0.003236                0.176154                       0                       0               2.8548756
0.003734                0.465795                       0                       0               4.0351716
0.004231                 0.86397                       0                       0               5.5718532
0.004729                 1.48588                       0                       0               7.1287128
0.005226                 2.18464                       0                       0               8.5433526
0.005724                 3.01755                       0                       0               9.8685252
0.006221                  4.0232                       0                       0              11.2479138
0.006719                 5.19358                       0                       0               12.534831
0.007216                 6.59143                       0                       0              13.7359494
0.007714                 8.27949                       0                       0              14.8562604
0.008211                  10.286                       0              -0.4158154              15.9094782
0.008709                 12.4564                       0              -0.1897753              16.7148072
0.009206                 14.8291                       0               0.1247595               17.344053
0.009704                 17.4835                       0               0.5242118              17.9406378
0.010200                 20.4243                       0                1.009218              18.5072958
0.010700                 23.6864                       0                1.580534               19.047483
0.011200                 27.3629                       0                2.238705              19.5628248
0.011690                 31.5508                       0                2.984335              20.0562372
0.012190                 36.3366                       0                3.818135              20.5286868
0.012690                 41.0156                       0                4.673551              20.6486244
0.013190                 45.9436                       0                5.580072               20.698452
0.013680                 51.1812                       0                6.548726              20.7476208
0.014180                 56.6121                       0                 7.54194              20.7351594
0.014680                 62.2044                       0                 8.56999              20.6995338
0.015180                 67.9212                       0                  9.6449              20.6636184
0.015670                 73.7275                       0                10.77602               20.629566
0.016170                 79.5929                 0.42664                11.98224              20.5954974
0.016670                 85.5266                0.540416                13.28305               20.562912
0.017170                  91.529                0.696316                14.69379              20.5305048
0.017660                 97.6084                0.853371                 16.2282               20.499318
0.018160                 103.176                  1.0107                17.81236              20.3593392
0.018660                 107.367                 1.18527                19.31625              19.9783368
0.019160                 111.448                 1.39614                20.91872              19.6049862
0.019650                 115.437                 1.60074                22.62469              19.2411666
0.020150                 119.333                 1.80453                 24.4357              18.8860338
0.020650                  123.13                 2.04455                26.35078               18.539325
0.021150                 126.823                  2.3141                28.37245              18.2007036
0.021640                 130.404                 2.59577                30.50029              17.8696008
0.022140                 133.873                 2.88963                32.73597               17.546022
0.022640                 137.173                 3.20177                35.00214              17.2084176
0.023140                 140.337                  3.5441                37.33875              16.8725268
0.023630                  143.37                 3.91541                39.75973              16.5431826
0.024130                 146.278                 4.29275                42.26309              16.2210456
0.024630                  149.05                 4.67159                44.84159               15.904809
0.025130                 151.703                 5.08404                47.49263              15.5953368
0.025620                 154.234                 5.54958                50.20662              15.2912016
0.026120                 156.665                  6.0413                52.98823              14.9934474
0.026620                 158.604                  6.5008                55.69542              14.6645478
0.027120                 159.751                 6.90977                58.21007               14.279778
0.027610                 160.743                 7.33444                60.71855               13.901076
0.028110                 161.605                 7.79157                63.22426                13.52988
0.028610                 162.316                 8.25107                65.70568              13.1642046
0.029110                 162.902                 8.68364                68.16555              12.8056428
0.029600                 163.343                 9.08836                70.58965              12.4521768
0.030100                 163.662                 9.50011                72.97529              12.1054158
0.030600                 163.836                 9.94633                 75.3037               11.763351
0.031100                 163.889                 10.4243                 77.5751              11.4276456
0.031590                 163.796                 10.9003                 79.7675              11.0963664
0.032090                  163.58                 11.3481                 81.8808              10.7709444
0.032590                 163.218                 11.7619                 83.8962               10.449783
0.033090                 162.729                 12.1539                  85.813              10.1340648
0.033580                 162.092                 12.5323                 87.6131                9.822429
0.034080                 161.325                 12.9053                 89.3007               9.5158116
0.034580                  160.41                 13.2745                 90.8571               9.2131758
0.035080                 159.357                 13.6422                 92.2805               8.9151714
0.035570                 158.151                 14.0063                 93.5582               8.6209866
0.036070                 156.847                 14.3606                 94.8462               8.3386872
0.036570                 155.419                 14.6938                 96.1086               8.0657316
0.037070                 153.849                 15.0008                  97.244               7.7966082
0.037560                 152.121                 15.2757                 98.2389               7.5308868
0.038060                 150.245                 15.5162                 99.0955               7.2687618
0.038560                  148.21                 15.7187                 99.8039                7.009893
0.039060                 147.173                 15.9885                100.9545                 6.79905
0.039550                 147.172                 16.3395                102.5866               6.6345696
0.040050                   147.1                 16.6784                104.2573               6.4721322
0.040550                  146.95                 17.0075                105.9529               6.3116964
0.041050                 146.722                 17.3268                107.2905               6.1531722
0.041540                 146.419                 17.6349                 108.538               5.9965722
0.042040                 146.035                 17.9274                109.6871               5.8417776
0.042540                 145.571                 18.2028                110.7357                5.688855
0.043040                 145.023                 18.4637                111.6788               5.5376172
0.043530                 144.393                 18.7143                112.5174                5.388183
0.044030                 143.678                 18.9576                113.2477               5.2403508
0.044530                 142.878                  19.194                113.8668               5.0942502
0.045030                 141.985                  19.413                114.3683                4.949667
0.045520                 141.004                 19.6016                114.7539               4.8067794
0.046020                 139.925                 19.7472                115.0167                4.665303
0.046520                 138.752                 19.8416                115.1594               4.5254556
0.047020                 137.474                 19.8878                115.1723               4.3869654
0.047510                 136.096                 19.9016                115.0604               4.2500682
0.048010                 134.607                  19.895                114.8132               4.1144292
0.048510                 133.014                 19.8801                114.4365               3.9803418
0.049010                 131.304                 19.8561                113.9183               3.8474442
0.049500                 129.488                 19.8172                113.2661                3.716055
0.050000                 127.549                 19.7546                112.4668               3.5857962
0.050500                   125.5                 19.6639                111.5289                3.456999
0.051000                 123.327                 19.5386                110.4406               3.3292854
0.051490                  121.04                 19.3781                109.2098               3.2029668
0.051990                 118.626                 19.1793                107.8218               3.0777066
0.052490                 116.093                 18.9435                106.2845               2.9537712
0.052990                 113.431                 18.6685                104.5862               2.8308708
0.053480                 110.648                 18.3591                 102.735               2.7092286
0.053980                 107.735                 18.0227                100.7208              2.58860304
0.054480                 104.698                 17.6669                 98.5465              2.46917448
0.054980                 101.528                 17.2952                 96.2029              2.35073646
0.055470                 98.2331                 16.9123                 93.6979              2.23343892
0.055970                 94.8046                 16.5042                 91.0207              2.11711806
0.056470                 91.2462                 16.0578                 88.1733              2.00187648
0.056970                 87.8234                 15.6078                 85.3582              1.89272412
0.057460                 87.7461                 15.7049                 85.0713              1.84971474
0.057960                 87.9625                 15.8091                 85.5426              1.81910934
0.058460                 88.1908                 15.8932                 86.1899               1.7912547
0.058960                 88.3931                 15.9685                  86.808              1.76362956
0.059450                 88.5702                 16.0443                 87.3977              1.73623914
0.059950                 88.7225                   16.13                 87.9609              1.70907336
0.060450                 88.8476                 16.2234                 88.4922              1.68213312
0.060950                 88.9488                 16.3187                 88.9979              1.65541104
0.061440                 89.0219                 16.4053                 89.4705              1.62890352
0.061940                 89.0703                 16.4761                 89.9156              1.60261362
0.062440                 89.0905                 16.5251                 90.3269              1.57652586
0.062940                 89.0855                 16.5524                 90.7099              1.55065212
0.063430                 89.0521                 16.5658                 91.0583              1.52497242
0.063930                 88.9936                 16.5725                 91.3776              1.49950224
0.064430                  88.906                 16.5773                 91.6601              1.47421944
0.064930                 88.7949                 16.5886                 91.9143               1.4491395
0.065420                 88.6551                 16.6034                 92.1309              1.42423866
0.065920                 88.4914                 16.6196                 92.3174              1.39953834
0.066420                    88.3                   16.63                 92.4663              1.37500866
0.066920                 88.0839                 16.6306                 92.5823              1.35067824
0.067410                 87.8415                 16.6166                 92.6627              1.32650964
0.067910                 87.5735                  16.586                 92.7062              1.30253526
0.068410                 87.2803                 16.5389                 92.7155              1.27871658
0.068910                 86.9624                 16.4801                 92.6882               1.2550932
0.069400                 86.6171                 16.4122                 92.6215               1.2316122
0.069900                 86.2495                 16.3394                 92.5215              1.20832362
0.070400                 85.8541                 16.2618                 92.3806              1.18517742
0.070900                 85.4351                 16.1791                 92.2027              1.16221518
0.071390                 84.9905                  16.089                 91.9866                1.139391
0.071890                 84.5215                 15.9902                 91.7323              1.11674592
0.072390                 84.0256                 15.8806                 91.4355              1.09423872
0.072890                 83.5075                 15.7611                 91.1035              1.07190144
0.073380                 82.9625                 15.6347                 90.7291              1.04969934
0.073880                 82.3929                 15.5053                 90.3142              1.02766158
0.074380                  81.797                 15.3765                 89.8583              1.00575864
0.074880                 81.1758                 15.2517                 89.3635               0.9840123
0.075370                 80.5263                   15.13                 88.8249              0.96240006
0.075870                 79.8496                 15.0073                 88.2446               0.9409392
0.076370                 79.1444                 14.8779                  87.622              0.91960866
0.076870                 78.4113                 14.7361                 86.9583              0.89842194
0.077360                 77.6489                 14.5776                 86.2505              0.87736662
0.077860                 76.8576                 14.4008                 85.4994              0.85645152
0.078360                 76.0364                 14.2088                 84.7034              0.83566602
0.078860                 75.1863                 14.0058                 83.8659              0.81501336
0.079350                 74.3062                 13.7961                 82.9835              0.79448994
0.079850                 73.1638                 13.6101                 82.0558              0.77409396
0.080350                 72.0078                 13.4149                  81.083              0.75382308
0.080850                 71.0143                 13.1883                 80.0642              0.73368018
0.081340                  69.996                  12.954                 78.9999              0.71365842
0.081840                 68.9529                  12.712                 77.8905              0.69375708
0.082340                 67.8852                 12.4623                 76.7351              0.67397994
0.082840                 66.7924                 12.2048                 75.5321              0.65431638
0.083330                 65.6755                 11.9396                 74.2825               0.6347763
0.083830                 64.8676                 11.7759                 73.3952                0.619047
0.084330                 64.4415                 11.7381                 72.9654              0.60781194
0.084830                 64.0008                  11.697                 72.5084              0.59663844
0.085320                 63.5466                 11.6529                  72.025              0.58553568
0.085820                  63.078                 11.6056                 71.5143              0.57449106
0.086320                 62.5959                 11.5554                 70.9765              0.56351556
0.086820                 62.0994                 11.5019                 70.4101               0.5525982
0.087310                 61.5897                 11.4453                 69.8167              0.54174816
0.087810                 61.0655                 11.3856                 69.1943              0.53095302
0.088310                 60.5284                 11.3229                 68.5447              0.52022628
0.088810                  59.977                 11.2569                67.86526              0.50955354
0.089300                 59.4128                  11.188                67.15838              0.49894686
0.089800                 58.8344                 11.1159                66.42138               0.4883913
0.090300                 58.2435                 11.0409                 65.6567              0.47790126
0.090800                 57.6385                 10.9626                64.86162               0.4674609
0.091290                 57.0212                 10.8814                64.03858              0.45708552
0.091790                 56.3897                  10.797                 63.1843                 0.44676
0.092290                 55.7461                 10.7097                62.30162              0.43649748
0.092790                 55.1151                 10.6193                61.60358              0.42707736
0.093280                 54.5162                 10.5259                61.24526               0.4190454
0.093780                 53.9048                 10.4295                60.86836              0.41105106
0.094280                  53.282                 10.3301                60.47358              0.40310532
0.094780                 52.6469                 10.2276                60.05952              0.39519594
0.095270                 52.0004                 10.1222                59.62744              0.38733192
0.095770                 51.3418                 10.0137                59.17602               0.3795057
0.096270                 50.6719                 9.90238                58.70604              0.37172196
0.096770                 49.9901                 9.78799                 58.2166              0.36397674
0.097260                 49.2971                  9.6707                57.70834              0.35627292
0.097760                 48.5925                 9.55042                57.18055              0.34860672
0.098260                 47.8768                 9.42724                56.63367              0.34098066
0.098760                 47.1496                  9.3011                56.06679              0.33339186
0.099250                 46.4113                 9.17206                55.48067              0.32584176
0.099750                 45.6619                 9.04011                54.87459              0.31832946