channel                 nue_Ar40             nuebar_Ar40                      nc                       e
E                                                                                                       
0.000749                       0                       0                       0             0.008369663
0.001246                       0                       0                       0             0.010068151
0.001744                       0                       0                       0              0.02269194
0.002241                       0                       0                       0              0.06188269
0.002739                       0                       0                       0              0.11118078
0.003236                0.200589                       0                       0                0.181845
0.003734                0.517886                       0                       0               0.2491037
0.004231                0.926559                       0                       0               0.3292836
0.004729                 1.55114                       0                       0               0.4084143
0.005226                 2.24275                       0                       0               0.4802567
0.005724                 3.05653                       0                       0               0.5454404
0.006221                 4.00286                       0                       0               0.6077561
0.006719                 5.09482                       0                       0               0.6654921
0.007216                 6.39432                       0                       0               0.7193365
0.007714                  7.9602                       0                       0               0.7695774
0.008211                 9.81561                       0              -0.3796575               0.8167481
0.008709                 11.7958                       0              -0.1716584               0.8501827
0.009206                 13.9444                       0               0.1118954               0.8747758
0.009704                  16.338                       0               0.4666263               0.8981228
0.010200                 18.9781                       0                0.892231               0.9202516
0.010700                 21.8968                       0                 1.38874                0.941374
0.011200                 25.1769                       0                1.955969               0.9614849
0.011690                 28.9058                       0                2.594039               0.9807644
0.012190                 33.1584                       0                 3.30303               0.9991934
0.012690                 37.2469                       0                4.020531               0.9995351
0.013190                 41.5377                       0                4.775588               0.9969062
0.013680                 46.0755                       0                5.576836               0.9944406
0.014180                 50.7574                       0                6.394144               0.9894227
0.014680                 55.5552                       0                 7.23677               0.9836675
0.015180                 60.4312                       0                 8.11269               0.9780194
0.015670                 65.3553                       0                 9.02957               0.9725935
0.016170                    70.3                0.340587                10.00274               0.9672753
0.016670                  75.275                0.429562                11.04814               0.9621427
0.017170                 80.2802                0.551178                 12.1776               0.9571187
0.017660                 85.3239                0.672775                13.40194               0.9522515
0.018160                 89.8892                0.793659                 14.6577               0.9423691
0.018660                 93.3429                0.928395                15.85249               0.9224227
0.019160                 96.6903                 1.09086                17.12193               0.9029561
0.019650                 99.9401                 1.24761                18.46828               0.8839852
0.020150                 103.092                  1.4029                19.89203               0.8654689
0.020650                 106.141                 1.58543                21.39145               0.8473934
0.021150                 109.082                  1.7898                22.96774               0.8297396
0.021640                 111.908                 2.00238                24.61954               0.8124776
0.022140                  114.62                 2.22312                26.34738               0.7956094
0.022640                 117.183                  2.4566                28.10653               0.7784602
0.023140                 119.619                  2.7118                29.92057               0.7615507
0.023630                 121.926                 2.98755                31.79292               0.7449745
0.024130                 124.109                 3.26621                33.72142               0.7287577
0.024630                 126.161                 3.54423                35.69935               0.7128409
0.025130                 128.094                 3.84588                37.72415               0.6972615
0.025620                 129.906                 4.18555                39.78719                0.681955
0.026120                 131.618                 4.54266                 41.8917               0.6669669
0.026620                 132.999                 4.87673                43.95052                0.651065
0.027120                 133.946                 5.18181                45.91715               0.6337955
0.027610                 134.761                  5.4984                47.87658               0.6167963
0.028110                 135.467                 5.83902                49.83166               0.6001342
0.028610                 136.046                 6.18109                51.76507               0.5837219
0.029110                 136.519                 6.50266                53.67885               0.5676273
0.029600                  136.87                 6.80303                55.56172               0.5517617
0.030100                 137.118                 7.10832                57.41182               0.5361973
0.030600                 137.243                 7.43901                59.21362               0.5208431
0.031100                 137.266                 7.79302                60.96746               0.5057744
0.031590                 137.167                 8.14511                62.65592               0.4909051
0.032090                 136.962                 8.47563                64.27865               0.4762979
0.032590                 136.635                 8.78024                65.82095               0.4618825
0.033090                   136.2                 9.06805                67.28253               0.4477108
0.033580                 135.641                 9.34518                68.64834               0.4337224
0.034080                 134.971                 9.61783                  69.922                 0.41996
0.034580                 134.177                 9.88697                 71.0883               0.4063746
0.035080                 133.265                 10.1543                 72.1461               0.3929998
0.035570                 132.226                 10.4184                 73.0857               0.3797948
0.036070                 131.107                 10.6745                 74.0544               0.3671859
0.036570                 129.881                  10.914                 74.9978               0.3549796
0.037070                 128.535                 11.1333                 75.8389               0.3429459
0.037560                 127.057                  11.328                 76.5665               0.3310639
0.038060                 125.452                 11.4962                 77.1831               0.3193424
0.038560                 123.714                 11.6354                 77.6804               0.3077669
0.039060                 123.033                 11.8475                 78.6531               0.2988487
0.039550                 123.189                 12.1226                  80.012               0.2919617
0.040050                 123.291                   12.39                 81.4072               0.2851596
0.040550                 123.335                 12.6512                 82.8285               0.2784417
0.041050                 123.318                 12.9066                 83.9765               0.2718045
0.041540                 123.246                 13.1549                 85.0602               0.2652469
0.042040                 123.112                  13.393                 86.0741               0.2587662
0.042540                 122.917                 13.6198                 87.0161               0.2523624
0.043040                 122.658                 13.8373                 87.8823               0.2460289
0.043530                 122.337                 14.0487                  88.674                0.239772
0.044030                 121.951                 14.2562                 89.3879               0.2335817
0.044530                 121.501                 14.4604                 90.0223               0.2274645
0.045030                 120.981                 14.6532                 90.5717               0.2214099
0.045520                 120.393                 14.8251                 91.0382               0.2154267
0.046020                  119.73                 14.9665                 91.4158               0.2095024
0.046520                 118.996                  15.071                 91.7074               0.2036473
0.047020                 118.181                 15.1408                 91.9054               0.1978479
0.047510                 117.289                 15.1879                 92.0135               0.1921153
0.048010                 116.312                 15.2215                 92.0237               0.1864357
0.048510                 115.255                 15.2508                 91.9407               0.1808208
0.049010                 114.108                 15.2754                 91.7553               0.1752559
0.049500                 112.879                  15.291                 91.4732                0.169754
0.050000                 111.555                 15.2908                 91.0844               0.1642996
0.050500                 110.146                 15.2716                 90.5954               0.1589061
0.051000                 108.641                 15.2283                 89.9976               0.1535583
0.051490                 107.048                 15.1604                 89.2967               0.1482688
0.051990                 105.355                 15.0655                 88.4822              0.14302356
0.052490                 103.572                 14.9444                  87.559              0.13783387
0.052990                 101.687                 14.7956                 86.5189              0.13268745
0.053480                 99.7086                 14.6227                 85.3682              0.12759379
0.053980                 97.6292                 14.4315                 84.0993              0.12254247
0.054480                 95.4532                 14.2283                  82.714              0.11754133
0.054980                 93.1737                 14.0161                 81.2057              0.11258172
0.055470                 90.7972                  13.799                 79.5805              0.10766997
0.055970                 88.3165                  13.566                 77.8299              0.10279889
0.056470                 85.7345                 13.3064                 75.9555              0.09797323
0.056970                 83.4964                 13.0794                 74.2835              0.09364334
0.057460                 83.7619                 13.2102                 74.4344              0.09195529
0.057960                 84.2088                 13.3363                 75.1089              0.09072643
0.058460                 84.6573                 13.4467                 75.8703              0.08957796
0.058960                 85.0869                 13.5512                 76.6133              0.08843891
0.059450                 85.4984                 13.6574                 77.3391              0.08730949
0.059950                 85.8921                 13.7736                 78.0489              0.08618933
0.060450                 86.2658                 13.8978                 78.7379              0.08507838
0.060950                 86.6225                 14.0254                 79.4123              0.08397654
0.061440                 86.9583                 14.1472                 80.0649              0.08288362
0.061940                 87.2763                 14.2571                 80.7014              0.08179958
0.062440                 87.5734                 14.3498                  81.316              0.08072386
0.062940                 87.8522                 14.4253                 81.9134              0.07965695
0.063430                 88.1096                 14.4902                 82.4883              0.07859812
0.063930                  88.349                 14.5507                 83.0456              0.07754786
0.064430                 88.5663                 14.6113                 83.5787              0.07650526
0.064930                  88.767                 14.6792                 84.0949              0.07547119
0.065420                 88.9461                 14.7521                 84.5866              0.07444425
0.065920                 89.1082                  14.828                 85.0594              0.07342592
0.066420                 89.2497                 14.9007                 85.5084              0.07241431
0.066920                 89.3733                 14.9666                 85.9361              0.07141106
0.067410                 89.4777                 15.0215                 86.3412              0.07041442
0.067910                 89.5634                 15.0632                 86.7221              0.06942591
0.068410                  89.631                 15.0918                  87.082              0.06844361
0.068910                 89.6806                 15.1117                 87.4179               0.0674695
0.069400                   89.71                 15.1252                  87.728              0.06650128
0.069900                 89.7239                  15.136                 88.0174              0.06554093
0.070400                 89.7172                 15.1443                 88.2797              0.06458644
0.070900                 89.6936                 15.1499                 88.5184               0.0636396
0.071390                 89.6517                 15.1507                 88.7328              0.06269838
0.071890                 89.5922                 15.1453                 88.9218              0.06176464
0.072390                  89.513                 15.1319                 89.0827              0.06083638
0.072890                 89.4185                 15.1111                 89.2221              0.05991531
0.073380                 89.3043                 15.0859                 89.3329              0.05899972
0.073880                 89.1724                 15.0599                 89.4175               0.0580911
0.074380                 89.0212                 15.0369                 89.4752              0.05718775
0.074880                 88.8518                 15.0203                 89.5081              0.05629109
0.075370                 88.6609                 15.0094                 89.5118              0.05539969
0.075870                 88.4494                 15.0005                  89.488              0.05451468
0.076370                 88.2163                 14.9879                 89.4368              0.05363511
0.076870                 87.9618                 14.9659                 89.3585              0.05276146
0.077360                 87.6846                   14.93                 89.2514              0.05189323
0.077860                 87.3847                 14.8784                 89.1156              0.05103075
0.078360                 87.0612                 14.8138                 88.9502              0.05017356
0.078860                  86.715                 14.7407                  88.758              0.04932196
0.079350                 86.3447                 14.6634                 88.5358              0.04847554
0.079850                 85.6782                 14.6147                 88.2841              0.04763441
0.080350                 85.0024                 14.5597                  88.002              0.04679857
0.080850                 84.5268                 14.4743                 87.6894              0.04596774
0.081340                 84.0321                 14.3837                 87.3468              0.04514209
0.081840                 83.5183                 14.2881                 86.9749               0.0443215
0.082340                 82.9855                 14.1873                 86.5724              0.04350584
0.082840                 82.4332                 14.0813                  86.138              0.04269498
0.083330                 81.8621                 13.9702                 85.6729              0.04188917
0.083830                 81.3217                 13.8972                 85.2884              0.04114239
0.084330                 80.8127                  13.852                 84.9662              0.04044404
0.084830                 80.2857                 13.8031                 84.6162              0.03974958
0.085320                  79.742                 13.7506                 84.2401              0.03905948
0.085820                 79.1807                 13.6943                  83.836              0.03837313
0.086320                 78.6029                 13.6345                  83.405              0.03769093
0.086820                 78.0072                 13.5708                  82.945              0.03701236
0.087310                 77.3954                 13.5036                 82.4575              0.03633803
0.087810                 76.7658                 13.4325                 81.9409              0.03566705
0.088310                 76.1202                  13.358                 81.3962              0.03500036
0.088810                 75.4571                 13.2796                 80.8219              0.03433696
0.089300                 74.7782                 13.1977                 80.2198              0.03367773
0.089800                 74.0819                  13.112                 79.5869              0.03302164
0.090300                 73.3702                 13.0229                 78.9263              0.03236967
0.090800                 72.6411                   12.93                78.23496              0.03172079
0.091290                 71.8968                 12.8336                77.51478              0.03107588
0.091790                 71.1352                 12.7334                 76.7635              0.03043414
0.092290                 70.3587                 12.6297                75.98326              0.02979617
0.092790                 69.5903                 12.5224                75.37626              0.02920325
0.093280                   68.83                 12.4116                74.93384              0.02865233
0.093780                 68.0538                 12.2971                74.46792              0.02810398
0.094280                 67.2632                 12.1792                73.98018              0.02755892
0.094780                 66.4569                 12.0576                  73.469              0.02701642
0.095270                 65.6363                 11.9325                 72.9351              0.02647691
0.095770                 64.8003                 11.8039                72.37794              0.02594011
0.096270                 63.9501                 11.6718                71.79778              0.02540613
0.096770                 63.0848                 11.5361                71.19372              0.02487481
0.097260                 62.2053                  11.397                70.56648              0.02434639
0.097760                 61.3111                 11.2543                69.91548              0.02382054
0.098260                 60.4028                 11.1082                69.24062              0.02329742
0.098760                   59.48                 10.9587                68.54166              0.02277684
0.099250                 58.5432                 10.8057                67.81886              0.02225888
0.099750                 57.5922                 10.6492                67.07154              0.02174355