# TBinMid=0.0565 ssec TBinWidth=0.01 ss EBinWidth=0.2MeV Fluence at Earth for this timebin in neutrinos per cm^2
# E(GeV)	NuE	NuMu	NuTau	aNuE	aNuMu	aNuTau
   1.38589050E-13   2.51029188E+17   6.38650909E+17   6.38650909E+17   1.63437847E+17   2.16379940E+17   2.16379940E+17
   2.00000000E-04   4.48872016E+08   1.14198880E+09   1.14198880E+09   2.92247592E+08   3.86914767E+08   3.86914767E+08
   4.00000000E-04   2.28953816E+08   5.82488292E+08   5.82488292E+08   1.49065210E+08   1.97351604E+08   1.97351604E+08
   6.00000000E-04   1.54397710E+08   3.92807858E+08   3.92807858E+08   1.00523885E+08   1.33086385E+08   1.33086385E+08
   8.00000000E-04   1.16735812E+08   2.96991092E+08   2.96991092E+08   7.60033123E+07   1.00622912E+08   1.00622912E+08
   1.00000000E-03   9.39704134E+07   2.39072956E+08   2.39072956E+08   6.11814194E+07   8.09997936E+07   8.09997936E+07
   1.20000000E-03   7.87047908E+07   2.00235226E+08   2.00235226E+08   5.12424139E+07   6.78412660E+07   6.78412660E+07
   1.40000000E-03   1.01749462E+08   2.81327885E+08   2.81327885E+08   7.72988385E+07   8.94770192E+07   8.94770192E+07
   1.60000000E-03   1.18052520E+08   3.68300196E+08   3.68300196E+08   9.43760176E+07   1.03386945E+08   1.03386945E+08
   1.80000000E-03   1.33265673E+08   4.26055506E+08   4.26055506E+08   1.17652942E+08   1.18940059E+08   1.18940059E+08
   2.00000000E-03   1.77867474E+08   4.81250855E+08   4.81250855E+08   2.13684298E+08   1.75208886E+08   1.75208886E+08
   2.20000000E-03   2.31664483E+08   1.00950844E+09   1.00950844E+09   2.82907482E+08   2.15336063E+08   2.15336063E+08
   2.40000000E-03   2.75447122E+08   1.50393861E+09   1.50393861E+09   3.33517896E+08   2.44301295E+08   2.44301295E+08
   2.60000000E-03   3.07829971E+08   1.87953085E+09   1.87953085E+09   3.70857632E+08   2.65342360E+08   2.65342360E+08
   2.80000000E-03   3.82503092E+08   2.19409474E+09   2.19409474E+09   5.28413570E+08   3.50700316E+08   3.50700316E+08
   3.00000000E-03   4.42650143E+08   2.43867000E+09   2.43867000E+09   6.57359252E+08   4.20252011E+08   4.20252011E+08
   3.20000000E-03   4.90094814E+08   2.62901635E+09   2.62901635E+09   7.60249758E+08   4.75484836E+08   4.75484836E+08
   3.40000000E-03   5.37357653E+08   2.99067523E+09   2.99067523E+09   8.42817801E+08   5.19567982E+08   5.19567982E+08
   3.60000000E-03   5.80885488E+08   3.40811711E+09   3.40811711E+09   9.09338217E+08   5.54862252E+08   5.54862252E+08
   3.80000000E-03   6.16071786E+08   3.75171761E+09   3.75171761E+09   9.63049350E+08   5.83154157E+08   5.83154157E+08
   4.00000000E-03   6.88460124E+08   4.05842878E+09   4.05842878E+09   1.07546480E+09   6.56386571E+08   6.56386571E+08
   4.20000000E-03   7.55412052E+08   4.31622504E+09   4.31622504E+09   1.17953825E+09   7.25085593E+08   7.25085593E+08
   4.40000000E-03   8.11847792E+08   4.53055219E+09   4.53055219E+09   1.26725362E+09   7.83099837E+08   7.83099837E+08
   4.60000000E-03   8.59515841E+08   4.70878430E+09   4.70878430E+09   1.34133128E+09   8.32200623E+08   8.32200623E+08
   4.80000000E-03   8.99827153E+08   4.85685777E+09   4.85685777E+09   1.40396637E+09   8.73817818E+08   8.73817818E+08
   5.00000000E-03   9.33929877E+08   4.97959168E+09   4.97959168E+09   1.45694514E+09   9.09115380E+08   9.09115380E+08
   5.20000000E-03   9.62765493E+08   5.08092783E+09   5.08092783E+09   1.50173225E+09   9.39048098E+08   9.39048098E+08
   5.40000000E-03   9.82698989E+08   5.06696750E+09   5.06696750E+09   1.53953717E+09   9.64404703E+08   9.64404703E+08
   5.60000000E-03   9.96912316E+08   4.99623073E+09   4.99623073E+09   1.57136507E+09   9.85840978E+08   9.85840978E+08
   5.80000000E-03   1.02807047E+09   4.93688034E+09   4.93688034E+09   1.61982646E+09   1.02435162E+09   1.02435162E+09
   6.00000000E-03   1.05669251E+09   4.87866812E+09   4.87866812E+09   1.66356900E+09   1.05968074E+09   1.05968074E+09
   6.20000000E-03   1.08147212E+09   4.82083649E+09   4.82083649E+09   1.70138777E+09   1.09052580E+09   1.09052580E+09
   6.40000000E-03   1.10289232E+09   4.76355742E+09   4.76355742E+09   1.73402895E+09   1.11744282E+09   1.11744282E+09
   6.60000000E-03   1.12136658E+09   4.70696344E+09   4.70696344E+09   1.76213117E+09   1.14090830E+09   1.14090830E+09
   6.80000000E-03   1.13725034E+09   4.65115559E+09   4.65115559E+09   1.78624336E+09   1.16133226E+09   1.16133226E+09
   7.00000000E-03   1.15085035E+09   4.59620972E+09   4.59620972E+09   1.80683915E+09   1.17906899E+09   1.17906899E+09
   7.20000000E-03   1.16243231E+09   4.54218149E+09   4.54218149E+09   1.82432873E+09   1.19442570E+09   1.19442570E+09
   7.40000000E-03   1.17222717E+09   4.48911034E+09   4.48911034E+09   1.83906857E+09   1.20766973E+09   1.20766973E+09
   7.60000000E-03   1.18043632E+09   4.43702267E+09   4.43702267E+09   1.85136949E+09   1.21903450E+09   1.21903450E+09
   7.80000000E-03   1.18723591E+09   4.38593447E+09   4.38593447E+09   1.86150328E+09   1.22872440E+09   1.22872440E+09
   8.00000000E-03   1.19278047E+09   4.33585331E+09   4.33585331E+09   1.86970834E+09   1.23691897E+09   1.23691897E+09
   8.20000000E-03   1.19720593E+09   4.28678005E+09   4.28678005E+09   1.87619431E+09   1.24377634E+09   1.24377634E+09
   8.40000000E-03   1.19242280E+09   4.23441913E+09   4.23441913E+09   1.85710013E+09   1.23737260E+09   1.23737260E+09
   8.60000000E-03   1.18190901E+09   4.11244949E+09   4.11244949E+09   1.83174347E+09   1.22744071E+09   1.22744071E+09
   8.80000000E-03   1.16944602E+09   3.95163276E+09   3.95163276E+09   1.80713874E+09   1.21753688E+09   1.21753688E+09
   9.00000000E-03   1.15722053E+09   3.79944347E+09   3.79944347E+09   1.78325342E+09   1.20767784E+09   1.20767784E+09
   9.20000000E-03   1.14523068E+09   3.65525529E+09   3.65525529E+09   1.76005668E+09   1.19787767E+09   1.19787767E+09
   9.40000000E-03   1.13347387E+09   3.51849926E+09   3.51849926E+09   1.73751930E+09   1.18814820E+09   1.18814820E+09
   9.60000000E-03   1.12194697E+09   3.38865739E+09   3.38865739E+09   1.71561360E+09   1.17849927E+09   1.17849927E+09
   9.80000000E-03   1.11064641E+09   3.26525725E+09   3.26525725E+09   1.69431330E+09   1.16893909E+09   1.16893909E+09
   1.00000000E-02   1.09956827E+09   3.14786711E+09   3.14786711E+09   1.67359352E+09   1.15947440E+09   1.15947440E+09
   1.02000000E-02   1.08870838E+09   3.03609173E+09   3.03609173E+09   1.65343065E+09   1.15011074E+09   1.15011074E+09
   1.04000000E-02   1.07806239E+09   2.92956867E+09   2.92956867E+09   1.63380231E+09   1.14085256E+09   1.14085256E+09
   1.06000000E-02   1.06762581E+09   2.82796499E+09   2.82796499E+09   1.61468724E+09   1.13170341E+09   1.13170341E+09
   1.08000000E-02   1.05739406E+09   2.73097439E+09   2.73097439E+09   1.59606527E+09   1.12266605E+09   1.12266605E+09
   1.10000000E-02   1.04736252E+09   2.63831460E+09   2.63831460E+09   1.57791725E+09   1.11374258E+09   1.11374258E+09
   1.12000000E-02   1.03752655E+09   2.54972518E+09   2.54972518E+09   1.56022497E+09   1.10493448E+09   1.10493448E+09
   1.14000000E-02   1.02788150E+09   2.46496541E+09   2.46496541E+09   1.54297116E+09   1.09624276E+09   1.09624276E+09
   1.16000000E-02   1.01842278E+09   2.38381257E+09   2.38381257E+09   1.52613935E+09   1.08766799E+09   1.08766799E+09
   1.18000000E-02   1.00914583E+09   2.30606024E+09   2.30606024E+09   1.50971391E+09   1.07921035E+09   1.07921035E+09
   1.20000000E-02   1.00004615E+09   2.23151694E+09   2.23151694E+09   1.49367994E+09   1.07086974E+09   1.07086974E+09
   1.22000000E-02   9.85513462E+08   2.15707453E+09   2.15707453E+09   1.46215744E+09   1.05453792E+09   1.05453792E+09
   1.24000000E-02   9.65876263E+08   2.08274153E+09   2.08274153E+09   1.41607619E+09   1.03069595E+09   1.03069595E+09
   1.26000000E-02   9.46921388E+08   2.01139096E+09   2.01139096E+09   1.37181210E+09   1.00771847E+09   1.00771847E+09
   1.28000000E-02   9.28615028E+08   1.94286371E+09   1.94286371E+09   1.32926901E+09   9.85561623E+08   9.85561623E+08
   1.30000000E-02   9.10925534E+08   1.87701135E+09   1.87701135E+09   1.28835719E+09   9.64184399E+08   9.64184399E+08
   1.32000000E-02   8.93823256E+08   1.81369525E+09   1.81369525E+09   1.24899278E+09   9.43548416E+08   9.43548416E+08
   1.34000000E-02   8.77280385E+08   1.75278584E+09   1.75278584E+09   1.21109740E+09   9.23617718E+08   9.23617718E+08
   1.36000000E-02   8.61270813E+08   1.69416186E+09   1.69416186E+09   1.17459764E+09   9.04358580E+08   9.04358580E+08
   1.38000000E-02   8.45736145E+08   1.63696415E+09   1.63696415E+09   1.13942474E+09   8.85739350E+08   8.85739350E+08
   1.40000000E-02   8.30680239E+08   1.58167918E+09   1.58167918E+09   1.10551420E+09   8.67730285E+08   8.67730285E+08
   1.42000000E-02   8.16090034E+08   1.52839765E+09   1.52839765E+09   1.07280549E+09   8.50303416E+08   8.50303416E+08
   1.44000000E-02   8.01944978E+08   1.47702379E+09   1.47702379E+09   1.04124173E+09   8.33432421E+08   8.33432421E+08
   1.46000000E-02   7.88225694E+08   1.42746755E+09   1.42746755E+09   1.01076943E+09   8.17092500E+08   8.17092500E+08
   1.48000000E-02   7.74913893E+08   1.37964425E+09   1.37964425E+09   9.81338260E+08   8.01260275E+08   8.01260275E+08
   1.50000000E-02   7.61992305E+08   1.33347413E+09   1.33347413E+09   9.52900811E+08   7.85913689E+08   7.85913689E+08
   1.52000000E-02   7.49444605E+08   1.28888207E+09   1.28888207E+09   9.25412396E+08   7.71031913E+08   7.71031913E+08
   1.54000000E-02   7.37255353E+08   1.24579721E+09   1.24579721E+09   8.98830862E+08   7.56595264E+08   7.56595264E+08
   1.56000000E-02   7.25409933E+08   1.20415268E+09   1.20415268E+09   8.73116414E+08   7.42585130E+08   7.42585130E+08
   1.58000000E-02   7.13894502E+08   1.16388536E+09   1.16388536E+09   8.48231458E+08   7.28983896E+08   7.28983896E+08
   1.60000000E-02   7.02695936E+08   1.12493558E+09   1.12493558E+09   8.24140454E+08   7.15774882E+08   7.15774882E+08
   1.62000000E-02   6.91801790E+08   1.08724691E+09   1.08724691E+09   8.00809779E+08   7.02942280E+08   7.02942280E+08
   1.64000000E-02   6.81200249E+08   1.05076594E+09   1.05076594E+09   7.78207605E+08   6.90471101E+08   6.90471101E+08
   1.66000000E-02   6.70880093E+08   1.01544213E+09   1.01544213E+09   7.56303781E+08   6.78347121E+08   6.78347121E+08
   1.68000000E-02   6.60830658E+08   9.81227568E+08   9.81227568E+08   7.35069728E+08   6.66556835E+08   6.66556835E+08
   1.70000000E-02   6.51041806E+08   9.48076821E+08   9.48076821E+08   7.14478339E+08   6.55087413E+08   6.55087413E+08
   1.72000000E-02   6.41503888E+08   9.15946802E+08   9.15946802E+08   6.94503889E+08   6.43926657E+08   6.43926657E+08
   1.74000000E-02   6.32207719E+08   8.84796603E+08   8.84796603E+08   6.75121948E+08   6.33062965E+08   6.33062965E+08
   1.76000000E-02   6.23144550E+08   8.54587371E+08   8.54587371E+08   6.56309303E+08   6.22485295E+08   6.22485295E+08
   1.78000000E-02   6.12779819E+08   8.24484409E+08   8.24484409E+08   6.37765750E+08   6.10922871E+08   6.10922871E+08
   1.80000000E-02   5.96419827E+08   7.92003316E+08   7.92003316E+08   6.18616593E+08   5.94496522E+08   5.94496522E+08
   1.82000000E-02   5.80523777E+08   7.60490948E+08   7.60490948E+08   6.00020126E+08   5.78536525E+08   5.78536525E+08
   1.84000000E-02   5.65074284E+08   7.29910207E+08   7.29910207E+08   5.81955475E+08   5.63025394E+08   5.63025394E+08
   1.86000000E-02   5.50054782E+08   7.00225764E+08   7.00225764E+08   5.64402759E+08   5.47946470E+08   5.47946470E+08
   1.88000000E-02   5.35449481E+08   6.71403965E+08   6.71403965E+08   5.47343025E+08   5.33283873E+08   5.33283873E+08
   1.90000000E-02   5.21243317E+08   6.43412729E+08   6.43412729E+08   5.30758203E+08   5.19022454E+08   5.19022454E+08
   1.92000000E-02   5.07421918E+08   6.16221463E+08   6.16221463E+08   5.14631052E+08   5.05147761E+08   5.05147761E+08
   1.94000000E-02   4.93971563E+08   5.89800979E+08   5.89800979E+08   4.98945118E+08   4.91645994E+08   4.91645994E+08
   1.96000000E-02   4.80879146E+08   5.64123414E+08   5.64123414E+08   4.83684687E+08   4.78503974E+08   4.78503974E+08
   1.98000000E-02   4.68132144E+08   5.39162160E+08   5.39162160E+08   4.68834747E+08   4.65709108E+08   4.65709108E+08
   2.00000000E-02   4.55718582E+08   5.14891797E+08   5.14891797E+08   4.54380949E+08   4.53249355E+08   4.53249355E+08
   2.02000000E-02   4.43627011E+08   4.91288027E+08   4.91288027E+08   4.40309572E+08   4.41113200E+08   4.41113200E+08
   2.04000000E-02   4.31846473E+08   4.68327615E+08   4.68327615E+08   4.26607493E+08   4.29289627E+08   4.29289627E+08
   2.06000000E-02   4.20366481E+08   4.45988334E+08   4.45988334E+08   4.13262151E+08   4.17768089E+08   4.17768089E+08
   2.08000000E-02   4.09176991E+08   4.24248911E+08   4.24248911E+08   4.00261518E+08   4.06538487E+08   4.06538487E+08
   2.10000000E-02   3.98268381E+08   4.03088980E+08   4.03088980E+08   3.87594078E+08   3.95591146E+08   3.95591146E+08
   2.12000000E-02   3.87631429E+08   3.82489035E+08   3.82489035E+08   3.75248793E+08   3.84916794E+08   3.84916794E+08
   2.14000000E-02   3.77257294E+08   3.62430384E+08   3.62430384E+08   3.63215084E+08   3.74506541E+08   3.74506541E+08
   2.16000000E-02   3.67137496E+08   3.42895112E+08   3.42895112E+08   3.51482807E+08   3.64351859E+08   3.64351859E+08
   2.18000000E-02   3.57263898E+08   3.23866038E+08   3.23866038E+08   3.40042230E+08   3.54444570E+08   3.54444570E+08
   2.20000000E-02   3.47764138E+08   3.08308711E+08   3.08308711E+08   3.28884013E+08   3.44776819E+08   3.44776819E+08
   2.22000000E-02   3.38808415E+08   3.00119578E+08   3.00119578E+08   3.17999193E+08   3.35341068E+08   3.35341068E+08
   2.24000000E-02   3.30064373E+08   2.92124782E+08   2.92124782E+08   3.07379159E+08   3.26130075E+08   3.26130075E+08
   2.26000000E-02   3.21525478E+08   2.84318316E+08   2.84318316E+08   2.97015642E+08   3.17136881E+08   3.17136881E+08
   2.28000000E-02   3.13185452E+08   2.76694404E+08   2.76694404E+08   2.86900693E+08   3.08354798E+08   3.08354798E+08
   2.30000000E-02   3.05038258E+08   2.69247495E+08   2.69247495E+08   2.77026673E+08   2.99777395E+08   2.99777395E+08
   2.32000000E-02   2.97078088E+08   2.61972250E+08   2.61972250E+08   2.67386234E+08   2.91398487E+08   2.91398487E+08
   2.34000000E-02   2.89299355E+08   2.54863530E+08   2.54863530E+08   2.57972308E+08   2.83212123E+08   2.83212123E+08
   2.36000000E-02   2.81696679E+08   2.47916390E+08   2.47916390E+08   2.48778096E+08   2.75212576E+08   2.75212576E+08
   2.38000000E-02   2.74264884E+08   2.41126068E+08   2.41126068E+08   2.39797052E+08   2.67394331E+08   2.67394331E+08
   2.40000000E-02   2.66998980E+08   2.34487980E+08   2.34487980E+08   2.31022872E+08   2.59752077E+08   2.59752077E+08
   2.42000000E-02   2.59894163E+08   2.27997707E+08   2.27997707E+08   2.22449488E+08   2.52280701E+08   2.52280701E+08
   2.44000000E-02   2.52945804E+08   2.21650994E+08   2.21650994E+08   2.14071050E+08   2.44975272E+08   2.44975272E+08
   2.46000000E-02   2.46149438E+08   2.15443737E+08   2.15443737E+08   2.05881924E+08   2.37831038E+08   2.37831038E+08
   2.48000000E-02   2.39500761E+08   2.09371979E+08   2.09371979E+08   1.97876676E+08   2.30843420E+08   2.30843420E+08
   2.50000000E-02   2.32995622E+08   2.03431905E+08   2.03431905E+08   1.90050068E+08   2.24007997E+08   2.24007997E+08
   2.52000000E-02   2.26630017E+08   1.97619833E+08   1.97619833E+08   1.82397048E+08   2.17320509E+08   2.17320509E+08
   2.54000000E-02   2.20400080E+08   1.91932211E+08   1.91932211E+08   1.74912740E+08   2.10776842E+08   2.10776842E+08
   2.56000000E-02   2.14302079E+08   1.86365610E+08   1.86365610E+08   1.67592440E+08   2.04373026E+08   2.04373026E+08
   2.58000000E-02   2.08332414E+08   1.80916718E+08   1.80916718E+08   1.60431608E+08   1.98105228E+08   1.98105228E+08
   2.60000000E-02   2.02487603E+08   1.75582339E+08   1.75582339E+08   1.53425858E+08   1.91969745E+08   1.91969745E+08
   2.62000000E-02   1.97489153E+08   1.70738278E+08   1.70738278E+08   1.48666991E+08   1.87021820E+08   1.87021820E+08
   2.64000000E-02   1.92979063E+08   1.66196118E+08   1.66196118E+08   1.45124953E+08   1.82739769E+08   1.82739769E+08
   2.66000000E-02   1.88559370E+08   1.61746595E+08   1.61746595E+08   1.41654274E+08   1.78543572E+08   1.78543572E+08
   2.68000000E-02   1.84227714E+08   1.57387274E+08   1.57387274E+08   1.38253087E+08   1.74430988E+08   1.74430988E+08
   2.70000000E-02   1.79981814E+08   1.53115799E+08   1.53115799E+08   1.34919588E+08   1.70399848E+08   1.70399848E+08
   2.72000000E-02   1.75819461E+08   1.48929892E+08   1.48929892E+08   1.31652028E+08   1.66448056E+08   1.66448056E+08
   2.74000000E-02   1.71738518E+08   1.44827347E+08   1.44827347E+08   1.28448720E+08   1.62573582E+08   1.62573582E+08
   2.76000000E-02   1.67736919E+08   1.40806031E+08   1.40806031E+08   1.25308026E+08   1.58774461E+08   1.58774461E+08
   2.78000000E-02   1.63812661E+08   1.36863879E+08   1.36863879E+08   1.22228363E+08   1.55048793E+08   1.55048793E+08
   2.80000000E-02   1.59963805E+08   1.32998891E+08   1.32998891E+08   1.19208198E+08   1.51394736E+08   1.51394736E+08
   2.82000000E-02   1.56188473E+08   1.29209131E+08   1.29209131E+08   1.16246046E+08   1.47810505E+08   1.47810505E+08
   2.84000000E-02   1.52484847E+08   1.25492723E+08   1.25492723E+08   1.13340468E+08   1.44294375E+08   1.44294375E+08
   2.86000000E-02   1.48851164E+08   1.21847850E+08   1.21847850E+08   1.10490071E+08   1.40844669E+08   1.40844669E+08
   2.88000000E-02   1.45285716E+08   1.18272750E+08   1.18272750E+08   1.07693503E+08   1.37459766E+08   1.37459766E+08
   2.90000000E-02   1.41786846E+08   1.14765718E+08   1.14765718E+08   1.04949455E+08   1.34138093E+08   1.34138093E+08
   2.92000000E-02   1.38352950E+08   1.11325097E+08   1.11325097E+08   1.02256657E+08   1.30878124E+08   1.30878124E+08
   2.94000000E-02   1.34982470E+08   1.07949285E+08   1.07949285E+08   9.96138794E+07   1.27678382E+08   1.27678382E+08
   2.96000000E-02   1.31673895E+08   1.04636725E+08   1.04636725E+08   9.70199265E+07   1.24537430E+08   1.24537430E+08
   2.98000000E-02   1.28425761E+08   1.01385907E+08   1.01385907E+08   9.44736402E+07   1.21453878E+08   1.21453878E+08
   3.00000000E-02   1.25236645E+08   9.81953664E+07   9.81953664E+07   9.19738966E+07   1.18426374E+08   1.18426374E+08
   3.02000000E-02   1.22105168E+08   9.50636831E+07   9.50636831E+07   8.95196047E+07   1.15453609E+08   1.15453609E+08
   3.04000000E-02   1.19029991E+08   9.19894772E+07   9.19894772E+07   8.71097056E+07   1.12534310E+08   1.12534310E+08
   3.06000000E-02   1.16009811E+08   8.89714098E+07   8.89714098E+07   8.47431711E+07   1.09667241E+08   1.09667241E+08
   3.08000000E-02   1.13043368E+08   8.60081808E+07   8.60081808E+07   8.24190030E+07   1.06851203E+08   1.06851203E+08
   3.10000000E-02   1.10129433E+08   8.30985276E+07   8.30985276E+07   8.01362317E+07   1.04085031E+08   1.04085031E+08
   3.12000000E-02   1.07266816E+08   8.02412238E+07   8.02412238E+07   7.78939152E+07   1.01367593E+08   1.01367593E+08
   3.14000000E-02   1.04454357E+08   7.74350781E+07   7.74350781E+07   7.56911385E+07   9.86977887E+07   9.86977887E+07
   3.16000000E-02   1.01690933E+08   7.46789328E+07   7.46789328E+07   7.35270123E+07   9.60745501E+07   9.60745501E+07
   3.18000000E-02   9.89754499E+07   7.19716631E+07   7.19716631E+07   7.14006724E+07   9.34968383E+07   9.34968383E+07
   3.20000000E-02   9.63068439E+07   6.93121755E+07   6.93121755E+07   6.93112786E+07   9.09636435E+07   9.09636435E+07
   3.22000000E-02   9.36840816E+07   6.66994069E+07   6.66994069E+07   6.72580141E+07   8.84739839E+07   8.84739839E+07
   3.24000000E-02   9.11061580E+07   6.41323238E+07   6.41323238E+07   6.52400847E+07   8.60269048E+07   8.60269048E+07
   3.26000000E-02   8.85720953E+07   6.16099211E+07   6.16099211E+07   6.32567177E+07   8.36214777E+07   8.36214777E+07
   3.28000000E-02   8.60809426E+07   5.91312213E+07   5.91312213E+07   6.13071620E+07   8.12567992E+07   8.12567992E+07
   3.30000000E-02   8.36317744E+07   5.66952732E+07   5.66952732E+07   5.93906862E+07   7.89319905E+07   7.89319905E+07
   3.32000000E-02   8.12236906E+07   5.43011518E+07   5.43011518E+07   5.75065793E+07   7.66461965E+07   7.66461965E+07
   3.34000000E-02   7.88558148E+07   5.19479565E+07   5.19479565E+07   5.56541488E+07   7.43985849E+07   7.43985849E+07
   3.36000000E-02   7.65272940E+07   4.96348111E+07   4.96348111E+07   5.38327209E+07   7.21883456E+07   7.21883456E+07
   3.38000000E-02   7.42372980E+07   4.73608628E+07   4.73608628E+07   5.20416398E+07   7.00146900E+07   7.00146900E+07
   3.40000000E-02   7.19850181E+07   4.51252810E+07   4.51252810E+07   5.02802668E+07   6.78768501E+07   6.78768501E+07
   3.42000000E-02   6.97696672E+07   4.29272572E+07   4.29272572E+07   4.85479799E+07   6.57740781E+07   6.57740781E+07
   3.44000000E-02   6.75904782E+07   4.07660041E+07   4.07660041E+07   4.68441734E+07   6.37056457E+07   6.37056457E+07
   3.46000000E-02   6.54467043E+07   3.86407547E+07   3.86407547E+07   4.51682575E+07   6.16708435E+07   6.16708435E+07
   3.48000000E-02   6.33376176E+07   3.65507621E+07   3.65507621E+07   4.35196572E+07   5.96689801E+07   5.96689801E+07
   3.50000000E-02   6.12625091E+07   3.44952984E+07   3.44952984E+07   4.18978126E+07   5.76993822E+07   5.76993822E+07
   3.52000000E-02   5.92206876E+07   3.24736545E+07   3.24736545E+07   4.03021779E+07   5.57613934E+07   5.57613934E+07
   3.54000000E-02   5.72344777E+07   3.09914680E+07   3.09914680E+07   3.87322212E+07   5.38543739E+07   5.38543739E+07
   3.56000000E-02   5.52992743E+07   2.99611360E+07   2.99611360E+07   3.71874241E+07   5.19777002E+07   5.19777002E+07
   3.58000000E-02   5.33946829E+07   2.89470861E+07   2.89470861E+07   3.56672811E+07   5.01307643E+07   5.01307643E+07
   3.60000000E-02   5.15200938E+07   2.79489940E+07   2.79489940E+07   3.41712993E+07   4.83129734E+07   4.83129734E+07
   3.62000000E-02   4.96749123E+07   2.69665436E+07   2.69665436E+07   3.26989983E+07   4.65237495E+07   4.65237495E+07
   3.64000000E-02   4.78585583E+07   2.59994265E+07   2.59994265E+07   3.12499092E+07   4.47625286E+07   4.47625286E+07
   3.66000000E-02   4.60704660E+07   2.50473419E+07   2.50473419E+07   2.98235750E+07   4.30287608E+07   4.30287608E+07
   3.68000000E-02   4.43100836E+07   2.41099963E+07   2.41099963E+07   2.84195495E+07   4.13219097E+07   4.13219097E+07
   3.70000000E-02   4.25768724E+07   2.31871033E+07   2.31871033E+07   2.70373978E+07   3.96414515E+07   3.96414515E+07
   3.72000000E-02   4.08703069E+07   2.22783836E+07   2.22783836E+07   2.56766951E+07   3.79868756E+07   3.79868756E+07
   3.74000000E-02   3.91898742E+07   2.13835645E+07   2.13835645E+07   2.43370272E+07   3.63576834E+07   3.63576834E+07
   3.76000000E-02   3.75350736E+07   2.05023796E+07   2.05023796E+07   2.30179896E+07   3.47533882E+07   3.47533882E+07
   3.78000000E-02   3.59054166E+07   1.96345693E+07   1.96345693E+07   2.17191874E+07   3.31735149E+07   3.31735149E+07
   3.80000000E-02   3.43004258E+07   1.87798797E+07   1.87798797E+07   2.04402354E+07   3.16175999E+07   3.16175999E+07
   3.82000000E-02   3.27196355E+07   1.79380633E+07   1.79380633E+07   1.91807571E+07   3.00851903E+07   3.00851903E+07
   3.84000000E-02   3.18363299E+07   1.74610486E+07   1.74610486E+07   1.85484864E+07   2.92459153E+07   2.92459153E+07
   3.86000000E-02   3.12924739E+07   1.71616830E+07   1.71616830E+07   1.82202687E+07   2.87436890E+07   2.87436890E+07
   3.88000000E-02   3.07561727E+07   1.68664776E+07   1.68664776E+07   1.78966280E+07   2.82484432E+07   2.82484432E+07
   3.90000000E-02   3.02272902E+07   1.65753575E+07   1.65753575E+07   1.75774818E+07   2.77600523E+07   2.77600523E+07
   3.92000000E-02   2.97056933E+07   1.62882493E+07   1.62882493E+07   1.72627493E+07   2.72783932E+07   2.72783932E+07
   3.94000000E-02   2.91912519E+07   1.60050814E+07   1.60050814E+07   1.69523515E+07   2.68033456E+07   2.68033456E+07
   3.96000000E-02   2.86838388E+07   1.57257838E+07   1.57257838E+07   1.66462112E+07   2.63347921E+07   2.63347921E+07
   3.98000000E-02   2.81833298E+07   1.54502881E+07   1.54502881E+07   1.63442532E+07   2.58726177E+07   2.58726177E+07
   4.00000000E-02   2.76896033E+07   1.51785272E+07   1.51785272E+07   1.60464035E+07   2.54167102E+07   2.54167102E+07
   4.02000000E-02   2.72025403E+07   1.49104356E+07   1.49104356E+07   1.57525901E+07   2.49669596E+07   2.49669596E+07
   4.04000000E-02   2.67220247E+07   1.46459495E+07   1.46459495E+07   1.54627424E+07   2.45232585E+07   2.45232585E+07
   4.06000000E-02   2.62479428E+07   1.43850060E+07   1.43850060E+07   1.51767915E+07   2.40855018E+07   2.40855018E+07
   4.08000000E-02   2.57801832E+07   1.41275440E+07   1.41275440E+07   1.48946698E+07   2.36535868E+07   2.36535868E+07
   4.10000000E-02   2.53186373E+07   1.38735036E+07   1.38735036E+07   1.46163113E+07   2.32274127E+07   2.32274127E+07
   4.12000000E-02   2.48631984E+07   1.36228261E+07   1.36228261E+07   1.43416515E+07   2.28068814E+07   2.28068814E+07
   4.14000000E-02   2.44137625E+07   1.33754541E+07   1.33754541E+07   1.40706271E+07   2.23918963E+07   2.23918963E+07
   4.16000000E-02   2.39702276E+07   1.31313314E+07   1.31313314E+07   1.38031763E+07   2.19823634E+07   2.19823634E+07
   4.18000000E-02   2.35324938E+07   1.28904032E+07   1.28904032E+07   1.35392385E+07   2.15781904E+07   2.15781904E+07
   4.20000000E-02   2.31004636E+07   1.26526156E+07   1.26526156E+07   1.32787545E+07   2.11792871E+07   2.11792871E+07
   4.22000000E-02   2.26740413E+07   1.24179159E+07   1.24179159E+07   1.30216663E+07   2.07855651E+07   2.07855651E+07
   4.24000000E-02   2.22531334E+07   1.21862527E+07   1.21862527E+07   1.27679172E+07   2.03969379E+07   2.03969379E+07
   4.26000000E-02   2.18376481E+07   1.19575754E+07   1.19575754E+07   1.25174515E+07   2.00133207E+07   2.00133207E+07
   4.28000000E-02   2.14274958E+07   1.17318347E+07   1.17318347E+07   1.22702148E+07   1.96346308E+07   1.96346308E+07
   4.30000000E-02   2.10225886E+07   1.15089821E+07   1.15089821E+07   1.20261538E+07   1.92607869E+07   1.92607869E+07
   4.32000000E-02   2.06228404E+07   1.12889702E+07   1.12889702E+07   1.17852164E+07   1.88917094E+07   1.88917094E+07
   4.34000000E-02   2.02281670E+07   1.10717527E+07   1.10717527E+07   1.15473513E+07   1.85273204E+07   1.85273204E+07
   4.36000000E-02   1.98384857E+07   1.08572841E+07   1.08572841E+07   1.13125085E+07   1.81675437E+07   1.81675437E+07
   4.38000000E-02   1.94537158E+07   1.06455197E+07   1.06455197E+07   1.10806390E+07   1.78123046E+07   1.78123046E+07
   4.40000000E-02   1.90737779E+07   1.04364160E+07   1.04364160E+07   1.08516947E+07   1.74615297E+07   1.74615297E+07
   4.42000000E-02   1.86985945E+07   1.02299303E+07   1.02299303E+07   1.06256285E+07   1.71151473E+07   1.71151473E+07
   4.44000000E-02   1.83280894E+07   1.00260205E+07   1.00260205E+07   1.04023943E+07   1.67730872E+07   1.67730872E+07
   4.46000000E-02   1.79621880E+07   9.82464569E+06   9.82464569E+06   1.01819468E+07   1.64352803E+07   1.64352803E+07
   4.48000000E-02   1.76008174E+07   9.62576559E+06   9.62576559E+06   9.96424177E+06   1.61016593E+07   1.61016593E+07
   4.50000000E-02   1.72439059E+07   9.42934076E+06   9.42934076E+06   9.74923574E+06   1.57721579E+07   1.57721579E+07
   4.52000000E-02   1.68913833E+07   9.23533254E+06   9.23533254E+06   9.53688615E+06   1.54467112E+07   1.54467112E+07
   4.54000000E-02   1.65431808E+07   9.04370303E+06   9.04370303E+06   9.32715126E+06   1.51252557E+07   1.51252557E+07
   4.56000000E-02   1.61992309E+07   8.85441506E+06   8.85441506E+06   9.11999016E+06   1.48077289E+07   1.48077289E+07
   4.58000000E-02   1.58594675E+07   8.66743221E+06   8.66743221E+06   8.91536273E+06   1.44940698E+07   1.44940698E+07
   4.60000000E-02   1.55238256E+07   8.48271876E+06   8.48271876E+06   8.71322965E+06   1.41842184E+07   1.41842184E+07
   4.62000000E-02   1.51922418E+07   8.30023966E+06   8.30023966E+06   8.51355233E+06   1.38781159E+07   1.38781159E+07
   4.64000000E-02   1.48646535E+07   8.11996057E+06   8.11996057E+06   8.31629296E+06   1.35757047E+07   1.35757047E+07
   4.66000000E-02   1.45409996E+07   7.94184779E+06   7.94184779E+06   8.12141444E+06   1.32769283E+07   1.32769283E+07
   4.68000000E-02   1.42212202E+07   7.76586826E+06   7.76586826E+06   7.92888037E+06   1.29817311E+07   1.29817311E+07
   4.70000000E-02   1.39052562E+07   7.59198958E+06   7.59198958E+06   7.73865506E+06   1.26900588E+07   1.26900588E+07
   4.72000000E-02   1.35930501E+07   7.42017992E+06   7.42017992E+06   7.55070350E+06   1.24018580E+07   1.24018580E+07
   4.74000000E-02   1.32845450E+07   7.25040809E+06   7.25040809E+06   7.36499134E+06   1.21170763E+07   1.21170763E+07
   4.76000000E-02   1.29796855E+07   7.08264347E+06   7.08264347E+06   7.18148486E+06   1.18356624E+07   1.18356624E+07
   4.78000000E-02   1.26784169E+07   6.91685601E+06   6.91685601E+06   7.00015099E+06   1.15575658E+07   1.15575658E+07
   4.80000000E-02   1.23806858E+07   6.75301624E+06   6.75301624E+06   6.82095729E+06   1.12827372E+07   1.12827372E+07
   4.82000000E-02   1.20864395E+07   6.59109522E+06   6.59109522E+06   6.64387189E+06   1.10111278E+07   1.10111278E+07
   4.84000000E-02   1.17956266E+07   6.43106455E+06   6.43106455E+06   6.46886354E+06   1.07426902E+07   1.07426902E+07
   4.86000000E-02   1.15081963E+07   6.27289636E+06   6.27289636E+06   6.29590156E+06   1.04773774E+07   1.04773774E+07
   4.88000000E-02   1.12240992E+07   6.11656329E+06   6.11656329E+06   6.12495583E+06   1.02151437E+07   1.02151437E+07
   4.90000000E-02   1.09432862E+07   5.96203848E+06   5.96203848E+06   5.95599679E+06   9.95594384E+06   9.95594384E+06
   4.92000000E-02   1.06657097E+07   5.80929556E+06   5.80929556E+06   5.78899540E+06   9.69973371E+06   9.69973371E+06
   4.94000000E-02   1.03913225E+07   5.65830864E+06   5.65830864E+06   5.62392318E+06   9.44646982E+06   9.44646982E+06
   4.96000000E-02   1.01200785E+07   5.50905231E+06   5.50905231E+06   5.46075214E+06   9.19610952E+06   9.19610952E+06
   4.98000000E-02   9.85193233E+06   5.36150159E+06   5.36150159E+06   5.29945482E+06   8.94861092E+06   8.94861092E+06
   5.00000000E-02   9.58683957E+06   5.21563198E+06   5.21563198E+06   5.14000422E+06   8.70393289E+06   8.70393289E+06
   5.02000000E-02   9.32475645E+06   5.07141940E+06   5.07141940E+06   4.98237385E+06   8.46203503E+06   8.46203503E+06
   5.04000000E-02   9.06564004E+06   4.92884021E+06   4.92884021E+06   4.82653770E+06   8.22287767E+06   8.22287767E+06
   5.06000000E-02   8.80944817E+06   4.78787118E+06   4.78787118E+06   4.67247019E+06   7.98642183E+06   7.98642183E+06
   5.08000000E-02   8.55613939E+06   4.64848950E+06   4.64848950E+06   4.52014622E+06   7.75262924E+06   7.75262924E+06
   5.10000000E-02   8.30567303E+06   4.51067275E+06   4.51067275E+06   4.36954114E+06   7.52146229E+06   7.52146229E+06
   5.12000000E-02   8.05800910E+06   4.37439892E+06   4.37439892E+06   4.22063069E+06   7.29288403E+06   7.29288403E+06
   5.14000000E-02   7.81310831E+06   4.23964637E+06   4.23964637E+06   4.07339109E+06   7.06685817E+06   7.06685817E+06
   5.16000000E-02   7.57093208E+06   4.10639386E+06   4.10639386E+06   3.92779894E+06   6.84334905E+06   6.84334905E+06
   5.18000000E-02   7.33144247E+06   3.97462050E+06   3.97462050E+06   3.78383126E+06   6.62232162E+06   6.62232162E+06
   5.20000000E-02   7.09460222E+06   3.84430576E+06   3.84430576E+06   3.64146546E+06   6.40374143E+06   6.40374143E+06
   5.22000000E-02   6.86037470E+06   3.71542948E+06   3.71542948E+06   3.50067935E+06   6.18757466E+06   6.18757466E+06
   5.24000000E-02   6.62872391E+06   3.58797182E+06   3.58797182E+06   3.36145112E+06   5.97378804E+06   5.97378804E+06
   5.26000000E-02   6.39961448E+06   3.46191332E+06   3.46191332E+06   3.22375933E+06   5.76234887E+06   5.76234887E+06
   5.28000000E-02   6.17301164E+06   3.33723482E+06   3.33723482E+06   3.08758291E+06   5.55322503E+06   5.55322503E+06
   5.30000000E-02   5.94888119E+06   3.21391749E+06   3.21391749E+06   2.95290115E+06   5.34638493E+06   5.34638493E+06
   5.32000000E-02   5.72718954E+06   3.09194284E+06   3.09194284E+06   2.81969368E+06   5.14179752E+06   5.14179752E+06
   5.34000000E-02   5.50790364E+06   2.97129266E+06   2.97129266E+06   2.68794050E+06   4.93943226E+06   4.93943226E+06
   5.36000000E-02   5.29099102E+06   2.85194907E+06   2.85194907E+06   2.55762191E+06   4.73925916E+06   4.73925916E+06
   5.38000000E-02   5.07641974E+06   2.73389449E+06   2.73389449E+06   2.42871857E+06   4.54124870E+06   4.54124870E+06
   5.40000000E-02   4.86415840E+06   2.61711162E+06   2.61711162E+06   2.30121146E+06   4.34537187E+06   4.34537187E+06
   5.42000000E-02   4.65417612E+06   2.50158347E+06   2.50158347E+06   2.17508186E+06   4.15160013E+06   4.15160013E+06
   5.44000000E-02   4.44644254E+06   2.38729329E+06   2.38729329E+06   2.05031139E+06   3.95990543E+06   3.95990543E+06
   5.46000000E-02   4.24092778E+06   2.27422466E+06   2.27422466E+06   1.92688194E+06   3.77026017E+06   3.77026017E+06
   5.48000000E-02   4.03760248E+06   2.16236140E+06   2.16236140E+06   1.80477573E+06   3.58263721E+06   3.58263721E+06
   5.50000000E-02   3.83643775E+06   2.05168760E+06   2.05168760E+06   1.68397525E+06   3.39700986E+06   3.39700986E+06
   5.52000000E-02   3.63740518E+06   1.94218761E+06   1.94218761E+06   1.56446330E+06   3.21335186E+06   3.21335186E+06
   5.54000000E-02   3.44047680E+06   1.83384604E+06   1.83384604E+06   1.44622293E+06   3.03163739E+06   3.03163739E+06
   5.56000000E-02   3.24562512E+06   1.72664774E+06   1.72664774E+06   1.32923749E+06   2.85184103E+06   2.85184103E+06
   5.58000000E-02   3.05282309E+06   1.62057783E+06   1.62057783E+06   1.21349059E+06   2.67393780E+06   2.67393780E+06
   5.60000000E-02   2.86204410E+06   1.51562163E+06   1.51562163E+06   1.09896612E+06   2.49790310E+06   2.49790310E+06
   5.62000000E-02   2.69921146E+06   1.42532883E+06   1.42532883E+06   1.00254907E+06   2.34799283E+06   2.34799283E+06
   5.64000000E-02   2.66535736E+06   1.40250928E+06   1.40250928E+06   9.90020434E+05   2.31873453E+06   2.31873453E+06
   5.66000000E-02   2.63182816E+06   1.37991366E+06   1.37991366E+06   9.77611990E+05   2.28975685E+06   2.28975685E+06
   5.68000000E-02   2.59865706E+06   1.35835878E+06   1.35835878E+06   9.65322249E+05   2.26105628E+06   2.26105628E+06
   5.70000000E-02   2.56599655E+06   1.34128664E+06   1.34128664E+06   9.53149741E+05   2.23262941E+06   2.23262941E+06
   5.72000000E-02   2.53364661E+06   1.32437684E+06   1.32437684E+06   9.41093019E+05   2.20447286E+06   2.20447286E+06
   5.74000000E-02   2.50160342E+06   1.30762738E+06   1.30762738E+06   9.29150661E+05   2.17658330E+06   2.17658330E+06
   5.76000000E-02   2.46986321E+06   1.29103630E+06   1.29103630E+06   9.17321264E+05   2.14895747E+06   2.14895747E+06
   5.78000000E-02   2.43842230E+06   1.27460167E+06   1.27460167E+06   9.05603450E+05   2.12159214E+06   2.12159214E+06
   5.80000000E-02   2.40727703E+06   1.25832157E+06   1.25832157E+06   8.93995857E+05   2.09448414E+06   2.09448414E+06
   5.82000000E-02   2.37642382E+06   1.24219413E+06   1.24219413E+06   8.82497150E+05   2.06763035E+06   2.06763035E+06
   5.84000000E-02   2.34585913E+06   1.22621751E+06   1.22621751E+06   8.71106009E+05   2.04102769E+06   2.04102769E+06
   5.86000000E-02   2.31557948E+06   1.21038988E+06   1.21038988E+06   8.59821137E+05   2.01467313E+06   2.01467313E+06
   5.88000000E-02   2.28558145E+06   1.19470946E+06   1.19470946E+06   8.48641257E+05   1.98856369E+06   1.98856369E+06
   5.90000000E-02   2.25586165E+06   1.17917448E+06   1.17917448E+06   8.37565109E+05   1.96269643E+06   1.96269643E+06
   5.92000000E-02   2.22641677E+06   1.16378320E+06   1.16378320E+06   8.26591454E+05   1.93706845E+06   1.93706845E+06
   5.94000000E-02   2.19724353E+06   1.14853391E+06   1.14853391E+06   8.15719070E+05   1.91167691E+06   1.91167691E+06
   5.96000000E-02   2.16833870E+06   1.13342492E+06   1.13342492E+06   8.04946755E+05   1.88651899E+06   1.88651899E+06
   5.98000000E-02   2.13969911E+06   1.11845457E+06   1.11845457E+06   7.94273324E+05   1.86159194E+06   1.86159194E+06
   6.00000000E-02   2.11132162E+06   1.10362123E+06   1.10362123E+06   7.83697608E+05   1.83689302E+06   1.83689302E+06
   6.02000000E-02   2.08320314E+06   1.08892329E+06   1.08892329E+06   7.73218459E+05   1.81241955E+06   1.81241955E+06
   6.04000000E-02   2.05534065E+06   1.07435914E+06   1.07435914E+06   7.62834743E+05   1.78816889E+06   1.78816889E+06
   6.06000000E-02   2.02773115E+06   1.05992724E+06   1.05992724E+06   7.52545343E+05   1.76413843E+06   1.76413843E+06
   6.08000000E-02   2.00037168E+06   1.04562604E+06   1.04562604E+06   7.42349160E+05   1.74032560E+06   1.74032560E+06
   6.10000000E-02   1.97325934E+06   1.03145401E+06   1.03145401E+06   7.32245109E+05   1.71672787E+06   1.71672787E+06
   6.12000000E-02   1.94639126E+06   1.01740966E+06   1.01740966E+06   7.22232123E+05   1.69334275E+06   1.69334275E+06
   6.14000000E-02   1.91976463E+06   1.00349152E+06   1.00349152E+06   7.12309148E+05   1.67016778E+06   1.67016778E+06
   6.16000000E-02   1.89337665E+06   9.89698132E+05   9.89698132E+05   7.02475147E+05   1.64720054E+06   1.64720054E+06
   6.18000000E-02   1.86722460E+06   9.76028058E+05   9.76028058E+05   6.92729099E+05   1.62443864E+06   1.62443864E+06
   6.20000000E-02   1.84130575E+06   9.62479889E+05   9.62479889E+05   6.83069994E+05   1.60187973E+06   1.60187973E+06
   6.22000000E-02   1.81561746E+06   9.49052232E+05   9.49052232E+05   6.73496841E+05   1.57952149E+06   1.57952149E+06
   6.24000000E-02   1.79015709E+06   9.35743715E+05   9.35743715E+05   6.64008659E+05   1.55736163E+06   1.55736163E+06
   6.26000000E-02   1.76492205E+06   9.22552985E+05   9.22552985E+05   6.54604485E+05   1.53539791E+06   1.53539791E+06
   6.28000000E-02   1.73990981E+06   9.09478708E+05   9.09478708E+05   6.45283366E+05   1.51362810E+06   1.51362810E+06
   6.30000000E-02   1.71511783E+06   8.96519570E+05   8.96519570E+05   6.36044365E+05   1.49205002E+06   1.49205002E+06
   6.32000000E-02   1.69054365E+06   8.83674274E+05   8.83674274E+05   6.26886558E+05   1.47066150E+06   1.47066150E+06
   6.34000000E-02   1.66618481E+06   8.70941543E+05   8.70941543E+05   6.17809032E+05   1.44946042E+06   1.44946042E+06
   6.36000000E-02   1.64203890E+06   8.58320117E+05   8.58320117E+05   6.08810889E+05   1.42844467E+06   1.42844467E+06
   6.38000000E-02   1.61810356E+06   8.45808753E+05   8.45808753E+05   5.99891244E+05   1.40761220E+06   1.40761220E+06
   6.40000000E-02   1.59437643E+06   8.33406227E+05   8.33406227E+05   5.91049222E+05   1.38696096E+06   1.38696096E+06
   6.42000000E-02   1.57085521E+06   8.21111331E+05   8.21111331E+05   5.82283962E+05   1.36648894E+06   1.36648894E+06
   6.44000000E-02   1.54753761E+06   8.08922874E+05   8.08922874E+05   5.73594614E+05   1.34619415E+06   1.34619415E+06
   6.46000000E-02   1.52442140E+06   7.96839682E+05   7.96839682E+05   5.64980340E+05   1.32607465E+06   1.32607465E+06
   6.48000000E-02   1.50150435E+06   7.84860595E+05   7.84860595E+05   5.56440315E+05   1.30612850E+06   1.30612850E+06
   6.50000000E-02   1.47878428E+06   7.72984473E+05   7.72984473E+05   5.47973723E+05   1.28635380E+06   1.28635380E+06
   6.52000000E-02   1.45625903E+06   7.61210187E+05   7.61210187E+05   5.39579761E+05   1.26674867E+06   1.26674867E+06
   6.54000000E-02   1.43392648E+06   7.49536627E+05   7.49536627E+05   5.31257636E+05   1.24731126E+06   1.24731126E+06
   6.56000000E-02   1.41178453E+06   7.37962697E+05   7.37962697E+05   5.23006566E+05   1.22803976E+06   1.22803976E+06
   6.58000000E-02   1.38983111E+06   7.26487316E+05   7.26487316E+05   5.14825780E+05   1.20893235E+06   1.20893235E+06
   6.60000000E-02   1.36806418E+06   7.15109417E+05   7.15109417E+05   5.06714518E+05   1.18998726E+06   1.18998726E+06
   6.62000000E-02   1.34648174E+06   7.03827948E+05   7.03827948E+05   4.98672028E+05   1.17120275E+06   1.17120275E+06
   6.64000000E-02   1.32508178E+06   6.92641871E+05   6.92641871E+05   4.90697570E+05   1.15257707E+06   1.15257707E+06
   6.66000000E-02   1.30386237E+06   6.81550162E+05   6.81550162E+05   4.82790415E+05   1.13410854E+06   1.13410854E+06
   6.68000000E-02   1.28282155E+06   6.70551812E+05   6.70551812E+05   4.74949842E+05   1.11579545E+06   1.11579545E+06
   6.70000000E-02   1.26195743E+06   6.59645823E+05   6.59645823E+05   4.67175139E+05   1.09763617E+06   1.09763617E+06
   6.72000000E-02   1.24126813E+06   6.48831212E+05   6.48831212E+05   4.59465606E+05   1.07962904E+06   1.07962904E+06
   6.74000000E-02   1.22075178E+06   6.38107009E+05   6.38107009E+05   4.51820549E+05   1.06177245E+06   1.06177245E+06
   6.76000000E-02   1.20040656E+06   6.27472257E+05   6.27472257E+05   4.44239288E+05   1.04406481E+06   1.04406481E+06
   6.78000000E-02   1.18023066E+06   6.16926010E+05   6.16926010E+05   4.36721146E+05   1.02650455E+06   1.02650455E+06
   6.80000000E-02   1.16022229E+06   6.06467337E+05   6.06467337E+05   4.29265460E+05   1.00909011E+06   1.00909011E+06
   6.82000000E-02   1.14037970E+06   5.96095317E+05   5.96095317E+05   4.21871573E+05   9.91819956E+05   9.91819956E+05
   6.84000000E-02   1.12070115E+06   5.85809043E+05   5.85809043E+05   4.14538838E+05   9.74692584E+05   9.74692584E+05
   6.86000000E-02   1.10118493E+06   5.75607619E+05   5.75607619E+05   4.07266615E+05   9.57706498E+05   9.57706498E+05
   6.88000000E-02   1.08182933E+06   5.65490160E+05   5.65490160E+05   4.00054274E+05   9.40860227E+05   9.40860227E+05
   6.90000000E-02   1.06263271E+06   5.55455793E+05   5.55455793E+05   3.92901192E+05   9.24152316E+05   9.24152316E+05
   6.92000000E-02   1.04359339E+06   5.45503657E+05   5.45503657E+05   3.85806754E+05   9.07581331E+05   9.07581331E+05
   6.94000000E-02   1.02470976E+06   5.35632901E+05   5.35632901E+05   3.78770354E+05   8.91145856E+05   8.91145856E+05
   6.96000000E-02   1.00598022E+06   5.25842686E+05   5.25842686E+05   3.71791394E+05   8.74844493E+05   8.74844493E+05
   6.98000000E-02   9.87403171E+05   5.16132184E+05   5.16132184E+05   3.64869282E+05   8.58675863E+05   8.58675863E+05
   7.00000000E-02   9.68977055E+05   5.06500576E+05   5.06500576E+05   3.58003434E+05   8.42638603E+05   8.42638603E+05
   7.02000000E-02   9.50700327E+05   4.96947056E+05   4.96947056E+05   3.51193275E+05   8.26731369E+05   8.26731369E+05
   7.04000000E-02   9.32571461E+05   4.87470825E+05   4.87470825E+05   3.44438237E+05   8.10952833E+05   8.10952833E+05
   7.06000000E-02   9.14588952E+05   4.78071097E+05   4.78071097E+05   3.37737757E+05   7.95301685E+05   7.95301685E+05
   7.08000000E-02   8.96751312E+05   4.68747094E+05   4.68747094E+05   3.31091281E+05   7.79776631E+05   7.79776631E+05
   7.10000000E-02   8.79057075E+05   4.59498050E+05   4.59498050E+05   3.24498263E+05   7.64376394E+05   7.64376394E+05
   7.12000000E-02   8.61504791E+05   4.50323208E+05   4.50323208E+05   3.17958162E+05   7.49099711E+05   7.49099711E+05
   7.14000000E-02   8.44093030E+05   4.41221818E+05   4.41221818E+05   3.11470445E+05   7.33945338E+05   7.33945338E+05
   7.16000000E-02   8.26820378E+05   4.32193143E+05   4.32193143E+05   3.05034584E+05   7.18912045E+05   7.18912045E+05
   7.18000000E-02   8.09685440E+05   4.23236453E+05   4.23236453E+05   2.98650060E+05   7.03998618E+05   7.03998618E+05
   7.20000000E-02   7.92686838E+05   4.14351028E+05   4.14351028E+05   2.92316358E+05   6.89203856E+05   6.89203856E+05
   7.22000000E-02   7.75823212E+05   4.05536157E+05   4.05536157E+05   2.86032972E+05   6.74526576E+05   6.74526576E+05
   7.24000000E-02   7.59093218E+05   3.96791138E+05   3.96791138E+05   2.79799401E+05   6.59965609E+05   6.59965609E+05
   7.26000000E-02   7.42495529E+05   3.88115276E+05   3.88115276E+05   2.73615149E+05   6.45519799E+05   6.45519799E+05
   7.28000000E-02   7.26028835E+05   3.79507887E+05   3.79507887E+05   2.67479728E+05   6.31188005E+05   6.31188005E+05
   7.30000000E-02   7.09691840E+05   3.70968294E+05   3.70968294E+05   2.61392656E+05   6.16969101E+05   6.16969101E+05
   7.32000000E-02   6.93483267E+05   3.62495829E+05   3.62495829E+05   2.55353455E+05   6.02861974E+05   6.02861974E+05
   7.34000000E-02   6.77401853E+05   3.54089832E+05   3.54089832E+05   2.49361656E+05   5.88865524E+05   5.88865524E+05
   7.36000000E-02   6.61446350E+05   3.45749650E+05   3.45749650E+05   2.43416792E+05   5.74978667E+05   5.74978667E+05
   7.38000000E-02   6.45615526E+05   3.37474640E+05   3.37474640E+05   2.37518405E+05   5.61200329E+05   5.61200329E+05
   7.40000000E-02   6.29908164E+05   3.29264166E+05   3.29264166E+05   2.31666041E+05   5.47529452E+05   5.47529452E+05
   7.42000000E-02   6.14323061E+05   3.21117598E+05   3.21117598E+05   2.25859251E+05   5.33964988E+05   5.33964988E+05
   7.44000000E-02   5.98859031E+05   3.13034317E+05   3.13034317E+05   2.20097593E+05   5.20505904E+05   5.20505904E+05
   7.46000000E-02   5.83514900E+05   3.05013708E+05   3.05013708E+05   2.14380629E+05   5.07151179E+05   5.07151179E+05
   7.48000000E-02   5.68289507E+05   2.97055166E+05   2.97055166E+05   2.08707927E+05   4.93899803E+05   4.93899803E+05
   7.50000000E-02   5.53181709E+05   2.89158092E+05   2.89158092E+05   2.03079060E+05   4.80750780E+05   4.80750780E+05
   7.52000000E-02   5.38190373E+05   2.81321895E+05   2.81321895E+05   1.97493605E+05   4.67703125E+05   4.67703125E+05
   7.54000000E-02   5.23314381E+05   2.73545991E+05   2.73545991E+05   1.91951147E+05   4.54755864E+05   4.54755864E+05
   7.56000000E-02   5.08552629E+05   2.65829801E+05   2.65829801E+05   1.86451274E+05   4.41908036E+05   4.41908036E+05
   7.58000000E-02   4.93904026E+05   2.58172755E+05   2.58172755E+05   1.80993577E+05   4.29158692E+05   4.29158692E+05
   7.60000000E-02   4.79367492E+05   2.50574290E+05   2.50574290E+05   1.75577656E+05   4.16506891E+05   4.16506891E+05
   7.62000000E-02   4.64941962E+05   2.43033848E+05   2.43033848E+05   1.70203113E+05   4.03951707E+05   4.03951707E+05
   7.64000000E-02   4.50626382E+05   2.35550879E+05   2.35550879E+05   1.64869555E+05   3.91492223E+05   3.91492223E+05
   7.66000000E-02   4.36419713E+05   2.28124839E+05   2.28124839E+05   1.59576595E+05   3.79127533E+05   3.79127533E+05
   7.68000000E-02   4.22320925E+05   2.20755190E+05   2.20755190E+05   1.54323848E+05   3.66856741E+05   3.66856741E+05
   7.70000000E-02   4.08329001E+05   2.13441401E+05   2.13441401E+05   1.49110935E+05   3.54678964E+05   3.54678964E+05
   7.72000000E-02   3.94442939E+05   2.06182947E+05   2.06182947E+05   1.43937484E+05   3.42593326E+05   3.42593326E+05
   7.74000000E-02   3.80661744E+05   1.98979308E+05   1.98979308E+05   1.38803122E+05   3.30598964E+05   3.30598964E+05
   7.76000000E-02   3.66984435E+05   1.91829973E+05   1.91829973E+05   1.33707484E+05   3.18695023E+05   3.18695023E+05
   7.78000000E-02   3.53410043E+05   1.84734434E+05   1.84734434E+05   1.28650209E+05   3.06880660E+05   3.06880660E+05
   7.80000000E-02   3.39937608E+05   1.77692189E+05   1.77692189E+05   1.23630940E+05   2.95155039E+05   2.95155039E+05
   7.82000000E-02   3.26566184E+05   1.70702744E+05   1.70702744E+05   1.18649322E+05   2.83517337E+05   2.83517337E+05
   7.84000000E-02   3.13294834E+05   1.63765610E+05   1.63765610E+05   1.13705007E+05   2.71966737E+05   2.71966737E+05
   7.86000000E-02   3.00122632E+05   1.56880301E+05   1.56880301E+05   1.08797650E+05   2.60502435E+05   2.60502435E+05
   7.88000000E-02   2.87048662E+05   1.50046340E+05   1.50046340E+05   1.03926910E+05   2.49123633E+05   2.49123633E+05
   7.90000000E-02   2.74072021E+05   1.43263254E+05   1.43263254E+05   9.90924481E+04   2.37829544E+05   2.37829544E+05
   7.92000000E-02   2.61191813E+05   1.36530575E+05   1.36530575E+05   9.42939324E+04   2.26619390E+05   2.26619390E+05
   7.94000000E-02   2.48407154E+05   1.29847842E+05   1.29847842E+05   8.95310327E+04   2.15492401E+05   2.15492401E+05
   7.96000000E-02   2.35717172E+05   1.23214596E+05   1.23214596E+05   8.48034232E+04   2.04447815E+05   2.04447815E+05
   7.98000000E-02   2.23121000E+05   1.16630387E+05   1.16630387E+05   8.01107817E+04   1.93484882E+05   1.93484882E+05
   8.00000000E-02   2.10617785E+05   1.10094769E+05   1.10094769E+05   7.54527896E+04   1.82602858E+05   1.82602858E+05
   8.02000000E-02   1.98206683E+05   1.03607298E+05   1.03607298E+05   7.08291321E+04   1.71801006E+05   1.71801006E+05
   8.04000000E-02   1.85886857E+05   9.71675393E+04   9.71675393E+04   6.62394977E+04   1.61078600E+05   1.61078600E+05
   8.06000000E-02   1.73657482E+05   9.07750606E+04   9.07750606E+04   6.16835785E+04   1.50434922E+05   1.50434922E+05
   8.08000000E-02   1.61517741E+05   8.44294352E+04   8.44294352E+04   5.71610700E+04   1.39869260E+05   1.39869260E+05
   8.10000000E-02   1.49466828E+05   7.81302410E+04   7.81302410E+04   5.26716713E+04   1.29380912E+05   1.29380912E+05
   8.12000000E-02   1.37503943E+05   7.18770606E+04   7.18770606E+04   4.82150847E+04   1.18969182E+05   1.18969182E+05
   8.14000000E-02   1.25628297E+05   6.56694813E+04   6.56694813E+04   4.37910158E+04   1.08633384E+05   1.08633384E+05
   8.16000000E-02   1.13839109E+05   5.95070949E+04   5.95070949E+04   3.93991736E+04   9.83728380E+04   9.83728380E+04
   8.18000000E-02   1.02135607E+05   5.33894980E+04   5.33894980E+04   3.50392701E+04   8.81868717E+04   8.81868717E+04
   8.20000000E-02   9.05170278E+04   4.73162914E+04   4.73162914E+04   3.07110206E+04   7.80748206E+04   7.80748206E+04
   8.22000000E-02   7.89826159E+04   4.12870803E+04   4.12870803E+04   2.64141438E+04   6.80360274E+04   6.80360274E+04
   8.24000000E-02   6.75316245E+04   3.53014744E+04   3.53014744E+04   2.21483611E+04   5.80698422E+04   5.80698422E+04
   8.26000000E-02   6.47517297E+04   3.38483426E+04   3.38483426E+04   2.11337590E+04   5.56553236E+04   5.56553236E+04
   8.28000000E-02   6.41862043E+04   3.35526854E+04   3.35526854E+04   2.09491825E+04   5.51692453E+04   5.51692453E+04
   8.30000000E-02   6.36243889E+04   3.32589678E+04   3.32589678E+04   2.07658170E+04   5.46863558E+04   5.46863558E+04
   8.32000000E-02   6.30662520E+04   3.29671735E+04   3.29671735E+04   2.05836520E+04   5.42066281E+04   5.42066281E+04
   8.34000000E-02   6.25117627E+04   3.26772860E+04   3.26772860E+04   2.04026775E+04   5.37300354E+04   5.37300354E+04
   8.36000000E-02   6.19608899E+04   3.23892894E+04   3.23892894E+04   2.02228834E+04   5.32565513E+04   5.32565513E+04
   8.38000000E-02   6.14136033E+04   3.21031676E+04   3.21031676E+04   2.00442597E+04   5.27861495E+04   5.27861495E+04
   8.40000000E-02   6.08698726E+04   3.18189049E+04   3.18189049E+04   1.98667967E+04   5.23188042E+04   5.23188042E+04
   8.42000000E-02   6.03296681E+04   3.15364856E+04   3.15364856E+04   1.96904845E+04   5.18544896E+04   5.18544896E+04
   8.44000000E-02   5.97929602E+04   3.12558945E+04   3.12558945E+04   1.95153135E+04   5.13931803E+04   5.13931803E+04
   8.46000000E-02   5.92597196E+04   3.09771160E+04   3.09771160E+04   1.93412742E+04   5.09348514E+04   5.09348514E+04
   8.48000000E-02   5.87299175E+04   3.07001353E+04   3.07001353E+04   1.91683571E+04   5.04794778E+04   5.04794778E+04
   8.50000000E-02   5.82035252E+04   3.04249372E+04   3.04249372E+04   1.89965529E+04   5.00270350E+04   5.00270350E+04
   8.52000000E-02   5.76805144E+04   3.01515070E+04   3.01515070E+04   1.88258524E+04   4.95774988E+04   4.95774988E+04
   8.54000000E-02   5.71608572E+04   2.98798300E+04   2.98798300E+04   1.86562465E+04   4.91308449E+04   4.91308449E+04
   8.56000000E-02   5.66445258E+04   2.96098918E+04   2.96098918E+04   1.84877260E+04   4.86870496E+04   4.86870496E+04
   8.58000000E-02   5.61314927E+04   2.93416780E+04   2.93416780E+04   1.83202820E+04   4.82460893E+04   4.82460893E+04
   8.60000000E-02   5.56217308E+04   2.90751744E+04   2.90751744E+04   1.81539057E+04   4.78079406E+04   4.78079406E+04
   8.62000000E-02   5.51152133E+04   2.88103669E+04   2.88103669E+04   1.79885882E+04   4.73725805E+04   4.73725805E+04
   8.64000000E-02   5.46119135E+04   2.85472417E+04   2.85472417E+04   1.78243210E+04   4.69399861E+04   4.69399861E+04
   8.66000000E-02   5.41118051E+04   2.82857850E+04   2.82857850E+04   1.76610954E+04   4.65101348E+04   4.65101348E+04
   8.68000000E-02   5.36148620E+04   2.80259832E+04   2.80259832E+04   1.74989029E+04   4.60830042E+04   4.60830042E+04
   8.70000000E-02   5.31210586E+04   2.77678228E+04   2.77678228E+04   1.73377351E+04   4.56585721E+04   4.56585721E+04
   8.72000000E-02   5.26303692E+04   2.75112904E+04   2.75112904E+04   1.71775837E+04   4.52368165E+04   4.52368165E+04
   8.74000000E-02   5.21427687E+04   2.72563729E+04   2.72563729E+04   1.70184404E+04   4.48177159E+04   4.48177159E+04
   8.76000000E-02   5.16582319E+04   2.70030571E+04   2.70030571E+04   1.68602970E+04   4.44012486E+04   4.44012486E+04
   8.78000000E-02   5.11767342E+04   2.67513302E+04   2.67513302E+04   1.67031456E+04   4.39873935E+04   4.39873935E+04
   8.80000000E-02   5.06982511E+04   2.65011794E+04   2.65011794E+04   1.65469780E+04   4.35761294E+04   4.35761294E+04
   8.82000000E-02   5.02227582E+04   2.62525918E+04   2.62525918E+04   1.63917864E+04   4.31674355E+04   4.31674355E+04
   8.84000000E-02   4.97502317E+04   2.60055551E+04   2.60055551E+04   1.62375630E+04   4.27612913E+04   4.27612913E+04
   8.86000000E-02   4.92806478E+04   2.57600568E+04   2.57600568E+04   1.60843000E+04   4.23576762E+04   4.23576762E+04
   8.88000000E-02   4.88139828E+04   2.55160845E+04   2.55160845E+04   1.59319896E+04   4.19565700E+04   4.19565700E+04
   8.90000000E-02   4.83502136E+04   2.52736262E+04   2.52736262E+04   1.57806244E+04   4.15579528E+04   4.15579528E+04
   8.92000000E-02   4.78893171E+04   2.50326697E+04   2.50326697E+04   1.56301968E+04   4.11618047E+04   4.11618047E+04
   8.94000000E-02   4.74312704E+04   2.47932032E+04   2.47932032E+04   1.54806993E+04   4.07681061E+04   4.07681061E+04
   8.96000000E-02   4.69760510E+04   2.45552147E+04   2.45552147E+04   1.53321246E+04   4.03768376E+04   4.03768376E+04
   8.98000000E-02   4.65236365E+04   2.43186927E+04   2.43186927E+04   1.51844653E+04   3.99879799E+04   3.99879799E+04
   9.00000000E-02   4.60740047E+04   2.40836255E+04   2.40836255E+04   1.50377142E+04   3.96015140E+04   3.96015140E+04
   9.02000000E-02   4.56271337E+04   2.38500016E+04   2.38500016E+04   1.48918643E+04   3.92174211E+04   3.92174211E+04
   9.04000000E-02   4.51830019E+04   2.36178098E+04   2.36178098E+04   1.47469083E+04   3.88356825E+04   3.88356825E+04
   9.06000000E-02   4.47415876E+04   2.33870388E+04   2.33870388E+04   1.46028393E+04   3.84562797E+04   3.84562797E+04
   9.08000000E-02   4.43028696E+04   2.31576774E+04   2.31576774E+04   1.44596503E+04   3.80791945E+04   3.80791945E+04
   9.10000000E-02   4.38668269E+04   2.29297146E+04   2.29297146E+04   1.43173345E+04   3.77044086E+04   3.77044086E+04
   9.12000000E-02   4.34334385E+04   2.27031396E+04   2.27031396E+04   1.41758850E+04   3.73319042E+04   3.73319042E+04
   9.14000000E-02   4.30026846E+04   2.24779585E+04   2.24779585E+04   1.40352950E+04   3.69616635E+04   3.69616635E+04
   9.16000000E-02   4.25745449E+04   2.22541653E+04   2.22541653E+04   1.38955580E+04   3.65936689E+04   3.65936689E+04
   9.18000000E-02   4.21489982E+04   2.20317275E+04   2.20317275E+04   1.37566673E+04   3.62279030E+04   3.62279030E+04
   9.20000000E-02   4.17260243E+04   2.18106346E+04   2.18106346E+04   1.36186163E+04   3.58643485E+04   3.58643485E+04
   9.22000000E-02   4.13056034E+04   2.15908762E+04   2.15908762E+04   1.34813986E+04   3.55029884E+04   3.55029884E+04
   9.24000000E-02   4.08877159E+04   2.13724419E+04   2.13724419E+04   1.33450077E+04   3.51438057E+04   3.51438057E+04
   9.26000000E-02   4.04723421E+04   2.11553217E+04   2.11553217E+04   1.32094372E+04   3.47867838E+04   3.47867838E+04
   9.28000000E-02   4.00594629E+04   2.09395054E+04   2.09395054E+04   1.30746810E+04   3.44319059E+04   3.44319059E+04
   9.30000000E-02   3.96490591E+04   2.07249830E+04   2.07249830E+04   1.29407326E+04   3.40791556E+04   3.40791556E+04
   9.32000000E-02   3.92411118E+04   2.05117446E+04   2.05117446E+04   1.28075860E+04   3.37285168E+04   3.37285168E+04
   9.34000000E-02   3.88356022E+04   2.02997804E+04   2.02997804E+04   1.26752350E+04   3.33799732E+04   3.33799732E+04
   9.36000000E-02   3.84325117E+04   2.00890808E+04   2.00890808E+04   1.25436736E+04   3.30335089E+04   3.30335089E+04
   9.38000000E-02   3.80318220E+04   1.98796360E+04   1.98796360E+04   1.24128958E+04   3.26891081E+04   3.26891081E+04
   9.40000000E-02   3.76335148E+04   1.96714366E+04   1.96714366E+04   1.22828955E+04   3.23467551E+04   3.23467551E+04
   9.42000000E-02   3.72375720E+04   1.94644731E+04   1.94644731E+04   1.21536670E+04   3.20064344E+04   3.20064344E+04
   9.44000000E-02   3.68439759E+04   1.92587363E+04   1.92587363E+04   1.20252044E+04   3.16681307E+04   3.16681307E+04
   9.46000000E-02   3.64527086E+04   1.90542167E+04   1.90542167E+04   1.18975019E+04   3.13318287E+04   3.13318287E+04
   9.48000000E-02   3.60637527E+04   1.88509054E+04   1.88509054E+04   1.17705537E+04   3.09975133E+04   3.09975133E+04
   9.50000000E-02   3.56770907E+04   1.86487931E+04   1.86487931E+04   1.16443543E+04   3.06651697E+04   3.06651697E+04
   9.52000000E-02   3.52927055E+04   1.84478708E+04   1.84478708E+04   1.15188979E+04   3.03347830E+04   3.03347830E+04
   9.54000000E-02   3.49105800E+04   1.82481298E+04   1.82481298E+04   1.13941791E+04   3.00063385E+04   3.00063385E+04
   9.56000000E-02   3.45306973E+04   1.80495611E+04   1.80495611E+04   1.12701923E+04   2.96798218E+04   2.96798218E+04
   9.58000000E-02   3.41530407E+04   1.78521560E+04   1.78521560E+04   1.11469320E+04   2.93552184E+04   2.93552184E+04
   9.60000000E-02   3.37775936E+04   1.76559058E+04   1.76559058E+04   1.10243929E+04   2.90325141E+04   2.90325141E+04
   9.62000000E-02   3.34043396E+04   1.74608020E+04   1.74608020E+04   1.09025696E+04   2.87116949E+04   2.87116949E+04
   9.64000000E-02   3.30332624E+04   1.72668360E+04   1.72668360E+04   1.07814568E+04   2.83927467E+04   2.83927467E+04
   9.66000000E-02   3.26643459E+04   1.70739995E+04   1.70739995E+04   1.06610491E+04   2.80756556E+04   2.80756556E+04
   9.68000000E-02   3.22975741E+04   1.68822840E+04   1.68822840E+04   1.05413415E+04   2.77604079E+04   2.77604079E+04
   9.70000000E-02   3.19329313E+04   1.66916813E+04   1.66916813E+04   1.04223286E+04   2.74469901E+04   2.74469901E+04
   9.72000000E-02   3.15704016E+04   1.65021832E+04   1.65021832E+04   1.03040056E+04   2.71353887E+04   2.71353887E+04
   9.74000000E-02   3.12099697E+04   1.63137816E+04   1.63137816E+04   1.01863671E+04   2.68255902E+04   2.68255902E+04
   9.76000000E-02   3.08516200E+04   1.61264685E+04   1.61264685E+04   1.00694083E+04   2.65175816E+04   2.65175816E+04
   9.78000000E-02   3.04953374E+04   1.59402358E+04   1.59402358E+04   9.95312414E+03   2.62113496E+04   2.62113496E+04
   9.80000000E-02   3.01411068E+04   1.57550757E+04   1.57550757E+04   9.83750970E+03   2.59068813E+04   2.59068813E+04
   9.82000000E-02   2.97889132E+04   1.55709804E+04   1.55709804E+04   9.72256009E+03   2.56041639E+04   2.56041639E+04
   9.84000000E-02   2.94387417E+04   1.53879420E+04   1.53879420E+04   9.60827048E+03   2.53031845E+04   2.53031845E+04
   9.86000000E-02   2.90905776E+04   1.52059530E+04   1.52059530E+04   9.49463606E+03   2.50039306E+04   2.50039306E+04
   9.88000000E-02   2.87444065E+04   1.50250057E+04   1.50250057E+04   9.38165209E+03   2.47063896E+04   2.47063896E+04
   9.90000000E-02   2.84002138E+04   1.48450925E+04   1.48450925E+04   9.26931384E+03   2.44105491E+04   2.44105491E+04
   9.92000000E-02   2.80579852E+04   1.46662060E+04   1.46662060E+04   9.15761666E+03   2.41163969E+04   2.41163969E+04
   9.94000000E-02   2.77177067E+04   1.44883388E+04   1.44883388E+04   9.04655592E+03   2.38239207E+04   2.38239207E+04
   9.96000000E-02   2.73793641E+04   1.43114836E+04   1.43114836E+04   8.93612703E+03   2.35331084E+04   2.35331084E+04
   9.98000000E-02   2.70429434E+04   1.41356329E+04   1.41356329E+04   8.82632546E+03   2.32439482E+04   2.32439482E+04
   1.00000000E-01   2.67084311E+04   1.39607798E+04   1.39607798E+04   8.71714669E+03   2.29564282E+04   2.29564282E+04