# TBinMid=0.9515 ssec TBinWidth=0.1 ss EBinWidth=0.2MeV Fluence at Earth for this timebin in neutrinos per cm^2
# E(GeV)	NuE	NuMu	NuTau	aNuE	aNuMu	aNuTau
   1.38589050E-13   1.41990491E+18   1.54772020E+18   1.54772020E+18   1.08911688E+18   1.33772543E+18   1.33772543E+18
   2.00000000E-04   2.53897001E+09   2.76751995E+09   2.76751995E+09   1.94747908E+09   2.39202268E+09   2.39202268E+09
   4.00000000E-04   1.29503923E+09   1.41161452E+09   1.41161452E+09   9.93340532E+08   1.22008658E+09   1.22008658E+09
   6.00000000E-04   8.73325001E+08   9.51938920E+08   9.51938920E+08   6.69870918E+08   8.22779792E+08   8.22779792E+08
   8.00000000E-04   6.60296733E+08   7.19734529E+08   7.19734529E+08   5.06470762E+08   6.22080906E+08   6.22080906E+08
   1.00000000E-03   5.31528036E+08   5.79374487E+08   5.79374487E+08   4.07700654E+08   5.00764923E+08   5.00764923E+08
   1.20000000E-03   4.45180577E+08   4.85254307E+08   4.85254307E+08   3.41469123E+08   4.19414974E+08   4.19414974E+08
   1.40000000E-03   5.20795986E+08   6.61886605E+08   6.61886605E+08   3.89590426E+08   4.84906752E+08   4.84906752E+08
   1.60000000E-03   5.70078712E+08   8.40744365E+08   8.40744365E+08   4.18461445E+08   5.24685266E+08   5.24685266E+08
   1.80000000E-03   6.36613555E+08   9.73442531E+08   9.73442531E+08   4.65364368E+08   5.84208800E+08   5.84208800E+08
   2.00000000E-03   9.29388897E+08   1.18979582E+09   1.18979582E+09   6.98177980E+08   8.65715727E+08   8.65715727E+08
   2.20000000E-03   1.15798540E+09   1.77910852E+09   1.77910852E+09   8.64437125E+08   1.06656167E+09   1.06656167E+09
   2.40000000E-03   1.32753217E+09   2.30345309E+09   2.30345309E+09   9.84650393E+08   1.21162105E+09   1.21162105E+09
   2.60000000E-03   1.45132648E+09   2.69740470E+09   2.69740470E+09   1.07215659E+09   1.31706882E+09   1.31706882E+09
   2.80000000E-03   1.82470992E+09   3.14359238E+09   3.14359238E+09   1.49167585E+09   1.69861225E+09   1.69861225E+09
   3.00000000E-03   2.12661879E+09   3.49385879E+09   3.49385879E+09   1.83467300E+09   2.00838880E+09   2.00838880E+09
   3.20000000E-03   2.36515233E+09   3.76645633E+09   3.76645633E+09   2.10801567E+09   2.25383918E+09   2.25383918E+09
   3.40000000E-03   2.56327643E+09   4.17390200E+09   4.17390200E+09   2.32705392E+09   2.44923889E+09   2.44923889E+09
   3.60000000E-03   2.72629542E+09   4.61482745E+09   4.61482745E+09   2.50323097E+09   2.60521716E+09   2.60521716E+09
   3.80000000E-03   2.85650623E+09   4.97486849E+09   4.97486849E+09   2.64521300E+09   2.72981371E+09   2.72981371E+09
   4.00000000E-03   3.10665008E+09   5.34598839E+09   5.34598839E+09   3.03626450E+09   3.00857320E+09   3.00857320E+09
   4.20000000E-03   3.33532060E+09   5.66372946E+09   5.66372946E+09   3.40472667E+09   3.26676017E+09   3.26676017E+09
   4.40000000E-03   3.52647635E+09   5.92716639E+09   5.92716639E+09   3.71690591E+09   3.48364554E+09   3.48364554E+09
   4.60000000E-03   3.68643346E+09   6.14554465E+09   6.14554465E+09   3.98208187E+09   3.66613326E+09   3.66613326E+09
   4.80000000E-03   3.82028118E+09   6.32630407E+09   6.32630407E+09   4.20775029E+09   3.81979091E+09   3.81979091E+09
   5.00000000E-03   3.93215457E+09   6.47548152E+09   6.47548152E+09   4.40001700E+09   3.94914615E+09   3.94914615E+09
   5.20000000E-03   4.02543914E+09   6.59801278E+09   6.59801278E+09   4.56389401E+09   4.05790918E+09   4.05790918E+09
   5.40000000E-03   4.10297157E+09   6.69896208E+09   6.69896208E+09   4.70352448E+09   4.14914171E+09   4.14914171E+09
   5.60000000E-03   4.16704166E+09   6.78111753E+09   6.78111753E+09   4.82235564E+09   4.22538666E+09   4.22538666E+09
   5.80000000E-03   4.24962003E+09   6.86243072E+09   6.86243072E+09   5.02645379E+09   4.33649034E+09   4.33649034E+09
   6.00000000E-03   4.32180927E+09   6.92931774E+09   6.92931774E+09   5.21349622E+09   4.43578958E+09   4.43578958E+09
   6.20000000E-03   4.38255481E+09   6.98250750E+09   6.98250750E+09   5.37721846E+09   4.52094387E+09   4.52094387E+09
   6.40000000E-03   4.43334703E+09   7.02386132E+09   7.02386132E+09   5.52049908E+09   4.59375540E+09   4.59375540E+09
   6.60000000E-03   4.47545826E+09   7.05496325E+09   7.05496325E+09   5.64580578E+09   4.65576528E+09   4.65576528E+09
   6.80000000E-03   4.50997919E+09   7.07716678E+09   7.07716678E+09   5.75526294E+09   4.70829690E+09   4.70829690E+09
   7.00000000E-03   4.53784843E+09   7.09163281E+09   7.09163281E+09   5.85070666E+09   4.75249110E+09   4.75249110E+09
   7.20000000E-03   4.55987663E+09   7.09936052E+09   7.09936052E+09   5.93372978E+09   4.78933496E+09   4.78933496E+09
   7.40000000E-03   4.57676628E+09   7.10121270E+09   7.10121270E+09   6.00571896E+09   4.81968550E+09   4.81968550E+09
   7.60000000E-03   4.58912812E+09   7.09793670E+09   7.09793670E+09   6.06788530E+09   4.84428916E+09   4.84428916E+09
   7.80000000E-03   4.59749465E+09   7.09018166E+09   7.09018166E+09   6.12128986E+09   4.86379806E+09   4.86379806E+09
   8.00000000E-03   4.60233149E+09   7.07851297E+09   7.07851297E+09   6.16686499E+09   4.87878359E+09   4.87878359E+09
   8.20000000E-03   4.60404684E+09   7.06342425E+09   7.06342425E+09   6.20543217E+09   4.88974767E+09   4.88974767E+09
   8.40000000E-03   4.57945920E+09   7.03304278E+09   7.03304278E+09   6.20804507E+09   4.87174579E+09   4.87174579E+09
   8.60000000E-03   4.54602029E+09   6.95993500E+09   6.95993500E+09   6.19910204E+09   4.84549287E+09   4.84549287E+09
   8.80000000E-03   4.51136984E+09   6.86412129E+09   6.86412129E+09   6.18752266E+09   4.81847757E+09   4.81847757E+09
   9.00000000E-03   4.47675047E+09   6.77119550E+09   6.77119550E+09   6.17361642E+09   4.79083667E+09   4.79083667E+09
   9.20000000E-03   4.44222505E+09   6.68102823E+09   6.68102823E+09   6.15765728E+09   4.76268950E+09   4.76268950E+09
   9.40000000E-03   4.40784699E+09   6.59349735E+09   6.59349735E+09   6.13988815E+09   4.73414030E+09   4.73414030E+09
   9.60000000E-03   4.37366158E+09   6.50848760E+09   6.50848760E+09   6.12052480E+09   4.70528015E+09   4.70528015E+09
   9.80000000E-03   4.33970711E+09   6.42589011E+09   6.42589011E+09   6.09975914E+09   4.67618871E+09   4.67618871E+09
   1.00000000E-02   4.30601584E+09   6.34560202E+09   6.34560202E+09   6.07776215E+09   4.64693567E+09   4.64693567E+09
   1.02000000E-02   4.27261481E+09   6.26752611E+09   6.26752611E+09   6.05468632E+09   4.61758199E+09   4.61758199E+09
   1.04000000E-02   4.23952654E+09   6.19157041E+09   6.19157041E+09   6.03066785E+09   4.58818101E+09   4.58818101E+09
   1.06000000E-02   4.20676966E+09   6.11764791E+09   6.11764791E+09   6.00582850E+09   4.55877938E+09   4.55877938E+09
   1.08000000E-02   4.17435941E+09   6.04567622E+09   6.04567622E+09   5.98027727E+09   4.52941786E+09   4.52941786E+09
   1.10000000E-02   4.14230812E+09   5.97557730E+09   5.97557730E+09   5.95411177E+09   4.50013207E+09   4.50013207E+09
   1.12000000E-02   4.11062555E+09   5.90727716E+09   5.90727716E+09   5.92741956E+09   4.47095306E+09   4.47095306E+09
   1.14000000E-02   4.07931931E+09   5.84070565E+09   5.84070565E+09   5.90027916E+09   4.44190786E+09   4.44190786E+09
   1.16000000E-02   4.04839505E+09   5.77579618E+09   5.77579618E+09   5.87276111E+09   4.41301999E+09   4.41301999E+09
   1.18000000E-02   4.01785680E+09   5.71248554E+09   5.71248554E+09   5.84492875E+09   4.38430982E+09   4.38430982E+09
   1.20000000E-02   3.98770715E+09   5.65071366E+09   5.65071366E+09   5.81683902E+09   4.35579497E+09   4.35579497E+09
   1.22000000E-02   3.94125383E+09   5.58169753E+09   5.58169753E+09   5.75894944E+09   4.30748345E+09   4.30748345E+09
   1.24000000E-02   3.87973432E+09   5.50602953E+09   5.50602953E+09   5.67349972E+09   4.24087113E+09   4.24087113E+09
   1.26000000E-02   3.82013554E+09   5.43253758E+09   5.43253758E+09   5.59064558E+09   4.17632840E+09   4.17632840E+09
   1.28000000E-02   3.76236846E+09   5.36112669E+09   5.36112669E+09   5.51026900E+09   4.11375964E+09   4.11375964E+09
   1.30000000E-02   3.70634948E+09   5.29170738E+09   5.29170738E+09   5.43225903E+09   4.05307507E+09   4.05307507E+09
   1.32000000E-02   3.65200002E+09   5.22419532E+09   5.22419532E+09   5.35651131E+09   3.99419027E+09   3.99419027E+09
   1.34000000E-02   3.59924616E+09   5.15851092E+09   5.15851092E+09   5.28292754E+09   3.93702581E+09   3.93702581E+09
   1.36000000E-02   3.54801829E+09   5.09457903E+09   5.09457903E+09   5.21141509E+09   3.88150690E+09   3.88150690E+09
   1.38000000E-02   3.49666704E+09   4.99746063E+09   4.99746063E+09   5.14188660E+09   3.82756300E+09   3.82756300E+09
   1.40000000E-02   3.44640147E+09   4.89506966E+09   4.89506966E+09   5.07425954E+09   3.77512760E+09   3.77512760E+09
   1.42000000E-02   3.39755622E+09   4.79599647E+09   4.79599647E+09   5.00845595E+09   3.72413787E+09   3.72413787E+09
   1.44000000E-02   3.35007197E+09   4.70009085E+09   4.70009085E+09   4.94440212E+09   3.67453444E+09   3.67453444E+09
   1.46000000E-02   3.30389269E+09   4.60721132E+09   4.60721132E+09   4.88202824E+09   3.62626115E+09   3.62626115E+09
   1.48000000E-02   3.25896536E+09   4.51722451E+09   4.51722451E+09   4.82126824E+09   3.57926486E+09   3.57926486E+09
   1.50000000E-02   3.21523981E+09   4.43000457E+09   4.43000457E+09   4.76205946E+09   3.53349523E+09   3.53349523E+09
   1.52000000E-02   3.17266849E+09   4.34543268E+09   4.34543268E+09   4.70434247E+09   3.48890451E+09   3.48890451E+09
   1.54000000E-02   3.13120634E+09   4.26339658E+09   4.26339658E+09   4.64806086E+09   3.44544745E+09   3.44544745E+09
   1.56000000E-02   3.09081063E+09   4.18379008E+09   4.18379008E+09   4.59316105E+09   3.40308106E+09   3.40308106E+09
   1.58000000E-02   3.05144075E+09   4.10651273E+09   4.10651273E+09   4.53959211E+09   3.36176452E+09   3.36176452E+09
   1.60000000E-02   3.01305818E+09   4.03146939E+09   4.03146939E+09   4.48730560E+09   3.32145903E+09   3.32145903E+09
   1.62000000E-02   2.97562627E+09   3.95856989E+09   3.95856989E+09   4.43625541E+09   3.28212768E+09   3.28212768E+09
   1.64000000E-02   2.93911016E+09   3.88772877E+09   3.88772877E+09   4.38639764E+09   3.24373533E+09   3.24373533E+09
   1.66000000E-02   2.90347668E+09   3.81886489E+09   3.81886489E+09   4.33769046E+09   3.20624854E+09   3.20624854E+09
   1.68000000E-02   2.86869426E+09   3.75190125E+09   3.75190125E+09   4.29009396E+09   3.16963542E+09   3.16963542E+09
   1.70000000E-02   2.83473278E+09   3.68676469E+09   3.68676469E+09   4.24357010E+09   3.13386558E+09   3.13386558E+09
   1.72000000E-02   2.80156356E+09   3.62338566E+09   3.62338566E+09   4.19808255E+09   3.09891003E+09   3.09891003E+09
   1.74000000E-02   2.76915922E+09   3.56169800E+09   3.56169800E+09   4.15359662E+09   3.06474109E+09   3.06474109E+09
   1.76000000E-02   2.73749363E+09   3.50163876E+09   3.50163876E+09   4.11007917E+09   3.03133232E+09   3.03133232E+09
   1.78000000E-02   2.70191504E+09   3.44072951E+09   3.44072951E+09   4.05940858E+09   2.99313961E+09   2.99313961E+09
   1.80000000E-02   2.64884439E+09   3.37182769E+09   3.37182769E+09   3.97785458E+09   2.93397038E+09   2.93397038E+09
   1.82000000E-02   2.59719202E+09   3.30477538E+09   3.30477538E+09   3.89849132E+09   2.87638476E+09   2.87638476E+09
   1.84000000E-02   2.54690624E+09   3.23950503E+09   3.23950503E+09   3.82123874E+09   2.82032499E+09   2.82032499E+09
   1.86000000E-02   2.49793776E+09   3.17595223E+09   3.17595223E+09   3.74602052E+09   2.76573597E+09   2.76573597E+09
   1.88000000E-02   2.45023953E+09   3.11405551E+09   3.11405551E+09   3.67276383E+09   2.71256516E+09   2.71256516E+09
   1.90000000E-02   2.40376667E+09   3.05375622E+09   3.05375622E+09   3.60139917E+09   2.66076241E+09   2.66076241E+09
   1.92000000E-02   2.35847629E+09   2.99499833E+09   2.99499833E+09   3.53186016E+09   2.61027979E+09   2.61027979E+09
   1.94000000E-02   2.31432744E+09   2.93772832E+09   2.93772832E+09   3.46408339E+09   2.56107154E+09   2.56107154E+09
   1.96000000E-02   2.27128094E+09   2.88189504E+09   2.88189504E+09   3.39800824E+09   2.51309392E+09   2.51309392E+09
   1.98000000E-02   2.22929934E+09   2.82744955E+09   2.82744955E+09   3.33357675E+09   2.46630507E+09   2.46630507E+09
   2.00000000E-02   2.18834682E+09   2.77434506E+09   2.77434506E+09   3.27073347E+09   2.42066496E+09   2.42066496E+09
   2.02000000E-02   2.14838907E+09   2.72253677E+09   2.72253677E+09   3.20942531E+09   2.37613529E+09   2.37613529E+09
   2.04000000E-02   2.10939324E+09   2.67198178E+09   2.67198178E+09   3.14960146E+09   2.33267935E+09   2.33267935E+09
   2.06000000E-02   2.07132788E+09   2.62263899E+09   2.62263899E+09   3.09121322E+09   2.29026200E+09   2.29026200E+09
   2.08000000E-02   2.03416283E+09   2.57446903E+09   2.57446903E+09   3.03421395E+09   2.24884954E+09   2.24884954E+09
   2.10000000E-02   1.99786917E+09   2.52743415E+09   2.52743415E+09   2.97855891E+09   2.20840969E+09   2.20840969E+09
   2.12000000E-02   1.96241917E+09   2.48149813E+09   2.48149813E+09   2.92420520E+09   2.16891146E+09   2.16891146E+09
   2.14000000E-02   1.92778622E+09   2.43662623E+09   2.43662623E+09   2.87111167E+09   2.13032513E+09   2.13032513E+09
   2.16000000E-02   1.89394478E+09   2.39278510E+09   2.39278510E+09   2.81923881E+09   2.09262217E+09   2.09262217E+09
   2.18000000E-02   1.86087033E+09   2.34994273E+09   2.34994273E+09   2.76854868E+09   2.05577518E+09   2.05577518E+09
   2.20000000E-02   1.82847978E+09   2.30675830E+09   2.30675830E+09   2.71900485E+09   2.01975785E+09   2.01975785E+09
   2.22000000E-02   1.79667691E+09   2.26158177E+09   2.26158177E+09   2.67057231E+09   1.98454489E+09   1.98454489E+09
   2.24000000E-02   1.76557821E+09   2.21742880E+09   2.21742880E+09   2.62321740E+09   1.95011199E+09   1.95011199E+09
   2.26000000E-02   1.73516259E+09   2.17426840E+09   2.17426840E+09   2.57690776E+09   1.91643577E+09   1.91643577E+09
   2.28000000E-02   1.70540975E+09   2.13207076E+09   2.13207076E+09   2.53161228E+09   1.88349375E+09   1.88349375E+09
   2.30000000E-02   1.67630017E+09   2.09080721E+09   2.09080721E+09   2.48730100E+09   1.85126430E+09   1.85126430E+09
   2.32000000E-02   1.64781505E+09   2.05045014E+09   2.05045014E+09   2.44394509E+09   1.81972659E+09   1.81972659E+09
   2.34000000E-02   1.61993629E+09   2.01097300E+09   2.01097300E+09   2.40151681E+09   1.78886057E+09   1.78886057E+09
   2.36000000E-02   1.59264646E+09   1.97235021E+09   1.97235021E+09   2.35998942E+09   1.75864692E+09   1.75864692E+09
   2.38000000E-02   1.56592877E+09   1.93455713E+09   1.93455713E+09   2.31933716E+09   1.72906703E+09   1.72906703E+09
   2.40000000E-02   1.53976703E+09   1.89757002E+09   1.89757002E+09   2.27953522E+09   1.70010297E+09   1.70010297E+09
   2.42000000E-02   1.51414563E+09   1.86136600E+09   1.86136600E+09   2.24055967E+09   1.67173744E+09   1.67173744E+09
   2.44000000E-02   1.48904952E+09   1.82592300E+09   1.82592300E+09   2.20238744E+09   1.64395378E+09   1.64395378E+09
   2.46000000E-02   1.46446420E+09   1.79121976E+09   1.79121976E+09   2.16499627E+09   1.61673590E+09   1.61673590E+09
   2.48000000E-02   1.44037564E+09   1.75723575E+09   1.75723575E+09   2.12836469E+09   1.59006828E+09   1.59006828E+09
   2.50000000E-02   1.41677033E+09   1.72395117E+09   1.72395117E+09   2.09247198E+09   1.56393594E+09   1.56393594E+09
   2.52000000E-02   1.39363522E+09   1.69134690E+09   1.69134690E+09   2.05729813E+09   1.53832442E+09   1.53832442E+09
   2.54000000E-02   1.37095771E+09   1.65940449E+09   1.65940449E+09   2.02282382E+09   1.51321975E+09   1.51321975E+09
   2.56000000E-02   1.34872561E+09   1.62810611E+09   1.62810611E+09   1.98903038E+09   1.48860844E+09   1.48860844E+09
   2.58000000E-02   1.32692716E+09   1.59743456E+09   1.59743456E+09   1.95589980E+09   1.46447747E+09   1.46447747E+09
   2.60000000E-02   1.30555099E+09   1.56737319E+09   1.56737319E+09   1.92341463E+09   1.44081422E+09   1.44081422E+09
   2.62000000E-02   1.28204930E+09   1.53657992E+09   1.53657992E+09   1.88801036E+09   1.41478870E+09   1.41478870E+09
   2.64000000E-02   1.25770039E+09   1.50571293E+09   1.50571293E+09   1.85147326E+09   1.38782084E+09   1.38782084E+09
   2.66000000E-02   1.23382725E+09   1.47545411E+09   1.47545411E+09   1.81565214E+09   1.36138023E+09   1.36138023E+09
   2.68000000E-02   1.21041762E+09   1.44578772E+09   1.44578772E+09   1.78052849E+09   1.33545325E+09   1.33545325E+09
   2.70000000E-02   1.18745960E+09   1.41669851E+09   1.41669851E+09   1.74608441E+09   1.31002674E+09   1.31002674E+09
   2.72000000E-02   1.16494171E+09   1.38817172E+09   1.38817172E+09   1.71230256E+09   1.28508795E+09   1.28508795E+09
   2.74000000E-02   1.14285281E+09   1.36019310E+09   1.36019310E+09   1.67916620E+09   1.26062455E+09   1.26062455E+09
   2.76000000E-02   1.12118212E+09   1.33274881E+09   1.33274881E+09   1.64665907E+09   1.23662460E+09   1.23662460E+09
   2.78000000E-02   1.09991923E+09   1.30582547E+09   1.30582547E+09   1.61476547E+09   1.21307652E+09   1.21307652E+09
   2.80000000E-02   1.07905401E+09   1.27941014E+09   1.27941014E+09   1.58347018E+09   1.18996912E+09   1.18996912E+09
   2.82000000E-02   1.05857669E+09   1.25349025E+09   1.25349025E+09   1.55275845E+09   1.16729155E+09   1.16729155E+09
   2.84000000E-02   1.03847778E+09   1.22805365E+09   1.22805365E+09   1.52261598E+09   1.14503331E+09   1.14503331E+09
   2.86000000E-02   1.01874808E+09   1.20308854E+09   1.20308854E+09   1.49302894E+09   1.12318418E+09   1.12318418E+09
   2.88000000E-02   9.99378682E+08   1.17858351E+09   1.17858351E+09   1.46398389E+09   1.10173431E+09   1.10173431E+09
   2.90000000E-02   9.80360949E+08   1.15452748E+09   1.15452748E+09   1.43546783E+09   1.08067411E+09   1.08067411E+09
   2.92000000E-02   9.61686500E+08   1.13090970E+09   1.13090970E+09   1.40746812E+09   1.05999430E+09   1.05999430E+09
   2.94000000E-02   9.43347205E+08   1.10771976E+09   1.10771976E+09   1.37997254E+09   1.03968586E+09   1.03968586E+09
   2.96000000E-02   9.25335180E+08   1.08494755E+09   1.08494755E+09   1.35296919E+09   1.01974006E+09   1.01974006E+09
   2.98000000E-02   9.07642773E+08   1.06258326E+09   1.06258326E+09   1.32644656E+09   1.00014842E+09   1.00014842E+09
   3.00000000E-02   8.90262556E+08   1.04061738E+09   1.04061738E+09   1.30039346E+09   9.80902696E+08   9.80902696E+08
   3.02000000E-02   8.73187321E+08   1.01904067E+09   1.01904067E+09   1.27479902E+09   9.61994906E+08   9.61994906E+08
   3.04000000E-02   8.56410066E+08   9.97844162E+08   9.97844162E+08   1.24965272E+09   9.43417291E+08   9.43417291E+08
   3.06000000E-02   8.39923994E+08   9.77019140E+08   9.77019140E+08   1.22494431E+09   9.25162315E+08   9.25162315E+08
   3.08000000E-02   8.23722503E+08   9.56557148E+08   9.56557148E+08   1.20066384E+09   9.07222661E+08   9.07222661E+08
   3.10000000E-02   8.07799178E+08   9.36449970E+08   9.36449970E+08   1.17680166E+09   8.89591218E+08   8.89591218E+08
   3.12000000E-02   7.92147786E+08   9.16689623E+08   9.16689623E+08   1.15334838E+09   8.72261080E+08   8.72261080E+08
   3.14000000E-02   7.76762271E+08   8.97268347E+08   8.97268347E+08   1.13029489E+09   8.55225534E+08   8.55225534E+08
   3.16000000E-02   7.61636744E+08   8.78178602E+08   8.78178602E+08   1.10763230E+09   8.38478054E+08   8.38478054E+08
   3.18000000E-02   7.46765483E+08   8.59413060E+08   8.59413060E+08   1.08535202E+09   8.22012296E+08   8.22012296E+08
   3.20000000E-02   7.32142922E+08   8.40964593E+08   8.40964593E+08   1.06344565E+09   8.05822094E+08   8.05822094E+08
   3.22000000E-02   7.17763650E+08   8.22826272E+08   8.22826272E+08   1.04190505E+09   7.89901449E+08   7.89901449E+08
   3.24000000E-02   7.03622403E+08   8.04991356E+08   8.04991356E+08   1.02072229E+09   7.74244526E+08   7.74244526E+08
   3.26000000E-02   6.89714059E+08   7.87453289E+08   7.87453289E+08   9.99889662E+08   7.58845651E+08   7.58845651E+08
   3.28000000E-02   6.76033636E+08   7.70205693E+08   7.70205693E+08   9.79399665E+08   7.43699302E+08   7.43699302E+08
   3.30000000E-02   6.62576286E+08   7.53242360E+08   7.53242360E+08   9.59244998E+08   7.28800104E+08   7.28800104E+08
   3.32000000E-02   6.49337289E+08   7.36557250E+08   7.36557250E+08   9.39418556E+08   7.14142827E+08   7.14142827E+08
   3.34000000E-02   6.36312051E+08   7.20144483E+08   7.20144483E+08   9.19913423E+08   6.99722382E+08   6.99722382E+08
   3.36000000E-02   6.23496101E+08   7.03998336E+08   7.03998336E+08   9.00722866E+08   6.85533810E+08   6.85533810E+08
   3.38000000E-02   6.10885083E+08   6.88113234E+08   6.88113234E+08   8.81840329E+08   6.71572285E+08   6.71572285E+08
   3.40000000E-02   5.98474756E+08   6.72483751E+08   6.72483751E+08   8.63259427E+08   6.57833108E+08   6.57833108E+08
   3.42000000E-02   5.86260988E+08   6.57104600E+08   6.57104600E+08   8.44973942E+08   6.44311699E+08   6.44311699E+08
   3.44000000E-02   5.74239757E+08   6.41970632E+08   6.41970632E+08   8.26977815E+08   6.31003599E+08   6.31003599E+08
   3.46000000E-02   5.62407139E+08   6.27076831E+08   6.27076831E+08   8.09265144E+08   6.17904462E+08   6.17904462E+08
   3.48000000E-02   5.50759315E+08   6.12418308E+08   6.12418308E+08   7.91830178E+08   6.05010055E+08   6.05010055E+08
   3.50000000E-02   5.39292561E+08   5.97990299E+08   5.97990299E+08   7.74667311E+08   5.92316248E+08   5.92316248E+08
   3.52000000E-02   5.28003246E+08   5.83788162E+08   5.83788162E+08   7.57771080E+08   5.79819022E+08   5.79819022E+08
   3.54000000E-02   5.16974585E+08   5.71717329E+08   5.71717329E+08   7.41136159E+08   5.67514453E+08   5.67514453E+08
   3.56000000E-02   5.06185053E+08   5.61375451E+08   5.61375451E+08   7.24757355E+08   5.55398718E+08   5.55398718E+08
   3.58000000E-02   4.95560003E+08   5.51188845E+08   5.51188845E+08   7.08629604E+08   5.43468089E+08   5.43468089E+08
   3.60000000E-02   4.85096206E+08   5.41154483E+08   5.41154483E+08   6.92747969E+08   5.31718930E+08   5.31718930E+08
   3.62000000E-02   4.74790513E+08   5.31269413E+08   5.31269413E+08   6.77107632E+08   5.20147694E+08   5.20147694E+08
   3.64000000E-02   4.64639854E+08   5.21530752E+08   5.21530752E+08   6.61703895E+08   5.08750921E+08   5.08750921E+08
   3.66000000E-02   4.54641231E+08   5.11935687E+08   5.11935687E+08   6.46532174E+08   4.97525236E+08   4.97525236E+08
   3.68000000E-02   4.44791720E+08   5.02481476E+08   5.02481476E+08   6.31587996E+08   4.86467344E+08   4.86467344E+08
   3.70000000E-02   4.35088466E+08   4.93165439E+08   4.93165439E+08   6.16866995E+08   4.75574032E+08   4.75574032E+08
   3.72000000E-02   4.25528685E+08   4.83984963E+08   4.83984963E+08   6.02364912E+08   4.64842161E+08   4.64842161E+08
   3.74000000E-02   4.16109657E+08   4.74937495E+08   4.74937495E+08   5.88077587E+08   4.54268669E+08   4.54268669E+08
   3.76000000E-02   4.06828728E+08   4.66020544E+08   4.66020544E+08   5.74000960E+08   4.43850566E+08   4.43850566E+08
   3.78000000E-02   3.97683305E+08   4.57231675E+08   4.57231675E+08   5.60131068E+08   4.33584933E+08   4.33584933E+08
   3.80000000E-02   3.88670857E+08   4.48568512E+08   4.48568512E+08   5.46464040E+08   4.23468920E+08   4.23468920E+08
   3.82000000E-02   3.79788912E+08   4.40028735E+08   4.40028735E+08   5.32996095E+08   4.13499741E+08   4.13499741E+08
   3.84000000E-02   3.72975756E+08   4.32624501E+08   4.32624501E+08   5.23070892E+08   4.05978783E+08   4.05978783E+08
   3.86000000E-02   3.67149337E+08   4.25789226E+08   4.25789226E+08   5.14822488E+08   3.99621505E+08   3.99621505E+08
   3.88000000E-02   3.61403004E+08   4.19048036E+08   4.19048036E+08   5.06687594E+08   3.93351635E+08   3.93351635E+08
   3.90000000E-02   3.55735320E+08   4.12399241E+08   4.12399241E+08   4.98664171E+08   3.87167606E+08   3.87167606E+08
   3.92000000E-02   3.50144881E+08   4.05841191E+08   4.05841191E+08   4.90750227E+08   3.81067885E+08   3.81067885E+08
   3.94000000E-02   3.44630313E+08   3.99372272E+08   3.99372272E+08   4.82943817E+08   3.75050972E+08   3.75050972E+08
   3.96000000E-02   3.39190275E+08   3.92990906E+08   3.92990906E+08   4.75243036E+08   3.69115403E+08   3.69115403E+08
   3.98000000E-02   3.33823455E+08   3.86695550E+08   3.86695550E+08   4.67646024E+08   3.63259745E+08   3.63259745E+08
   4.00000000E-02   3.28528568E+08   3.80484697E+08   3.80484697E+08   4.60150961E+08   3.57482598E+08   3.57482598E+08
   4.02000000E-02   3.23304361E+08   3.74356870E+08   3.74356870E+08   4.52756068E+08   3.51782592E+08   3.51782592E+08
   4.04000000E-02   3.18149606E+08   3.68310628E+08   3.68310628E+08   4.45459604E+08   3.46158386E+08   3.46158386E+08
   4.06000000E-02   3.13063102E+08   3.62344559E+08   3.62344559E+08   4.38259867E+08   3.40608671E+08   3.40608671E+08
   4.08000000E-02   3.08043674E+08   3.56457282E+08   3.56457282E+08   4.31155192E+08   3.35132165E+08   3.35132165E+08
   4.10000000E-02   3.03090174E+08   3.50647448E+08   3.50647448E+08   4.24143949E+08   3.29727612E+08   3.29727612E+08
   4.12000000E-02   2.98201477E+08   3.44913733E+08   3.44913733E+08   4.17224544E+08   3.24393786E+08   3.24393786E+08
   4.14000000E-02   2.93376484E+08   3.39254846E+08   3.39254846E+08   4.10395416E+08   3.19129486E+08   3.19129486E+08
   4.16000000E-02   2.88614116E+08   3.33669521E+08   3.33669521E+08   4.03655040E+08   3.13933536E+08   3.13933536E+08
   4.18000000E-02   2.83913321E+08   3.28156518E+08   3.28156518E+08   3.97001920E+08   3.08804786E+08   3.08804786E+08
   4.20000000E-02   2.79273066E+08   3.22714626E+08   3.22714626E+08   3.90434595E+08   3.03742110E+08   3.03742110E+08
   4.22000000E-02   2.74692343E+08   3.17342657E+08   3.17342657E+08   3.83951631E+08   2.98744406E+08   2.98744406E+08
   4.24000000E-02   2.70170161E+08   3.12039449E+08   3.12039449E+08   3.77551628E+08   2.93810594E+08   2.93810594E+08
   4.26000000E-02   2.65705553E+08   3.06803865E+08   3.06803865E+08   3.71233212E+08   2.88939618E+08   2.88939618E+08
   4.28000000E-02   2.61297571E+08   3.01634790E+08   3.01634790E+08   3.64995040E+08   2.84130443E+08   2.84130443E+08
   4.30000000E-02   2.56945287E+08   2.96531133E+08   2.96531133E+08   3.58835794E+08   2.79382055E+08   2.79382055E+08
   4.32000000E-02   2.52647791E+08   2.91491825E+08   2.91491825E+08   3.52754187E+08   2.74693462E+08   2.74693462E+08
   4.34000000E-02   2.48404192E+08   2.86515819E+08   2.86515819E+08   3.46748954E+08   2.70063691E+08   2.70063691E+08
   4.36000000E-02   2.44213618E+08   2.81602091E+08   2.81602091E+08   3.40818859E+08   2.65491791E+08   2.65491791E+08
   4.38000000E-02   2.40075215E+08   2.76749635E+08   2.76749635E+08   3.34962690E+08   2.60976828E+08   2.60976828E+08
   4.40000000E-02   2.35988144E+08   2.71957467E+08   2.71957467E+08   3.29179259E+08   2.56517888E+08   2.56517888E+08
   4.42000000E-02   2.31951586E+08   2.67224623E+08   2.67224623E+08   3.23467404E+08   2.52114075E+08   2.52114075E+08
   4.44000000E-02   2.27964735E+08   2.62550158E+08   2.62550158E+08   3.17825983E+08   2.47764513E+08   2.47764513E+08
   4.46000000E-02   2.24026804E+08   2.57933145E+08   2.57933145E+08   3.12253880E+08   2.43468339E+08   2.43468339E+08
   4.48000000E-02   2.20137021E+08   2.53372677E+08   2.53372677E+08   3.06750000E+08   2.39224712E+08   2.39224712E+08
   4.50000000E-02   2.16294628E+08   2.48867864E+08   2.48867864E+08   3.01313268E+08   2.35032804E+08   2.35032804E+08
   4.52000000E-02   2.12498883E+08   2.44417833E+08   2.44417833E+08   2.95942633E+08   2.30891806E+08   2.30891806E+08
   4.54000000E-02   2.08749058E+08   2.40021729E+08   2.40021729E+08   2.90637063E+08   2.26800924E+08   2.26800924E+08
   4.56000000E-02   2.05044440E+08   2.35678715E+08   2.35678715E+08   2.85395547E+08   2.22759378E+08   2.22759378E+08
   4.58000000E-02   2.01384330E+08   2.31387968E+08   2.31387968E+08   2.80217092E+08   2.18766405E+08   2.18766405E+08
   4.60000000E-02   1.97768041E+08   2.27148681E+08   2.27148681E+08   2.75100727E+08   2.14821257E+08   2.14821257E+08
   4.62000000E-02   1.94194900E+08   2.22960065E+08   2.22960065E+08   2.70045497E+08   2.10923199E+08   2.10923199E+08
   4.64000000E-02   1.90664249E+08   2.18821343E+08   2.18821343E+08   2.65050468E+08   2.07071510E+08   2.07071510E+08
   4.66000000E-02   1.87175439E+08   2.14731756E+08   2.14731756E+08   2.60114721E+08   2.03265485E+08   2.03265485E+08
   4.68000000E-02   1.83727836E+08   2.10690557E+08   2.10690557E+08   2.55237357E+08   1.99504431E+08   1.99504431E+08
   4.70000000E-02   1.80320818E+08   2.06697015E+08   2.06697015E+08   2.50417492E+08   1.95787667E+08   1.95787667E+08
   4.72000000E-02   1.76953772E+08   2.02750411E+08   2.02750411E+08   2.45654262E+08   1.92114528E+08   1.92114528E+08
   4.74000000E-02   1.73626100E+08   1.98850041E+08   1.98850041E+08   2.40946815E+08   1.88484358E+08   1.88484358E+08
   4.76000000E-02   1.70337214E+08   1.94995215E+08   1.94995215E+08   2.36294319E+08   1.84896515E+08   1.84896515E+08
   4.78000000E-02   1.67086536E+08   1.91185253E+08   1.91185253E+08   2.31695954E+08   1.81350371E+08   1.81350371E+08
   4.80000000E-02   1.63873500E+08   1.87419490E+08   1.87419490E+08   2.27150918E+08   1.77845305E+08   1.77845305E+08
   4.82000000E-02   1.60697550E+08   1.83697273E+08   1.83697273E+08   2.22658423E+08   1.74380712E+08   1.74380712E+08
   4.84000000E-02   1.57558140E+08   1.80017960E+08   1.80017960E+08   2.18217694E+08   1.70955996E+08   1.70955996E+08
   4.86000000E-02   1.54454734E+08   1.76380922E+08   1.76380922E+08   2.13827973E+08   1.67570572E+08   1.67570572E+08
   4.88000000E-02   1.51386807E+08   1.72785542E+08   1.72785542E+08   2.09488515E+08   1.64223866E+08   1.64223866E+08
   4.90000000E-02   1.48353842E+08   1.69231212E+08   1.69231212E+08   2.05198586E+08   1.60915315E+08   1.60915315E+08
   4.92000000E-02   1.45355333E+08   1.65717337E+08   1.65717337E+08   2.00957470E+08   1.57644366E+08   1.57644366E+08
   4.94000000E-02   1.42390782E+08   1.62243333E+08   1.62243333E+08   1.96764461E+08   1.54410475E+08   1.54410475E+08
   4.96000000E-02   1.39459701E+08   1.58808625E+08   1.58808625E+08   1.92618865E+08   1.51213109E+08   1.51213109E+08
   4.98000000E-02   1.36561608E+08   1.55412649E+08   1.55412649E+08   1.88520002E+08   1.48051744E+08   1.48051744E+08
   5.00000000E-02   1.33696034E+08   1.52054851E+08   1.52054851E+08   1.84467205E+08   1.44925866E+08   1.44925866E+08
   5.02000000E-02   1.30862515E+08   1.48734688E+08   1.48734688E+08   1.80459818E+08   1.41834970E+08   1.41834970E+08
   5.04000000E-02   1.28060596E+08   1.45451626E+08   1.45451626E+08   1.76497195E+08   1.38778559E+08   1.38778559E+08
   5.06000000E-02   1.25289832E+08   1.42205139E+08   1.42205139E+08   1.72578704E+08   1.35756145E+08   1.35756145E+08
   5.08000000E-02   1.22549782E+08   1.38994712E+08   1.38994712E+08   1.68703723E+08   1.32767251E+08   1.32767251E+08
   5.10000000E-02   1.19840017E+08   1.35819839E+08   1.35819839E+08   1.64871640E+08   1.29811406E+08   1.29811406E+08
   5.12000000E-02   1.17160112E+08   1.32680023E+08   1.32680023E+08   1.61081857E+08   1.26888146E+08   1.26888146E+08
   5.14000000E-02   1.14509653E+08   1.29574773E+08   1.29574773E+08   1.57333782E+08   1.23997020E+08   1.23997020E+08
   5.16000000E-02   1.11888229E+08   1.26503611E+08   1.26503611E+08   1.53626837E+08   1.21137579E+08   1.21137579E+08
   5.18000000E-02   1.09295439E+08   1.23466064E+08   1.23466064E+08   1.49960452E+08   1.18309386E+08   1.18309386E+08
   5.20000000E-02   1.06730888E+08   1.20461668E+08   1.20461668E+08   1.46334067E+08   1.15512009E+08   1.15512009E+08
   5.22000000E-02   1.04194189E+08   1.17489968E+08   1.17489968E+08   1.42747133E+08   1.12745025E+08   1.12745025E+08
   5.24000000E-02   1.01684959E+08   1.14550514E+08   1.14550514E+08   1.39199108E+08   1.10008019E+08   1.10008019E+08
   5.26000000E-02   9.92028248E+07   1.11642868E+08   1.11642868E+08   1.35689462E+08   1.07300580E+08   1.07300580E+08
   5.28000000E-02   9.67474168E+07   1.08766595E+08   1.08766595E+08   1.32217671E+08   1.04622306E+08   1.04622306E+08
   5.30000000E-02   9.43183731E+07   1.05921270E+08   1.05921270E+08   1.28783224E+08   1.01972803E+08   1.01972803E+08
   5.32000000E-02   9.19153375E+07   1.03106476E+08   1.03106476E+08   1.25385614E+08   9.93516814E+07   9.93516814E+07
   5.34000000E-02   8.95379599E+07   1.00321800E+08   1.00321800E+08   1.22024346E+08   9.67585589E+07   9.67585589E+07
   5.36000000E-02   8.71858961E+07   9.75668380E+07   9.75668380E+07   1.18698932E+08   9.41930600E+07   9.41930600E+07
   5.38000000E-02   8.48588075E+07   9.48411925E+07   9.48411925E+07   1.15408892E+08   9.16548152E+07   9.16548152E+07
   5.40000000E-02   8.25563613E+07   9.21444725E+07   9.21444725E+07   1.12153754E+08   8.91434612E+07   8.91434612E+07
   5.42000000E-02   8.02782302E+07   8.94762933E+07   8.94762933E+07   1.08933054E+08   8.66586408E+07   8.66586408E+07
   5.44000000E-02   7.80240921E+07   8.68362767E+07   8.68362767E+07   1.05746336E+08   8.42000025E+07   8.42000025E+07
   5.46000000E-02   7.57936306E+07   8.42240508E+07   8.42240508E+07   1.02593151E+08   8.17672009E+07   8.17672009E+07
   5.48000000E-02   7.35865341E+07   8.16392498E+07   8.16392498E+07   9.94730580E+07   7.93598960E+07   7.93598960E+07
   5.50000000E-02   7.14024964E+07   7.90815137E+07   7.90815137E+07   9.63856227E+07   7.69777534E+07   7.69777534E+07
   5.52000000E-02   6.92412161E+07   7.65504887E+07   7.65504887E+07   9.33304179E+07   7.46204444E+07   7.46204444E+07
   5.54000000E-02   6.71023968E+07   7.40458264E+07   7.40458264E+07   9.03070237E+07   7.22876454E+07   7.22876454E+07
   5.56000000E-02   6.49857470E+07   7.15671844E+07   7.15671844E+07   8.73150266E+07   6.99790381E+07   6.99790381E+07
   5.58000000E-02   6.28909796E+07   6.91142255E+07   6.91142255E+07   8.43540200E+07   6.76943093E+07   6.76943093E+07
   5.60000000E-02   6.08178123E+07   6.66866183E+07   6.66866183E+07   8.14236040E+07   6.54331510E+07   6.54331510E+07
   5.62000000E-02   5.90256266E+07   6.44197628E+07   6.44197628E+07   7.89065862E+07   6.34883873E+07   6.34883873E+07
   5.64000000E-02   5.83822842E+07   6.27671215E+07   6.27671215E+07   7.80835589E+07   6.28397041E+07   6.28397041E+07
   5.66000000E-02   5.77450194E+07   6.11311833E+07   6.11311833E+07   7.72682642E+07   6.21970991E+07   6.21970991E+07
   5.68000000E-02   5.71217824E+07   5.96884202E+07   5.96884202E+07   7.64606069E+07   6.15604978E+07   6.15604978E+07
   5.70000000E-02   5.65412976E+07   5.90726526E+07   5.90726526E+07   7.56604933E+07   6.09298265E+07   6.09298265E+07
   5.72000000E-02   5.59661988E+07   5.84626093E+07   5.84626093E+07   7.48678312E+07   6.03050129E+07   6.03050129E+07
   5.74000000E-02   5.53964203E+07   5.78582206E+07   5.78582206E+07   7.40825297E+07   5.96859856E+07   5.96859856E+07
   5.76000000E-02   5.48318976E+07   5.72594179E+07   5.72594179E+07   7.33044996E+07   5.90726745E+07   5.90726745E+07
   5.78000000E-02   5.42725672E+07   5.66661336E+07   5.66661336E+07   7.25336527E+07   5.84650103E+07   5.84650103E+07
   5.80000000E-02   5.37183666E+07   5.60783012E+07   5.60783012E+07   7.17699024E+07   5.78629252E+07   5.78629252E+07
   5.82000000E-02   5.31692341E+07   5.54958551E+07   5.54958551E+07   7.10131632E+07   5.72663519E+07   5.72663519E+07
   5.84000000E-02   5.26251090E+07   5.49187308E+07   5.49187308E+07   7.02633511E+07   5.66752245E+07   5.66752245E+07
   5.86000000E-02   5.20859316E+07   5.43468647E+07   5.43468647E+07   6.95203833E+07   5.60894779E+07   5.60894779E+07
   5.88000000E-02   5.15516430E+07   5.37801943E+07   5.37801943E+07   6.87841783E+07   5.55090482E+07   5.55090482E+07
   5.90000000E-02   5.10221853E+07   5.32186577E+07   5.32186577E+07   6.80546556E+07   5.49338722E+07   5.49338722E+07
   5.92000000E-02   5.04975013E+07   5.26621944E+07   5.26621944E+07   6.73317362E+07   5.43638877E+07   5.43638877E+07
   5.94000000E-02   4.99775347E+07   5.21107444E+07   5.21107444E+07   6.66153420E+07   5.37990337E+07   5.37990337E+07
   5.96000000E-02   4.94622302E+07   5.15642488E+07   5.15642488E+07   6.59053964E+07   5.32392496E+07   5.32392496E+07
   5.98000000E-02   4.89515331E+07   5.10226494E+07   5.10226494E+07   6.52018236E+07   5.26844763E+07   5.26844763E+07
   6.00000000E-02   4.84453897E+07   5.04858892E+07   5.04858892E+07   6.45045492E+07   5.21346550E+07   5.21346550E+07
   6.02000000E-02   4.79437469E+07   4.99539117E+07   4.99539117E+07   6.38134996E+07   5.15897282E+07   5.15897282E+07
   6.04000000E-02   4.74465525E+07   4.94266614E+07   4.94266614E+07   6.31286025E+07   5.10496390E+07   5.10496390E+07
   6.06000000E-02   4.69537550E+07   4.89040834E+07   4.89040834E+07   6.24497866E+07   5.05143314E+07   5.05143314E+07
   6.08000000E-02   4.64653037E+07   4.83861240E+07   4.83861240E+07   6.17769817E+07   4.99837503E+07   4.99837503E+07
   6.10000000E-02   4.59811487E+07   4.78727299E+07   4.78727299E+07   6.11101185E+07   4.94578412E+07   4.94578412E+07
   6.12000000E-02   4.55012406E+07   4.73638487E+07   4.73638487E+07   6.04491287E+07   4.89365507E+07   4.89365507E+07
   6.14000000E-02   4.50255310E+07   4.68594288E+07   4.68594288E+07   5.97939452E+07   4.84198257E+07   4.84198257E+07
   6.16000000E-02   4.45539720E+07   4.63594194E+07   4.63594194E+07   5.91445016E+07   4.79076144E+07   4.79076144E+07
   6.18000000E-02   4.40865164E+07   4.58637702E+07   4.58637702E+07   5.85007327E+07   4.73998654E+07   4.73998654E+07
   6.20000000E-02   4.36231178E+07   4.53724318E+07   4.53724318E+07   5.78625740E+07   4.68965281E+07   4.68965281E+07
   6.22000000E-02   4.31637304E+07   4.48853556E+07   4.48853556E+07   5.72299620E+07   4.63975527E+07   4.63975527E+07
   6.24000000E-02   4.27083089E+07   4.44024934E+07   4.44024934E+07   5.66028342E+07   4.59028901E+07   4.59028901E+07
   6.26000000E-02   4.22568088E+07   4.39237980E+07   4.39237980E+07   5.59811289E+07   4.54124917E+07   4.54124917E+07
   6.28000000E-02   4.18091863E+07   4.34492226E+07   4.34492226E+07   5.53647854E+07   4.49263099E+07   4.49263099E+07
   6.30000000E-02   4.13653981E+07   4.29787211E+07   4.29787211E+07   5.47537435E+07   4.44442975E+07   4.44442975E+07
   6.32000000E-02   4.09254014E+07   4.25122483E+07   4.25122483E+07   5.41479444E+07   4.39664082E+07   4.39664082E+07
   6.34000000E-02   4.04891543E+07   4.20497594E+07   4.20497594E+07   5.35473295E+07   4.34925961E+07   4.34925961E+07
   6.36000000E-02   4.00566153E+07   4.15912102E+07   4.15912102E+07   5.29518416E+07   4.30228161E+07   4.30228161E+07
   6.38000000E-02   3.96277433E+07   4.11365573E+07   4.11365573E+07   5.23614239E+07   4.25570238E+07   4.25570238E+07
   6.40000000E-02   3.92024981E+07   4.06857577E+07   4.06857577E+07   5.17760206E+07   4.20951751E+07   4.20951751E+07
   6.42000000E-02   3.87808400E+07   4.02387692E+07   4.02387692E+07   5.11955766E+07   4.16372270E+07   4.16372270E+07
   6.44000000E-02   3.83627296E+07   3.97955500E+07   3.97955500E+07   5.06200375E+07   4.11831365E+07   4.11831365E+07
   6.46000000E-02   3.79481283E+07   3.93560589E+07   3.93560589E+07   5.00493497E+07   4.07328618E+07   4.07328618E+07
   6.48000000E-02   3.75369979E+07   3.89202555E+07   3.89202555E+07   4.94834603E+07   4.02863612E+07   4.02863612E+07
   6.50000000E-02   3.71293008E+07   3.84880996E+07   3.84880996E+07   4.89223174E+07   3.98435937E+07   3.98435937E+07
   6.52000000E-02   3.67249999E+07   3.80595518E+07   3.80595518E+07   4.83658693E+07   3.94045191E+07   3.94045191E+07
   6.54000000E-02   3.63240584E+07   3.76345731E+07   3.76345731E+07   4.78140654E+07   3.89690975E+07   3.89690975E+07
   6.56000000E-02   3.59264404E+07   3.72131252E+07   3.72131252E+07   4.72668558E+07   3.85372895E+07   3.85372895E+07
   6.58000000E-02   3.55321101E+07   3.67951700E+07   3.67951700E+07   4.67241909E+07   3.81090564E+07   3.81090564E+07
   6.60000000E-02   3.51410325E+07   3.63806703E+07   3.63806703E+07   4.61860221E+07   3.76843600E+07   3.76843600E+07
   6.62000000E-02   3.47531727E+07   3.59695892E+07   3.59695892E+07   4.56523015E+07   3.72631625E+07   3.72631625E+07
   6.64000000E-02   3.43684967E+07   3.55618902E+07   3.55618902E+07   4.51229815E+07   3.68454266E+07   3.68454266E+07
   6.66000000E-02   3.39869706E+07   3.51575374E+07   3.51575374E+07   4.45980155E+07   3.64311157E+07   3.64311157E+07
   6.68000000E-02   3.36085611E+07   3.47564956E+07   3.47564956E+07   4.40773573E+07   3.60201936E+07   3.60201936E+07
   6.70000000E-02   3.32332354E+07   3.43587296E+07   3.43587296E+07   4.35609614E+07   3.56126243E+07   3.56126243E+07
   6.72000000E-02   3.28609610E+07   3.39642050E+07   3.39642050E+07   4.30487829E+07   3.52083728E+07   3.52083728E+07
   6.74000000E-02   3.24917059E+07   3.35728877E+07   3.35728877E+07   4.25407775E+07   3.48074041E+07   3.48074041E+07
   6.76000000E-02   3.21254385E+07   3.31847442E+07   3.31847442E+07   4.20369014E+07   3.44096839E+07   3.44096839E+07
   6.78000000E-02   3.17621277E+07   3.27997414E+07   3.27997414E+07   4.15371114E+07   3.40151783E+07   3.40151783E+07
   6.80000000E-02   3.14017427E+07   3.24178465E+07   3.24178465E+07   4.10413650E+07   3.36238538E+07   3.36238538E+07
   6.82000000E-02   3.10442532E+07   3.20390273E+07   3.20390273E+07   4.05496202E+07   3.32356774E+07   3.32356774E+07
   6.84000000E-02   3.06896291E+07   3.16632518E+07   3.16632518E+07   4.00618354E+07   3.28506166E+07   3.28506166E+07
   6.86000000E-02   3.03378409E+07   3.12904887E+07   3.12904887E+07   3.95779697E+07   3.24686390E+07   3.24686390E+07
   6.88000000E-02   2.99888595E+07   3.09207069E+07   3.09207069E+07   3.90979826E+07   3.20897130E+07   3.20897130E+07
   6.90000000E-02   2.96426559E+07   3.05538758E+07   3.05538758E+07   3.86218344E+07   3.17138073E+07   3.17138073E+07
   6.92000000E-02   2.92992018E+07   3.01899651E+07   3.01899651E+07   3.81494855E+07   3.13408908E+07   3.13408908E+07
   6.94000000E-02   2.89584690E+07   2.98289449E+07   2.98289449E+07   3.76808972E+07   3.09709331E+07   3.09709331E+07
   6.96000000E-02   2.86204300E+07   2.94707859E+07   2.94707859E+07   3.72160310E+07   3.06039040E+07   3.06039040E+07
   6.98000000E-02   2.82850572E+07   2.91154588E+07   2.91154588E+07   3.67548491E+07   3.02397738E+07   3.02397738E+07
   7.00000000E-02   2.79523237E+07   2.87629351E+07   2.87629351E+07   3.62973141E+07   2.98785129E+07   2.98785129E+07
   7.02000000E-02   2.76222028E+07   2.84131863E+07   2.84131863E+07   3.58433890E+07   2.95200925E+07   2.95200925E+07
   7.04000000E-02   2.72946682E+07   2.80661844E+07   2.80661844E+07   3.53930374E+07   2.91644839E+07   2.91644839E+07
   7.06000000E-02   2.69696939E+07   2.77219018E+07   2.77219018E+07   3.49462232E+07   2.88116588E+07   2.88116588E+07
   7.08000000E-02   2.66472542E+07   2.73803112E+07   2.73803112E+07   3.45029111E+07   2.84615893E+07   2.84615893E+07
   7.10000000E-02   2.63273237E+07   2.70413857E+07   2.70413857E+07   3.40630657E+07   2.81142477E+07   2.81142477E+07
   7.12000000E-02   2.60098775E+07   2.67050985E+07   2.67050985E+07   3.36266526E+07   2.77696070E+07   2.77696070E+07
   7.14000000E-02   2.56948908E+07   2.63714236E+07   2.63714236E+07   3.31936374E+07   2.74276401E+07   2.74276401E+07
   7.16000000E-02   2.53823392E+07   2.60403348E+07   2.60403348E+07   3.27639865E+07   2.70883206E+07   2.70883206E+07
   7.18000000E-02   2.50721985E+07   2.57118066E+07   2.57118066E+07   3.23376663E+07   2.67516221E+07   2.67516221E+07
   7.20000000E-02   2.47644451E+07   2.53858136E+07   2.53858136E+07   3.19146441E+07   2.64175189E+07   2.64175189E+07
   7.22000000E-02   2.44590553E+07   2.50623309E+07   2.50623309E+07   3.14948871E+07   2.60859854E+07   2.60859854E+07
   7.24000000E-02   2.41560060E+07   2.47413338E+07   2.47413338E+07   3.10783633E+07   2.57569962E+07   2.57569962E+07
   7.26000000E-02   2.38552742E+07   2.44227979E+07   2.44227979E+07   3.06650409E+07   2.54305264E+07   2.54305264E+07
   7.28000000E-02   2.35568372E+07   2.41066991E+07   2.41066991E+07   3.02548886E+07   2.51065514E+07   2.51065514E+07
   7.30000000E-02   2.32606728E+07   2.37930136E+07   2.37930136E+07   2.98478754E+07   2.47850469E+07   2.47850469E+07
   7.32000000E-02   2.29667587E+07   2.34817179E+07   2.34817179E+07   2.94439706E+07   2.44659888E+07   2.44659888E+07
   7.34000000E-02   2.26750731E+07   2.31727888E+07   2.31727888E+07   2.90431441E+07   2.41493533E+07   2.41493533E+07
   7.36000000E-02   2.23855945E+07   2.28662034E+07   2.28662034E+07   2.86453661E+07   2.38351170E+07   2.38351170E+07
   7.38000000E-02   2.20983016E+07   2.25619390E+07   2.25619390E+07   2.82506069E+07   2.35232567E+07   2.35232567E+07
   7.40000000E-02   2.18131733E+07   2.22599732E+07   2.22599732E+07   2.78588375E+07   2.32137496E+07   2.32137496E+07
   7.42000000E-02   2.15301888E+07   2.19602840E+07   2.19602840E+07   2.74700291E+07   2.29065729E+07   2.29065729E+07
   7.44000000E-02   2.12493276E+07   2.16628495E+07   2.16628495E+07   2.70841533E+07   2.26017044E+07   2.26017044E+07
   7.46000000E-02   2.09705693E+07   2.13676481E+07   2.13676481E+07   2.67011820E+07   2.22991219E+07   2.22991219E+07
   7.48000000E-02   2.06938940E+07   2.10746584E+07   2.10746584E+07   2.63210873E+07   2.19988037E+07   2.19988037E+07
   7.50000000E-02   2.04192817E+07   2.07838595E+07   2.07838595E+07   2.59438419E+07   2.17007282E+07   2.17007282E+07
   7.52000000E-02   2.01467130E+07   2.04952305E+07   2.04952305E+07   2.55694187E+07   2.14048741E+07   2.14048741E+07
   7.54000000E-02   1.98761684E+07   2.02087509E+07   2.02087509E+07   2.51977909E+07   2.11112203E+07   2.11112203E+07
   7.56000000E-02   1.96076289E+07   1.99244003E+07   1.99244003E+07   2.48289321E+07   2.08197461E+07   2.08197461E+07
   7.58000000E-02   1.93410755E+07   1.96421586E+07   1.96421586E+07   2.44628160E+07   2.05304309E+07   2.05304309E+07
   7.60000000E-02   1.90764896E+07   1.93620059E+07   1.93620059E+07   2.40994169E+07   2.02432544E+07   2.02432544E+07
   7.62000000E-02   1.88138528E+07   1.90839228E+07   1.90839228E+07   2.37387092E+07   1.99581965E+07   1.99581965E+07
   7.64000000E-02   1.85531467E+07   1.88078897E+07   1.88078897E+07   2.33806676E+07   1.96752374E+07   1.96752374E+07
   7.66000000E-02   1.82943534E+07   1.85338876E+07   1.85338876E+07   2.30252673E+07   1.93943575E+07   1.93943575E+07
   7.68000000E-02   1.80374550E+07   1.82618974E+07   1.82618974E+07   2.26724836E+07   1.91155374E+07   1.91155374E+07
   7.70000000E-02   1.77824340E+07   1.79919006E+07   1.79919006E+07   2.23222922E+07   1.88387580E+07   1.88387580E+07
   7.72000000E-02   1.75292730E+07   1.77238785E+07   1.77238785E+07   2.19746688E+07   1.85640003E+07   1.85640003E+07
   7.74000000E-02   1.72779547E+07   1.74578129E+07   1.74578129E+07   2.16295899E+07   1.82912456E+07   1.82912456E+07
   7.76000000E-02   1.70284622E+07   1.71936858E+07   1.71936858E+07   2.12870318E+07   1.80204755E+07   1.80204755E+07
   7.78000000E-02   1.67807786E+07   1.69314793E+07   1.69314793E+07   2.09469712E+07   1.77516717E+07   1.77516717E+07
   7.80000000E-02   1.65348874E+07   1.66711757E+07   1.66711757E+07   2.06093853E+07   1.74848161E+07   1.74848161E+07
   7.82000000E-02   1.62907721E+07   1.64127575E+07   1.64127575E+07   2.02742512E+07   1.72198908E+07   1.72198908E+07
   7.84000000E-02   1.60484165E+07   1.61562076E+07   1.61562076E+07   1.99415465E+07   1.69568783E+07   1.69568783E+07
   7.86000000E-02   1.58078046E+07   1.59015088E+07   1.59015088E+07   1.96112491E+07   1.66957609E+07   1.66957609E+07
   7.88000000E-02   1.55689204E+07   1.56486444E+07   1.56486444E+07   1.92833369E+07   1.64365216E+07   1.64365216E+07
   7.90000000E-02   1.53317483E+07   1.53975976E+07   1.53975976E+07   1.89577883E+07   1.61791432E+07   1.61791432E+07
   7.92000000E-02   1.50962728E+07   1.51483519E+07   1.51483519E+07   1.86345819E+07   1.59236088E+07   1.59236088E+07
   7.94000000E-02   1.48624786E+07   1.49008911E+07   1.49008911E+07   1.83136963E+07   1.56699019E+07   1.56699019E+07
   7.96000000E-02   1.46303505E+07   1.46551990E+07   1.46551990E+07   1.79951106E+07   1.54180059E+07   1.54180059E+07
   7.98000000E-02   1.43998735E+07   1.44112598E+07   1.44112598E+07   1.76788042E+07   1.51679045E+07   1.51679045E+07
   8.00000000E-02   1.41710328E+07   1.41690576E+07   1.41690576E+07   1.73647564E+07   1.49195815E+07   1.49195815E+07
   8.02000000E-02   1.39438138E+07   1.39285769E+07   1.39285769E+07   1.70529471E+07   1.46730212E+07   1.46730212E+07
   8.04000000E-02   1.37182019E+07   1.36898023E+07   1.36898023E+07   1.67433562E+07   1.44282076E+07   1.44282076E+07
   8.06000000E-02   1.34941829E+07   1.34527186E+07   1.34527186E+07   1.64359638E+07   1.41851253E+07   1.41851253E+07
   8.08000000E-02   1.32717425E+07   1.32173108E+07   1.32173108E+07   1.61307504E+07   1.39437588E+07   1.39437588E+07
   8.10000000E-02   1.30508668E+07   1.29835638E+07   1.29835638E+07   1.58276966E+07   1.37040928E+07   1.37040928E+07
   8.12000000E-02   1.28315419E+07   1.27514631E+07   1.27514631E+07   1.55267832E+07   1.34661124E+07   1.34661124E+07
   8.14000000E-02   1.26137541E+07   1.25209939E+07   1.25209939E+07   1.52279912E+07   1.32298025E+07   1.32298025E+07
   8.16000000E-02   1.23974898E+07   1.22921421E+07   1.22921421E+07   1.49313020E+07   1.29951486E+07   1.29951486E+07
   8.18000000E-02   1.21827357E+07   1.20648932E+07   1.20648932E+07   1.46366969E+07   1.27621359E+07   1.27621359E+07
   8.20000000E-02   1.19694785E+07   1.18392332E+07   1.18392332E+07   1.43441577E+07   1.25307501E+07   1.25307501E+07
   8.22000000E-02   1.17577051E+07   1.16151482E+07   1.16151482E+07   1.40536662E+07   1.23009769E+07   1.23009769E+07
   8.24000000E-02   1.15474024E+07   1.13926244E+07   1.13926244E+07   1.37652044E+07   1.20728022E+07   1.20728022E+07
   8.26000000E-02   1.14250329E+07   1.12168496E+07   1.12168496E+07   1.36156431E+07   1.19460056E+07   1.19460056E+07
   8.28000000E-02   1.13222037E+07   1.10520673E+07   1.10520673E+07   1.34967139E+07   1.18416603E+07   1.18416603E+07
   8.30000000E-02   1.12200511E+07   1.08884106E+07   1.08884106E+07   1.33785649E+07   1.17379995E+07   1.17379995E+07
   8.32000000E-02   1.11185695E+07   1.07258697E+07   1.07258697E+07   1.32611896E+07   1.16350175E+07   1.16350175E+07
   8.34000000E-02   1.10177530E+07   1.05644350E+07   1.05644350E+07   1.31445813E+07   1.15327084E+07   1.15327084E+07
   8.36000000E-02   1.09175961E+07   1.04040969E+07   1.04040969E+07   1.30287336E+07   1.14310667E+07   1.14310667E+07
   8.38000000E-02   1.08180931E+07   1.02448462E+07   1.02448462E+07   1.29136400E+07   1.13300866E+07   1.13300866E+07
   8.40000000E-02   1.07192387E+07   1.00866735E+07   1.00866735E+07   1.27992943E+07   1.12297627E+07   1.12297627E+07
   8.42000000E-02   1.06210273E+07   9.92956958E+06   9.92956958E+06   1.26856901E+07   1.11300894E+07   1.11300894E+07
   8.44000000E-02   1.05234535E+07   9.77352536E+06   9.77352536E+06   1.25728213E+07   1.10310612E+07   1.10310612E+07
   8.46000000E-02   1.04265121E+07   9.61853185E+06   9.61853185E+06   1.24606816E+07   1.09326729E+07   1.09326729E+07
   8.48000000E-02   1.03301977E+07   9.46458013E+06   9.46458013E+06   1.23492651E+07   1.08349189E+07   1.08349189E+07
   8.50000000E-02   1.02345051E+07   9.31166139E+06   9.31166139E+06   1.22385657E+07   1.07377941E+07   1.07377941E+07
   8.52000000E-02   1.01394291E+07   9.15976690E+06   9.15976690E+06   1.21285774E+07   1.06412933E+07   1.06412933E+07
   8.54000000E-02   1.00449647E+07   9.00888804E+06   9.00888804E+06   1.20192943E+07   1.05454112E+07   1.05454112E+07
   8.56000000E-02   9.95110667E+06   8.85901627E+06   8.85901627E+06   1.19107106E+07   1.04501428E+07   1.04501428E+07
   8.58000000E-02   9.85785014E+06   8.71014313E+06   8.71014313E+06   1.18028207E+07   1.03554829E+07   1.03554829E+07
   8.60000000E-02   9.76519010E+06   8.56226028E+06   8.56226028E+06   1.16956186E+07   1.02614267E+07   1.02614267E+07
   8.62000000E-02   9.67312164E+06   8.41535943E+06   8.41535943E+06   1.15890988E+07   1.01679690E+07   1.01679690E+07
   8.64000000E-02   9.58163992E+06   8.26943240E+06   8.26943240E+06   1.14832557E+07   1.00751051E+07   1.00751051E+07
   8.66000000E-02   9.49074012E+06   8.12447109E+06   8.12447109E+06   1.13780838E+07   9.98283002E+06   9.98283002E+06
   8.68000000E-02   9.40041749E+06   7.98046747E+06   7.98046747E+06   1.12735776E+07   9.89113900E+06   9.89113900E+06
   8.70000000E-02   9.31066733E+06   7.83741362E+06   7.83741362E+06   1.11697316E+07   9.80002726E+06   9.80002726E+06
   8.72000000E-02   9.22148497E+06   7.69530167E+06   7.69530167E+06   1.10665405E+07   9.70949011E+06   9.70949011E+06
   8.74000000E-02   9.13286580E+06   7.55412387E+06   7.55412387E+06   1.09639990E+07   9.61952289E+06   9.61952289E+06
   8.76000000E-02   9.04480525E+06   7.41387251E+06   7.41387251E+06   1.08621018E+07   9.53012097E+06   9.53012097E+06
   8.78000000E-02   8.95729882E+06   7.27453998E+06   7.27453998E+06   1.07608437E+07   9.44127980E+06   9.44127980E+06
   8.80000000E-02   8.87034202E+06   7.13611874E+06   7.13611874E+06   1.06602196E+07   9.35299485E+06   9.35299485E+06
   8.82000000E-02   8.78393043E+06   6.99860135E+06   6.99860135E+06   1.05602243E+07   9.26526165E+06   9.26526165E+06
   8.84000000E-02   8.69805967E+06   6.86198040E+06   6.86198040E+06   1.04608529E+07   9.17807577E+06   9.17807577E+06
   8.86000000E-02   8.61272539E+06   6.72624861E+06   6.72624861E+06   1.03621003E+07   9.09143282E+06   9.09143282E+06
   8.88000000E-02   8.52792332E+06   6.59139873E+06   6.59139873E+06   1.02639616E+07   9.00532848E+06   9.00532848E+06
   8.90000000E-02   8.44364918E+06   6.45742361E+06   6.45742361E+06   1.01664318E+07   8.91975843E+06   8.91975843E+06
   8.92000000E-02   8.35989878E+06   6.32431615E+06   6.32431615E+06   1.00695062E+07   8.83471843E+06   8.83471843E+06
   8.94000000E-02   8.27666795E+06   6.19206935E+06   6.19206935E+06   9.97317985E+06   8.75020426E+06   8.75020426E+06
   8.96000000E-02   8.19395255E+06   6.06067625E+06   6.06067625E+06   9.87744811E+06   8.66621175E+06   8.66621175E+06
   8.98000000E-02   8.11174852E+06   5.93012998E+06   5.93012998E+06   9.78230625E+06   8.58273678E+06   8.58273678E+06
   9.00000000E-02   8.03005180E+06   5.80042373E+06   5.80042373E+06   9.68774960E+06   8.49977527E+06   8.49977527E+06
   9.02000000E-02   7.94885840E+06   5.67155077E+06   5.67155077E+06   9.59377355E+06   8.41732315E+06   8.41732315E+06
   9.04000000E-02   7.86816434E+06   5.54350442E+06   5.54350442E+06   9.50037353E+06   8.33537643E+06   8.33537643E+06
   9.06000000E-02   7.78796570E+06   5.41627809E+06   5.41627809E+06   9.40754502E+06   8.25393115E+06   8.25393115E+06
   9.08000000E-02   7.70825860E+06   5.28986522E+06   5.28986522E+06   9.31528355E+06   8.17298336E+06   8.17298336E+06
   9.10000000E-02   7.62903919E+06   5.16425934E+06   5.16425934E+06   9.22358469E+06   8.09252919E+06   8.09252919E+06
   9.12000000E-02   7.55030366E+06   5.03945405E+06   5.03945405E+06   9.13244403E+06   8.01256478E+06   8.01256478E+06
   9.14000000E-02   7.47369623E+06   4.95172552E+06   4.95172552E+06   9.04185725E+06   7.93308632E+06   7.93308632E+06
   9.16000000E-02   7.39943642E+06   4.90598283E+06   4.90598283E+06   8.95182002E+06   7.85409003E+06   7.85409003E+06
   9.18000000E-02   7.32562628E+06   4.86051546E+06   4.86051546E+06   8.86232810E+06   7.77557217E+06   7.77557217E+06
   9.20000000E-02   7.25226233E+06   4.81532130E+06   4.81532130E+06   8.77337726E+06   7.69752904E+06   7.69752904E+06
   9.22000000E-02   7.17934112E+06   4.77039825E+06   4.77039825E+06   8.68496332E+06   7.61995698E+06   7.61995698E+06
   9.24000000E-02   7.10685924E+06   4.72574422E+06   4.72574422E+06   8.59708213E+06   7.54285234E+06   7.54285234E+06
   9.26000000E-02   7.03481331E+06   4.68135713E+06   4.68135713E+06   8.50972961E+06   7.46621154E+06   7.46621154E+06
   9.28000000E-02   6.96319998E+06   4.63723496E+06   4.63723496E+06   8.42290170E+06   7.39003101E+06   7.39003101E+06
   9.30000000E-02   6.89201594E+06   4.59337567E+06   4.59337567E+06   8.33659436E+06   7.31430722E+06   7.31430722E+06
   9.32000000E-02   6.82125790E+06   4.54977726E+06   4.54977726E+06   8.25080362E+06   7.23903669E+06   7.23903669E+06
   9.34000000E-02   6.75092261E+06   4.50643774E+06   4.50643774E+06   8.16552554E+06   7.16421594E+06   7.16421594E+06
   9.36000000E-02   6.68100685E+06   4.46335514E+06   4.46335514E+06   8.08075620E+06   7.08984156E+06   7.08984156E+06
   9.38000000E-02   6.61150743E+06   4.42052752E+06   4.42052752E+06   7.99649175E+06   7.01591014E+06   7.01591014E+06
   9.40000000E-02   6.54242119E+06   4.37795294E+06   4.37795294E+06   7.91272834E+06   6.94241833E+06   6.94241833E+06
   9.42000000E-02   6.47374500E+06   4.33562949E+06   4.33562949E+06   7.82946218E+06   6.86936280E+06   6.86936280E+06
   9.44000000E-02   6.40547576E+06   4.29355528E+06   4.29355528E+06   7.74668952E+06   6.79674024E+06   6.79674024E+06
   9.46000000E-02   6.33761039E+06   4.25172843E+06   4.25172843E+06   7.66440662E+06   6.72454739E+06   6.72454739E+06
   9.48000000E-02   6.27014586E+06   4.21014709E+06   4.21014709E+06   7.58260980E+06   6.65278102E+06   6.65278102E+06
   9.50000000E-02   6.20307916E+06   4.16880941E+06   4.16880941E+06   7.50129541E+06   6.58143791E+06   6.58143791E+06
   9.52000000E-02   6.13640729E+06   4.12771357E+06   4.12771357E+06   7.42045982E+06   6.51051489E+06   6.51051489E+06
   9.54000000E-02   6.07012731E+06   4.08685776E+06   4.08685776E+06   7.34009945E+06   6.44000882E+06   6.44000882E+06
   9.56000000E-02   6.00423628E+06   4.04624019E+06   4.04624019E+06   7.26021075E+06   6.36991657E+06   6.36991657E+06
   9.58000000E-02   5.93873130E+06   4.00585909E+06   4.00585909E+06   7.18079019E+06   6.30023507E+06   6.30023507E+06
   9.60000000E-02   5.87360950E+06   3.96571271E+06   3.96571271E+06   7.10183430E+06   6.23096125E+06   6.23096125E+06
   9.62000000E-02   5.80886802E+06   3.92579930E+06   3.92579930E+06   7.02333961E+06   6.16209208E+06   6.16209208E+06
   9.64000000E-02   5.74450405E+06   3.88611715E+06   3.88611715E+06   6.94530272E+06   6.09362456E+06   6.09362456E+06
   9.66000000E-02   5.68051480E+06   3.84666453E+06   3.84666453E+06   6.86772022E+06   6.02555571E+06   6.02555571E+06
   9.68000000E-02   5.61689749E+06   3.80743977E+06   3.80743977E+06   6.79058875E+06   5.95788260E+06   5.95788260E+06
   9.70000000E-02   5.55364938E+06   3.76844118E+06   3.76844118E+06   6.71390500E+06   5.89060229E+06   5.89060229E+06
   9.72000000E-02   5.49076775E+06   3.72966710E+06   3.72966710E+06   6.63766567E+06   5.82371191E+06   5.82371191E+06
   9.74000000E-02   5.42824991E+06   3.69111589E+06   3.69111589E+06   6.56186748E+06   5.75720857E+06   5.75720857E+06
   9.76000000E-02   5.36609318E+06   3.65278592E+06   3.65278592E+06   6.48650720E+06   5.69108945E+06   5.69108945E+06
   9.78000000E-02   5.30429494E+06   3.61467556E+06   3.61467556E+06   6.41158163E+06   5.62535173E+06   5.62535173E+06
   9.80000000E-02   5.24285255E+06   3.57678323E+06   3.57678323E+06   6.33708759E+06   5.55999261E+06   5.55999261E+06
   9.82000000E-02   5.18176341E+06   3.53910733E+06   3.53910733E+06   6.26302193E+06   5.49500935E+06   5.49500935E+06
   9.84000000E-02   5.12102497E+06   3.50164630E+06   3.50164630E+06   6.18938153E+06   5.43039920E+06   5.43039920E+06
   9.86000000E-02   5.06063466E+06   3.46439856E+06   3.46439856E+06   6.11616330E+06   5.36615945E+06   5.36615945E+06
   9.88000000E-02   5.00058997E+06   3.42736259E+06   3.42736259E+06   6.04336417E+06   5.30228742E+06   5.30228742E+06
   9.90000000E-02   4.94088839E+06   3.39053685E+06   3.39053685E+06   5.97098112E+06   5.23878043E+06   5.23878043E+06
   9.92000000E-02   4.88152744E+06   3.35391983E+06   3.35391983E+06   5.89901113E+06   5.17563586E+06   5.17563586E+06
   9.94000000E-02   4.82250466E+06   3.31751002E+06   3.31751002E+06   5.82745123E+06   5.11285108E+06   5.11285108E+06
   9.96000000E-02   4.76381762E+06   3.28130594E+06   3.28130594E+06   5.75629845E+06   5.05042351E+06   5.05042351E+06
   9.98000000E-02   4.70546390E+06   3.24530610E+06   3.24530610E+06   5.68554988E+06   4.98835057E+06   4.98835057E+06
   1.00000000E-01   4.64744111E+06   3.20950906E+06   3.20950906E+06   5.61520260E+06   4.92662973E+06   4.92662973E+06