# TBinMid=0.2515 ssec TBinWidth=0.1 ss EBinWidth=0.2MeV Fluence at Earth for this timebin in neutrinos per cm^2
# E(GeV)	NuE	NuMu	NuTau	aNuE	aNuMu	aNuTau
   1.38589050E-13   2.31394122E+18   3.34092527E+18   3.34092527E+18   1.65215396E+18   2.12143157E+18   2.12143157E+18
   2.00000000E-04   4.13762030E+09   5.97399798E+09   5.97399798E+09   2.95426076E+09   3.79338863E+09   3.79338863E+09
   4.00000000E-04   2.11045448E+09   3.04712610E+09   3.04712610E+09   1.50686443E+09   1.93487402E+09   1.93487402E+09
   6.00000000E-04   1.42320990E+09   2.05486547E+09   2.05486547E+09   1.01617182E+09   1.30480514E+09   1.30480514E+09
   8.00000000E-04   1.07604941E+09   1.55362660E+09   1.55362660E+09   7.68299240E+08   9.86526863E+08   9.86526863E+08
   1.00000000E-03   8.66202116E+08   1.25064393E+09   1.25064393E+09   6.18468282E+08   7.94137938E+08   7.94137938E+08
   1.20000000E-03   7.25486394E+08   1.04747510E+09   1.04747510E+09   5.17997261E+08   6.65129141E+08   6.65129141E+08
   1.40000000E-03   9.24448845E+08   1.47775114E+09   1.47775114E+09   7.00038705E+08   8.51699014E+08   8.51699014E+08
   1.60000000E-03   1.05824279E+09   1.91449514E+09   1.91449514E+09   8.17488774E+08   9.70625851E+08   9.70625851E+08
   1.80000000E-03   1.19529411E+09   2.21994255E+09   2.21994255E+09   9.54689336E+08   1.10157730E+09   1.10157730E+09
   2.00000000E-03   1.64982320E+09   2.60802532E+09   2.60802532E+09   1.46312249E+09   1.57115998E+09   1.57115998E+09
   2.20000000E-03   2.05131769E+09   4.62047143E+09   4.62047143E+09   1.82674399E+09   1.90508997E+09   1.90508997E+09
   2.40000000E-03   2.35789259E+09   6.47050071E+09   6.47050071E+09   2.09012289E+09   2.14531188E+09   2.14531188E+09
   2.60000000E-03   2.58199995E+09   7.87067491E+09   7.87067491E+09   2.28225672E+09   2.31908064E+09   2.31908064E+09
   2.80000000E-03   3.20037816E+09   9.17757297E+09   9.17757297E+09   3.51134295E+09   3.05550006E+09   3.05550006E+09
   3.00000000E-03   3.69883908E+09   1.01972587E+10   1.01972587E+10   4.52104283E+09   3.65478549E+09   3.65478549E+09
   3.20000000E-03   4.09190786E+09   1.09907319E+10   1.09907319E+10   5.32924698E+09   4.13055768E+09   4.13055768E+09
   3.40000000E-03   4.44282813E+09   1.24837828E+10   1.24837828E+10   5.98011037E+09   4.51016322E+09   4.51016322E+09
   3.60000000E-03   4.74570664E+09   1.41994892E+10   1.41994892E+10   6.50658220E+09   4.81397197E+09   4.81397197E+09
   3.80000000E-03   4.98853933E+09   1.56111576E+10   1.56111576E+10   6.93364063E+09   5.05739767E+09   5.05739767E+09
   4.00000000E-03   5.50931182E+09   1.69469544E+10   1.69469544E+10   8.30941421E+09   5.74885487E+09   5.74885487E+09
   4.20000000E-03   5.99029975E+09   1.80810121E+10   1.80810121E+10   9.61796585E+09   6.39999751E+09   6.39999751E+09
   4.40000000E-03   6.39454708E+09   1.90257638E+10   1.90257638E+10   1.07318664E+10   6.95086707E+09   6.95086707E+09
   4.60000000E-03   6.73487192E+09   1.98132353E+10   1.98132353E+10   1.16829442E+10   7.41803713E+09   7.41803713E+09
   4.80000000E-03   7.02161223E+09   2.04692171E+10   2.04692171E+10   1.24969345E+10   7.81489116E+09   7.81489116E+09
   5.00000000E-03   7.26317576E+09   2.10146520E+10   2.10146520E+10   1.31948217E+10   8.15232775E+09   8.15232775E+09
   5.20000000E-03   7.46645292E+09   2.14666763E+10   2.14666763E+10   1.37938489E+10   8.43929025E+09   8.43929025E+09
   5.40000000E-03   7.63142190E+09   2.17137314E+10   2.17137314E+10   1.43082850E+10   8.68316938E+09   8.68316938E+09
   5.60000000E-03   7.76612306E+09   2.18405518E+10   2.18405518E+10   1.47500149E+10   8.89011247E+09   8.89011247E+09
   5.80000000E-03   8.00643677E+09   2.19953251E+10   2.19953251E+10   1.55567249E+10   9.26628239E+09   9.26628239E+09
   6.00000000E-03   8.22472928E+09   2.21155926E+10   2.21155926E+10   1.63019430E+10   9.61163560E+09   9.61163560E+09
   6.20000000E-03   8.41354141E+09   2.22010168E+10   2.22010168E+10   1.69589764E+10   9.91394599E+09   9.91394599E+09
   6.40000000E-03   8.57658422E+09   2.22565305E+10   2.22565305E+10   1.75385602E+10   1.01785262E+10   1.01785262E+10
   6.60000000E-03   8.71703414E+09   2.22863196E+10   2.22863196E+10   1.80499068E+10   1.04099304E+10   1.04099304E+10
   6.80000000E-03   8.83762140E+09   2.22939499E+10   2.22939499E+10   1.85009563E+10   1.06120795E+10   1.06120795E+10
   7.00000000E-03   8.94070195E+09   2.22824700E+10   2.22824700E+10   1.88985791E+10   1.07883621E+10   1.07883621E+10
   7.20000000E-03   9.02831628E+09   2.22544956E+10   2.22544956E+10   1.92487424E+10   1.09417181E+10   1.09417181E+10
   7.40000000E-03   9.10223776E+09   2.22122776E+10   2.22122776E+10   1.95566469E+10   1.10747066E+10   1.10747066E+10
   7.60000000E-03   9.16401262E+09   2.21577589E+10   2.21577589E+10   1.98268408E+10   1.11895629E+10   1.11895629E+10
   7.80000000E-03   9.21499317E+09   2.20926209E+10   2.20926209E+10   2.00633135E+10   1.12882455E+10   1.12882455E+10
   8.00000000E-03   9.25636555E+09   2.20183223E+10   2.20183223E+10   2.02695749E+10   1.13724751E+10   1.13724751E+10
   8.20000000E-03   9.28917293E+09   2.19361319E+10   2.19361319E+10   2.04487217E+10   1.14437678E+10   1.14437678E+10
   8.40000000E-03   9.28203083E+09   2.18302693E+10   2.18302693E+10   2.04319444E+10   1.14379641E+10   1.14379641E+10
   8.60000000E-03   9.25405559E+09   2.15466625E+10   2.15466625E+10   2.03595197E+10   1.14088847E+10   1.14088847E+10
   8.80000000E-03   9.21829048E+09   2.11643528E+10   2.11643528E+10   2.02813383E+10   1.13758040E+10   1.13758040E+10
   9.00000000E-03   9.18027920E+09   2.07966749E+10   2.07966749E+10   2.01981818E+10   1.13392226E+10   1.13392226E+10
   9.20000000E-03   9.14033320E+09   2.04427760E+10   2.04427760E+10   2.01107379E+10   1.12995827E+10   1.12995827E+10
   9.40000000E-03   9.09872700E+09   2.01018695E+10   2.01018695E+10   2.00196130E+10   1.12572752E+10   1.12572752E+10
   9.60000000E-03   9.05570291E+09   1.97732286E+10   1.97732286E+10   1.99253424E+10   1.12126463E+10   1.12126463E+10
   9.80000000E-03   9.01147507E+09   1.94561807E+10   1.94561807E+10   1.98283992E+10   1.11660033E+10   1.11660033E+10
   1.00000000E-02   8.96623289E+09   1.91501024E+10   1.91501024E+10   1.97292020E+10   1.11176188E+10   1.11176188E+10
   1.02000000E-02   8.92014415E+09   1.88544148E+10   1.88544148E+10   1.96281214E+10   1.10677354E+10   1.10677354E+10
   1.04000000E-02   8.87335749E+09   1.85685798E+10   1.85685798E+10   1.95254860E+10   1.10165689E+10   1.10165689E+10
   1.06000000E-02   8.82600479E+09   1.82920967E+10   1.82920967E+10   1.94215873E+10   1.09643116E+10   1.09643116E+10
   1.08000000E-02   8.77820304E+09   1.80244986E+10   1.80244986E+10   1.93166839E+10   1.09111350E+10   1.09111350E+10
   1.10000000E-02   8.73005611E+09   1.77653495E+10   1.77653495E+10   1.92110055E+10   1.08571921E+10   1.08571921E+10
   1.12000000E-02   8.68165624E+09   1.75142422E+10   1.75142422E+10   1.91047560E+10   1.08026195E+10   1.08026195E+10
   1.14000000E-02   8.63308534E+09   1.72707958E+10   1.72707958E+10   1.89981167E+10   1.07475393E+10   1.07475393E+10
   1.16000000E-02   8.58441616E+09   1.70346532E+10   1.70346532E+10   1.88912484E+10   1.06920605E+10   1.06920605E+10
   1.18000000E-02   8.53571330E+09   1.68054797E+10   1.68054797E+10   1.87842942E+10   1.06362807E+10   1.06362807E+10
   1.20000000E-02   8.48703408E+09   1.65829612E+10   1.65829612E+10   1.86773808E+10   1.05802869E+10   1.05802869E+10
   1.22000000E-02   8.39861600E+09   1.63459914E+10   1.63459914E+10   1.84286608E+10   1.04597126E+10   1.04597126E+10
   1.24000000E-02   8.27389087E+09   1.60960629E+10   1.60960629E+10   1.80502761E+10   1.02801014E+10   1.02801014E+10
   1.26000000E-02   8.15295621E+09   1.58538526E+10   1.58538526E+10   1.76851815E+10   1.01063640E+10   1.01063640E+10
   1.28000000E-02   8.03563958E+09   1.56190055E+10   1.56190055E+10   1.73327143E+10   9.93821952E+09   9.93821952E+09
   1.30000000E-02   7.92177891E+09   1.53911880E+10   1.53911880E+10   1.69922545E+10   9.77540496E+09   9.77540496E+09
   1.32000000E-02   7.81122174E+09   1.51700865E+10   1.51700865E+10   1.66632214E+10   9.61767332E+09   9.61767332E+09
   1.34000000E-02   7.70382450E+09   1.49554058E+10   1.49554058E+10   1.63450705E+10   9.46479259E+09   9.46479259E+09
   1.36000000E-02   7.59945188E+09   1.47468679E+10   1.47468679E+10   1.60372908E+10   9.31654459E+09   9.31654459E+09
   1.38000000E-02   7.49120019E+09   1.43950280E+10   1.43950280E+10   1.57394020E+10   9.17272399E+09   9.17272399E+09
   1.40000000E-02   7.38441941E+09   1.40200781E+10   1.40200781E+10   1.54509529E+10   9.03313733E+09   9.03313733E+09
   1.42000000E-02   7.28064323E+09   1.36580580E+10   1.36580580E+10   1.51715185E+10   8.89760224E+09   8.89760224E+09
   1.44000000E-02   7.17974655E+09   1.33083636E+10   1.33083636E+10   1.49006988E+10   8.76594659E+09   8.76594659E+09
   1.46000000E-02   7.08161113E+09   1.29704265E+10   1.29704265E+10   1.46381165E+10   8.63800784E+09   8.63800784E+09
   1.48000000E-02   6.98612510E+09   1.26437118E+10   1.26437118E+10   1.43834157E+10   8.51363235E+09   8.51363235E+09
   1.50000000E-02   6.89318256E+09   1.23277151E+10   1.23277151E+10   1.41362604E+10   8.39267481E+09   8.39267481E+09
   1.52000000E-02   6.80268319E+09   1.20219610E+10   1.20219610E+10   1.38963330E+10   8.27499764E+09   8.27499764E+09
   1.54000000E-02   6.71453187E+09   1.17260007E+10   1.17260007E+10   1.36633332E+10   8.16047053E+09   8.16047053E+09
   1.56000000E-02   6.62863835E+09   1.14394104E+10   1.14394104E+10   1.34369769E+10   8.04896993E+09   8.04896993E+09
   1.58000000E-02   6.54491695E+09   1.11617893E+10   1.11617893E+10   1.32169949E+10   7.94037866E+09   7.94037866E+09
   1.60000000E-02   6.46328629E+09   1.08927585E+10   1.08927585E+10   1.30031323E+10   7.83458547E+09   7.83458547E+09
   1.62000000E-02   6.38366899E+09   1.06319595E+10   1.06319595E+10   1.27951471E+10   7.73148468E+09   7.73148468E+09
   1.64000000E-02   6.30599143E+09   1.03790525E+10   1.03790525E+10   1.25928099E+10   7.63097584E+09   7.63097584E+09
   1.66000000E-02   6.23018356E+09   1.01337156E+10   1.01337156E+10   1.23959027E+10   7.53296342E+09   7.53296342E+09
   1.68000000E-02   6.15617865E+09   9.89564353E+09   9.89564353E+09   1.22042185E+10   7.43735649E+09   7.43735649E+09
   1.70000000E-02   6.08391311E+09   9.66454658E+09   9.66454658E+09   1.20175605E+10   7.34406848E+09   7.34406848E+09
   1.72000000E-02   6.01332632E+09   9.44014966E+09   9.44014966E+09   1.18357413E+10   7.25301689E+09   7.25301689E+09
   1.74000000E-02   5.94436043E+09   9.22219144E+09   9.22219144E+09   1.16585828E+10   7.16412306E+09   7.16412306E+09
   1.76000000E-02   5.87696021E+09   9.01042351E+09   9.01042351E+09   1.14859152E+10   7.07731199E+09   7.07731199E+09
   1.78000000E-02   5.79824174E+09   8.79790254E+09   8.79790254E+09   1.12929049E+10   6.97668279E+09   6.97668279E+09
   1.80000000E-02   5.67185005E+09   8.56542690E+09   8.56542690E+09   1.10096468E+10   6.81739285E+09   6.81739285E+09
   1.82000000E-02   5.54891341E+09   8.33953291E+09   8.33953291E+09   1.07343384E+10   6.66249742E+09   6.66249742E+09
   1.84000000E-02   5.42930451E+09   8.11997413E+09   8.11997413E+09   1.04666833E+10   6.51183390E+09   6.51183390E+09
   1.86000000E-02   5.31290199E+09   7.90651573E+09   7.90651573E+09   1.02063989E+10   6.36524726E+09   6.36524726E+09
   1.88000000E-02   5.19959009E+09   7.69893383E+09   7.69893383E+09   9.95321579E+09   6.22258968E+09   6.22258968E+09
   1.90000000E-02   5.08925836E+09   7.49701490E+09   7.49701490E+09   9.70687698E+09   6.08372013E+09   6.08372013E+09
   1.92000000E-02   4.98180134E+09   7.30055520E+09   7.30055520E+09   9.46713719E+09   5.94850397E+09   5.94850397E+09
   1.94000000E-02   4.87711832E+09   7.10936017E+09   7.10936017E+09   9.23376226E+09   5.81681260E+09   5.81681260E+09
   1.96000000E-02   4.77511302E+09   6.92324402E+09   6.92324402E+09   9.00652846E+09   5.68852317E+09   5.68852317E+09
   1.98000000E-02   4.67569343E+09   6.74202917E+09   6.74202917E+09   8.78522200E+09   5.56351822E+09   5.56351822E+09
   2.00000000E-02   4.57877153E+09   6.56554587E+09   6.56554587E+09   8.56963846E+09   5.44168545E+09   5.44168545E+09
   2.02000000E-02   4.48426310E+09   6.39363177E+09   6.39363177E+09   8.35958229E+09   5.32291737E+09   5.32291737E+09
   2.04000000E-02   4.39208751E+09   6.22613152E+09   6.22613152E+09   8.15486638E+09   5.20711114E+09   5.20711114E+09
   2.06000000E-02   4.30216753E+09   6.06289639E+09   6.06289639E+09   7.95531158E+09   5.09416824E+09   5.09416824E+09
   2.08000000E-02   4.21442920E+09   5.90378398E+09   5.90378398E+09   7.76074630E+09   4.98399432E+09   4.98399432E+09
   2.10000000E-02   4.12880160E+09   5.74865785E+09   5.74865785E+09   7.57100617E+09   4.87649895E+09   4.87649895E+09
   2.12000000E-02   4.04521674E+09   5.59738724E+09   5.59738724E+09   7.38593359E+09   4.77159543E+09   4.77159543E+09
   2.14000000E-02   3.96360940E+09   5.44984677E+09   5.44984677E+09   7.20537747E+09   4.66920060E+09   4.66920060E+09
   2.16000000E-02   3.88391700E+09   5.30591618E+09   5.30591618E+09   7.02919287E+09   4.56923468E+09   4.56923468E+09
   2.18000000E-02   3.80607945E+09   5.16548010E+09   5.16548010E+09   6.85724070E+09   4.47162109E+09   4.47162109E+09
   2.20000000E-02   3.73031887E+09   5.03458766E+09   5.03458766E+09   6.68938743E+09   4.37628630E+09   4.37628630E+09
   2.22000000E-02   3.65691194E+09   4.92044477E+09   4.92044477E+09   6.52550483E+09   4.28315967E+09   4.28315967E+09
   2.24000000E-02   3.58516962E+09   4.80895156E+09   4.80895156E+09   6.36546974E+09   4.19217334E+09   4.19217334E+09
   2.26000000E-02   3.51504149E+09   4.70002692E+09   4.70002692E+09   6.20916376E+09   4.10326209E+09   4.10326209E+09
   2.28000000E-02   3.44647905E+09   4.59359286E+09   4.59359286E+09   6.05647312E+09   4.01636318E+09   4.01636318E+09
   2.30000000E-02   3.37943564E+09   4.48957435E+09   4.48957435E+09   5.90728837E+09   3.93141628E+09   3.93141628E+09
   2.32000000E-02   3.31386638E+09   4.38789925E+09   4.38789925E+09   5.76150424E+09   3.84836334E+09   3.84836334E+09
   2.34000000E-02   3.24972805E+09   4.28849811E+09   4.28849811E+09   5.61901944E+09   3.76714850E+09   3.76714850E+09
   2.36000000E-02   3.18697904E+09   4.19130405E+09   4.19130405E+09   5.47973647E+09   3.68771796E+09   3.68771796E+09
   2.38000000E-02   3.12557926E+09   4.09625272E+09   4.09625272E+09   5.34356143E+09   3.61001992E+09   3.61001992E+09
   2.40000000E-02   3.06549009E+09   4.00328207E+09   4.00328207E+09   5.21040390E+09   3.53400445E+09   3.53400445E+09
   2.42000000E-02   3.00667432E+09   3.91233237E+09   3.91233237E+09   5.08017676E+09   3.45962348E+09   3.45962348E+09
   2.44000000E-02   2.94909604E+09   3.82334599E+09   3.82334599E+09   4.95279602E+09   3.38683062E+09   3.38683062E+09
   2.46000000E-02   2.89272066E+09   3.73626741E+09   3.73626741E+09   4.82818076E+09   3.31558118E+09   3.31558118E+09
   2.48000000E-02   2.83751479E+09   3.65104308E+09   3.65104308E+09   4.70625290E+09   3.24583204E+09   3.24583204E+09
   2.50000000E-02   2.78344621E+09   3.56762131E+09   3.56762131E+09   4.58693715E+09   3.17754159E+09   3.17754159E+09
   2.52000000E-02   2.73048382E+09   3.48595225E+09   3.48595225E+09   4.47016087E+09   3.11066968E+09   3.11066968E+09
   2.54000000E-02   2.67859762E+09   3.40598777E+09   3.40598777E+09   4.35585395E+09   3.04517756E+09   3.04517756E+09
   2.56000000E-02   2.62775860E+09   3.32768142E+09   3.32768142E+09   4.24394868E+09   2.98102780E+09   2.98102780E+09
   2.58000000E-02   2.57793876E+09   3.25098832E+09   3.25098832E+09   4.13437973E+09   2.91818426E+09   2.91818426E+09
   2.60000000E-02   2.52911105E+09   3.17586512E+09   3.17586512E+09   4.02708395E+09   2.85661202E+09   2.85661202E+09
   2.62000000E-02   2.47809839E+09   3.10062292E+09   3.10062292E+09   3.93210653E+09   2.79617855E+09   2.79617855E+09
   2.64000000E-02   2.42652200E+09   3.02608189E+09   3.02608189E+09   3.84412522E+09   2.73690698E+09   2.73690698E+09
   2.66000000E-02   2.37596690E+09   2.95304417E+09   2.95304417E+09   3.75790283E+09   2.67881201E+09   2.67881201E+09
   2.68000000E-02   2.32640657E+09   2.88147043E+09   2.88147043E+09   3.67339350E+09   2.62186305E+09   2.62186305E+09
   2.70000000E-02   2.27781537E+09   2.81132261E+09   2.81132261E+09   3.59055287E+09   2.56603053E+09   2.56603053E+09
   2.72000000E-02   2.23016848E+09   2.74256391E+09   2.74256391E+09   3.50933803E+09   2.51128582E+09   2.51128582E+09
   2.74000000E-02   2.18344187E+09   2.67515870E+09   2.67515870E+09   3.42970744E+09   2.45760123E+09   2.45760123E+09
   2.76000000E-02   2.13761230E+09   2.60907252E+09   2.60907252E+09   3.35162091E+09   2.40494993E+09   2.40494993E+09
   2.78000000E-02   2.09265725E+09   2.54427198E+09   2.54427198E+09   3.27503952E+09   2.35330596E+09   2.35330596E+09
   2.80000000E-02   2.04855492E+09   2.48072478E+09   2.48072478E+09   3.19992560E+09   2.30264419E+09   2.30264419E+09
   2.82000000E-02   2.00528419E+09   2.41839962E+09   2.41839962E+09   3.12624263E+09   2.25294027E+09   2.25294027E+09
   2.84000000E-02   1.96282461E+09   2.35726617E+09   2.35726617E+09   3.05395525E+09   2.20417059E+09   2.20417059E+09
   2.86000000E-02   1.92115633E+09   2.29729506E+09   2.29729506E+09   2.98302921E+09   2.15631230E+09   2.15631230E+09
   2.88000000E-02   1.88026016E+09   2.23845783E+09   2.23845783E+09   2.91343129E+09   2.10934323E+09   2.10934323E+09
   2.90000000E-02   1.84011744E+09   2.18072688E+09   2.18072688E+09   2.84512929E+09   2.06324190E+09   2.06324190E+09
   2.92000000E-02   1.80071012E+09   2.12407545E+09   2.12407545E+09   2.77809201E+09   2.01798748E+09   2.01798748E+09
   2.94000000E-02   1.76202067E+09   2.06847759E+09   2.06847759E+09   2.71228917E+09   1.97355977E+09   1.97355977E+09
   2.96000000E-02   1.72403210E+09   2.01390815E+09   2.01390815E+09   2.64769141E+09   1.92993915E+09   1.92993915E+09
   2.98000000E-02   1.68672790E+09   1.96034270E+09   1.96034270E+09   2.58427023E+09   1.88710663E+09   1.88710663E+09
   3.00000000E-02   1.65009208E+09   1.90775757E+09   1.90775757E+09   2.52199800E+09   1.84504375E+09   1.84504375E+09
   3.02000000E-02   1.61410909E+09   1.85612975E+09   1.85612975E+09   2.46084788E+09   1.80373258E+09   1.80373258E+09
   3.04000000E-02   1.57876386E+09   1.80543694E+09   1.80543694E+09   2.40079382E+09   1.76315575E+09   1.76315575E+09
   3.06000000E-02   1.54404174E+09   1.75565747E+09   1.75565747E+09   2.34181055E+09   1.72329637E+09   1.72329637E+09
   3.08000000E-02   1.50992850E+09   1.70677031E+09   1.70677031E+09   2.28387349E+09   1.68413805E+09   1.68413805E+09
   3.10000000E-02   1.47641033E+09   1.65875502E+09   1.65875502E+09   2.22695879E+09   1.64566485E+09   1.64566485E+09
   3.12000000E-02   1.44347381E+09   1.61159175E+09   1.61159175E+09   2.17104329E+09   1.60786130E+09   1.60786130E+09
   3.14000000E-02   1.41110589E+09   1.56526122E+09   1.56526122E+09   2.11610447E+09   1.57071236E+09   1.57071236E+09
   3.16000000E-02   1.37929390E+09   1.51974469E+09   1.51974469E+09   2.06212044E+09   1.53420343E+09   1.53420343E+09
   3.18000000E-02   1.34802551E+09   1.47502396E+09   1.47502396E+09   2.00906994E+09   1.49832030E+09   1.49832030E+09
   3.20000000E-02   1.31728874E+09   1.43108131E+09   1.43108131E+09   1.95693230E+09   1.46304916E+09   1.46304916E+09
   3.22000000E-02   1.28707195E+09   1.38789954E+09   1.38789954E+09   1.90568741E+09   1.42837657E+09   1.42837657E+09
   3.24000000E-02   1.25736380E+09   1.34546191E+09   1.34546191E+09   1.85531573E+09   1.39428949E+09   1.39428949E+09
   3.26000000E-02   1.22815327E+09   1.30375214E+09   1.30375214E+09   1.80579823E+09   1.36077521E+09   1.36077521E+09
   3.28000000E-02   1.19942965E+09   1.26275441E+09   1.26275441E+09   1.75711643E+09   1.32782138E+09   1.32782138E+09
   3.30000000E-02   1.17118250E+09   1.22245329E+09   1.22245329E+09   1.70925233E+09   1.29541596E+09   1.29541596E+09
   3.32000000E-02   1.14340166E+09   1.18283382E+09   1.18283382E+09   1.66218841E+09   1.26354727E+09   1.26354727E+09
   3.34000000E-02   1.11607727E+09   1.14388139E+09   1.14388139E+09   1.61590763E+09   1.23220390E+09   1.23220390E+09
   3.36000000E-02   1.08919969E+09   1.10558182E+09   1.10558182E+09   1.57039341E+09   1.20137478E+09   1.20137478E+09
   3.38000000E-02   1.06275957E+09   1.06792129E+09   1.06792129E+09   1.52562959E+09   1.17104911E+09   1.17104911E+09
   3.40000000E-02   1.03674778E+09   1.03088633E+09   1.03088633E+09   1.48160045E+09   1.14121638E+09   1.14121638E+09
   3.42000000E-02   1.01115543E+09   9.94463843E+08   9.94463843E+08   1.43829066E+09   1.11186636E+09   1.11186636E+09
   3.44000000E-02   9.85973892E+08   9.58641069E+08   9.58641069E+08   1.39568532E+09   1.08298907E+09   1.08298907E+09
   3.46000000E-02   9.61194719E+08   9.23405577E+08   9.23405577E+08   1.35376989E+09   1.05457480E+09   1.05457480E+09
   3.48000000E-02   9.36809703E+08   8.88745255E+08   8.88745255E+08   1.31253022E+09   1.02661409E+09   1.02661409E+09
   3.50000000E-02   9.12810842E+08   8.54648306E+08   8.54648306E+08   1.27195250E+09   9.99097715E+08   9.99097715E+08
   3.52000000E-02   8.89190334E+08   8.21103230E+08   8.21103230E+08   1.23202330E+09   9.72016688E+08   9.72016688E+08
   3.54000000E-02   8.66327703E+08   7.96621824E+08   7.96621824E+08   1.19272952E+09   9.45362247E+08   9.45362247E+08
   3.56000000E-02   8.44124515E+08   7.79189258E+08   7.79189258E+08   1.15405837E+09   9.19125853E+08   9.19125853E+08
   3.58000000E-02   8.22265987E+08   7.62023653E+08   7.62023653E+08   1.11599742E+09   8.93299177E+08   8.93299177E+08
   3.60000000E-02   8.00745304E+08   7.45119760E+08   7.45119760E+08   1.07853450E+09   8.67874099E+08   8.67874099E+08
   3.62000000E-02   7.79555821E+08   7.28472459E+08   7.28472459E+08   1.04165778E+09   8.42842701E+08   8.42842701E+08
   3.64000000E-02   7.58691053E+08   7.12076756E+08   7.12076756E+08   1.00535572E+09   8.18197257E+08   8.18197257E+08
   3.66000000E-02   7.38144677E+08   6.95927778E+08   6.95927778E+08   9.69617039E+08   7.93930231E+08   7.93930231E+08
   3.68000000E-02   7.17910522E+08   6.80020769E+08   6.80020769E+08   9.34430749E+08   7.70034272E+08   7.70034272E+08
   3.70000000E-02   6.97982567E+08   6.64351090E+08   6.64351090E+08   8.99786125E+08   7.46502205E+08   7.46502205E+08
   3.72000000E-02   6.78354935E+08   6.48914212E+08   6.48914212E+08   8.65672702E+08   7.23327029E+08   7.23327029E+08
   3.74000000E-02   6.59021890E+08   6.33705715E+08   6.33705715E+08   8.32080265E+08   7.00501910E+08   7.00501910E+08
   3.76000000E-02   6.39977833E+08   6.18721282E+08   6.18721282E+08   7.98998844E+08   6.78020180E+08   6.78020180E+08
   3.78000000E-02   6.21217298E+08   6.03956699E+08   6.03956699E+08   7.66418705E+08   6.55875324E+08   6.55875324E+08
   3.80000000E-02   6.02734947E+08   5.89407852E+08   5.89407852E+08   7.34330346E+08   6.34060986E+08   6.34060986E+08
   3.82000000E-02   5.84525568E+08   5.75070723E+08   5.75070723E+08   7.02724489E+08   6.12570956E+08   6.12570956E+08
   3.84000000E-02   5.72296183E+08   5.63927169E+08   5.63927169E+08   6.84836415E+08   5.98975851E+08   5.98975851E+08
   3.86000000E-02   5.62757380E+08   5.54256542E+08   5.54256542E+08   6.73039771E+08   5.88912706E+08   5.88912706E+08
   3.88000000E-02   5.53350711E+08   5.44720310E+08   5.44720310E+08   6.61407150E+08   5.78989086E+08   5.78989086E+08
   3.90000000E-02   5.44073799E+08   5.35316051E+08   5.35316051E+08   6.49935592E+08   5.69202479E+08   5.69202479E+08
   3.92000000E-02   5.34924319E+08   5.26041395E+08   5.26041395E+08   6.38622210E+08   5.59550430E+08   5.59550430E+08
   3.94000000E-02   5.25899997E+08   5.16894030E+08   5.16894030E+08   6.27464177E+08   5.50030537E+08   5.50030537E+08
   3.96000000E-02   5.16998614E+08   5.07871692E+08   5.07871692E+08   6.16458731E+08   5.40640455E+08   5.40640455E+08
   3.98000000E-02   5.08217996E+08   4.98972170E+08   4.98972170E+08   6.05603174E+08   5.31377889E+08   5.31377889E+08
   4.00000000E-02   4.99556020E+08   4.90193301E+08   4.90193301E+08   5.94894863E+08   5.22240595E+08   5.22240595E+08
   4.02000000E-02   4.91010609E+08   4.81532970E+08   4.81532970E+08   5.84331218E+08   5.13226381E+08   5.13226381E+08
   4.04000000E-02   4.82579733E+08   4.72989107E+08   4.72989107E+08   5.73909714E+08   5.04333100E+08   5.04333100E+08
   4.06000000E-02   4.74261403E+08   4.64559692E+08   4.64559692E+08   5.63627881E+08   4.95558653E+08   4.95558653E+08
   4.08000000E-02   4.66053678E+08   4.56242743E+08   4.56242743E+08   5.53483303E+08   4.86900989E+08   4.86900989E+08
   4.10000000E-02   4.57954655E+08   4.48036325E+08   4.48036325E+08   5.43473617E+08   4.78358098E+08   4.78358098E+08
   4.12000000E-02   4.49962474E+08   4.39938544E+08   4.39938544E+08   5.33596511E+08   4.69928015E+08   4.69928015E+08
   4.14000000E-02   4.42075314E+08   4.31947546E+08   4.31947546E+08   5.23849721E+08   4.61608818E+08   4.61608818E+08
   4.16000000E-02   4.34291396E+08   4.24061517E+08   4.24061517E+08   5.14231034E+08   4.53398626E+08   4.53398626E+08
   4.18000000E-02   4.26608974E+08   4.16278682E+08   4.16278682E+08   5.04738283E+08   4.45295596E+08   4.45295596E+08
   4.20000000E-02   4.19026342E+08   4.08597303E+08   4.08597303E+08   4.95369346E+08   4.37297926E+08   4.37297926E+08
   4.22000000E-02   4.11541830E+08   4.01015679E+08   4.01015679E+08   4.86122148E+08   4.29403851E+08   4.29403851E+08
   4.24000000E-02   4.04153802E+08   3.93532145E+08   3.93532145E+08   4.76994655E+08   4.21611644E+08   4.21611644E+08
   4.26000000E-02   3.96860658E+08   3.86145071E+08   3.86145071E+08   4.67984878E+08   4.13919613E+08   4.13919613E+08
   4.28000000E-02   3.89660828E+08   3.78852859E+08   3.78852859E+08   4.59090868E+08   4.06326103E+08   4.06326103E+08
   4.30000000E-02   3.82552777E+08   3.71653948E+08   3.71653948E+08   4.50310716E+08   3.98829491E+08   3.98829491E+08
   4.32000000E-02   3.75535002E+08   3.64546805E+08   3.64546805E+08   4.41642553E+08   3.91428189E+08   3.91428189E+08
   4.34000000E-02   3.68606029E+08   3.57529931E+08   3.57529931E+08   4.33084550E+08   3.84120642E+08   3.84120642E+08
   4.36000000E-02   3.61764416E+08   3.50601858E+08   3.50601858E+08   4.24634913E+08   3.76905324E+08   3.76905324E+08
   4.38000000E-02   3.55008750E+08   3.43761145E+08   3.43761145E+08   4.16291885E+08   3.69780744E+08   3.69780744E+08
   4.40000000E-02   3.48337644E+08   3.37006384E+08   3.37006384E+08   4.08053747E+08   3.62745439E+08   3.62745439E+08
   4.42000000E-02   3.41749743E+08   3.30336193E+08   3.30336193E+08   3.99918811E+08   3.55797975E+08   3.55797975E+08
   4.44000000E-02   3.35243717E+08   3.23749219E+08   3.23749219E+08   3.91885426E+08   3.48936948E+08   3.48936948E+08
   4.46000000E-02   3.28818263E+08   3.17244134E+08   3.17244134E+08   3.83951972E+08   3.42160982E+08   3.42160982E+08
   4.48000000E-02   3.22472104E+08   3.10819639E+08   3.10819639E+08   3.76116863E+08   3.35468728E+08   3.35468728E+08
   4.50000000E-02   3.16203988E+08   3.04474461E+08   3.04474461E+08   3.68378544E+08   3.28858865E+08   3.28858865E+08
   4.52000000E-02   3.10012687E+08   2.98207349E+08   2.98207349E+08   3.60735489E+08   3.22330095E+08   3.22330095E+08
   4.54000000E-02   3.03897000E+08   2.92017080E+08   2.92017080E+08   3.53186206E+08   3.15881149E+08   3.15881149E+08
   4.56000000E-02   2.97855747E+08   2.85902453E+08   2.85902453E+08   3.45729227E+08   3.09510782E+08   3.09510782E+08
   4.58000000E-02   2.91887772E+08   2.79862292E+08   2.79862292E+08   3.38363118E+08   3.03217772E+08   3.03217772E+08
   4.60000000E-02   2.85991940E+08   2.73895441E+08   2.73895441E+08   3.31086468E+08   2.97000921E+08   2.97000921E+08
   4.62000000E-02   2.80167141E+08   2.68000770E+08   2.68000770E+08   3.23897898E+08   2.90859055E+08   2.90859055E+08
   4.64000000E-02   2.74412283E+08   2.62177169E+08   2.62177169E+08   3.16796052E+08   2.84791024E+08   2.84791024E+08
   4.66000000E-02   2.68726297E+08   2.56423549E+08   2.56423549E+08   3.09779601E+08   2.78795696E+08   2.78795696E+08
   4.68000000E-02   2.63108135E+08   2.50738842E+08   2.50738842E+08   3.02847243E+08   2.72871964E+08   2.72871964E+08
   4.70000000E-02   2.57556766E+08   2.45122001E+08   2.45122001E+08   2.95997699E+08   2.67018742E+08   2.67018742E+08
   4.72000000E-02   2.52071181E+08   2.39571999E+08   2.39571999E+08   2.89229714E+08   2.61234963E+08   2.61234963E+08
   4.74000000E-02   2.46650390E+08   2.34087828E+08   2.34087828E+08   2.82542060E+08   2.55519580E+08   2.55519580E+08
   4.76000000E-02   2.41293421E+08   2.28668497E+08   2.28668497E+08   2.75933527E+08   2.49871569E+08   2.49871569E+08
   4.78000000E-02   2.35999321E+08   2.23313038E+08   2.23313038E+08   2.69402932E+08   2.44289920E+08   2.44289920E+08
   4.80000000E-02   2.30767153E+08   2.18020497E+08   2.18020497E+08   2.62949112E+08   2.38773647E+08   2.38773647E+08
   4.82000000E-02   2.25595998E+08   2.12789940E+08   2.12789940E+08   2.56570927E+08   2.33321779E+08   2.33321779E+08
   4.84000000E-02   2.20484957E+08   2.07620450E+08   2.07620450E+08   2.50267256E+08   2.27933363E+08   2.27933363E+08
   4.86000000E-02   2.15433142E+08   2.02511125E+08   2.02511125E+08   2.44037001E+08   2.22607466E+08   2.22607466E+08
   4.88000000E-02   2.10439687E+08   1.97461083E+08   1.97461083E+08   2.37879083E+08   2.17343171E+08   2.17343171E+08
   4.90000000E-02   2.05503738E+08   1.92469455E+08   1.92469455E+08   2.31792442E+08   2.12139576E+08   2.12139576E+08
   4.92000000E-02   2.00624459E+08   1.87535390E+08   1.87535390E+08   2.25776040E+08   2.06995797E+08   2.06995797E+08
   4.94000000E-02   1.95801026E+08   1.82658050E+08   1.82658050E+08   2.19828855E+08   2.01910968E+08   2.01910968E+08
   4.96000000E-02   1.91032634E+08   1.77836617E+08   1.77836617E+08   2.13949885E+08   1.96884234E+08   1.96884234E+08
   4.98000000E-02   1.86318489E+08   1.73070281E+08   1.73070281E+08   2.08138146E+08   1.91914760E+08   1.91914760E+08
   5.00000000E-02   1.81657814E+08   1.68358253E+08   1.68358253E+08   2.02392671E+08   1.87001724E+08   1.87001724E+08
   5.02000000E-02   1.77049843E+08   1.63699753E+08   1.63699753E+08   1.96712511E+08   1.82144317E+08   1.82144317E+08
   5.04000000E-02   1.72493827E+08   1.59094019E+08   1.59094019E+08   1.91096734E+08   1.77341748E+08   1.77341748E+08
   5.06000000E-02   1.67989028E+08   1.54540300E+08   1.54540300E+08   1.85544424E+08   1.72593238E+08   1.72593238E+08
   5.08000000E-02   1.63534721E+08   1.50037858E+08   1.50037858E+08   1.80054682E+08   1.67898021E+08   1.67898021E+08
   5.10000000E-02   1.59130195E+08   1.45585971E+08   1.45585971E+08   1.74626624E+08   1.63255347E+08   1.63255347E+08
   5.12000000E-02   1.54774750E+08   1.41183926E+08   1.41183926E+08   1.69259381E+08   1.58664477E+08   1.58664477E+08
   5.14000000E-02   1.50467701E+08   1.36831025E+08   1.36831025E+08   1.63952101E+08   1.54124685E+08   1.54124685E+08
   5.16000000E-02   1.46208371E+08   1.32526581E+08   1.32526581E+08   1.58703946E+08   1.49635259E+08   1.49635259E+08
   5.18000000E-02   1.41996098E+08   1.28269920E+08   1.28269920E+08   1.53514093E+08   1.45195498E+08   1.45195498E+08
   5.20000000E-02   1.37830230E+08   1.24060379E+08   1.24060379E+08   1.48381732E+08   1.40804715E+08   1.40804715E+08
   5.22000000E-02   1.33710126E+08   1.19897305E+08   1.19897305E+08   1.43306068E+08   1.36462233E+08   1.36462233E+08
   5.24000000E-02   1.29635157E+08   1.15780060E+08   1.15780060E+08   1.38286320E+08   1.32167387E+08   1.32167387E+08
   5.26000000E-02   1.25604705E+08   1.11708012E+08   1.11708012E+08   1.33321718E+08   1.27919525E+08   1.27919525E+08
   5.28000000E-02   1.21618161E+08   1.07680544E+08   1.07680544E+08   1.28411510E+08   1.23718002E+08   1.23718002E+08
   5.30000000E-02   1.17674927E+08   1.03697048E+08   1.03697048E+08   1.23554951E+08   1.19562190E+08   1.19562190E+08
   5.32000000E-02   1.13774415E+08   9.97569256E+07   9.97569256E+07   1.18751314E+08   1.15451466E+08   1.15451466E+08
   5.34000000E-02   1.09916049E+08   9.58595891E+07   9.58595891E+07   1.13999879E+08   1.11385221E+08   1.11385221E+08
   5.36000000E-02   1.06099259E+08   9.20044609E+07   9.20044609E+07   1.09299943E+08   1.07362855E+08   1.07362855E+08
   5.38000000E-02   1.02323487E+08   8.81909728E+07   8.81909728E+07   1.04650811E+08   1.03383778E+08   1.03383778E+08
   5.40000000E-02   9.85881846E+07   8.44185663E+07   8.44185663E+07   1.00051802E+08   9.94474100E+07   9.94474100E+07
   5.42000000E-02   9.48928109E+07   8.06866919E+07   8.06866919E+07   9.55022465E+07   9.55531810E+07   9.55531810E+07
   5.44000000E-02   9.12368350E+07   7.69948095E+07   7.69948095E+07   9.10014838E+07   9.17005302E+07   9.17005302E+07
   5.46000000E-02   8.76197346E+07   7.33423879E+07   7.33423879E+07   8.65488661E+07   8.78889058E+07   8.78889058E+07
   5.48000000E-02   8.40409958E+07   6.97289045E+07   6.97289045E+07   8.21437557E+07   8.41177655E+07   8.41177655E+07
   5.50000000E-02   8.05001134E+07   6.61538455E+07   6.61538455E+07   7.77855253E+07   8.03865756E+07   8.03865756E+07
   5.52000000E-02   7.69965904E+07   6.26167052E+07   6.26167052E+07   7.34735581E+07   7.66948114E+07   7.66948114E+07
   5.54000000E-02   7.35299378E+07   5.91169866E+07   5.91169866E+07   6.92072472E+07   7.30419566E+07   7.30419566E+07
   5.56000000E-02   7.00996746E+07   5.56542004E+07   5.56542004E+07   6.49859955E+07   6.94275033E+07   6.94275033E+07
   5.58000000E-02   6.67053275E+07   5.22278653E+07   5.22278653E+07   6.08092159E+07   6.58509517E+07   6.58509517E+07
   5.60000000E-02   6.33464311E+07   4.88375080E+07   4.88375080E+07   5.66763304E+07   6.23118104E+07   6.23118104E+07
   5.62000000E-02   6.05225592E+07   4.57440345E+07   4.57440345E+07   5.32658655E+07   5.93602872E+07   5.93602872E+07
   5.64000000E-02   5.97273815E+07   4.37279792E+07   4.37279792E+07   5.26033111E+07   5.86406688E+07   5.86406688E+07
   5.66000000E-02   5.89398713E+07   4.17327106E+07   4.17327106E+07   5.19471099E+07   5.79279319E+07   5.79279319E+07
   5.68000000E-02   5.81728971E+07   4.00433805E+07   4.00433805E+07   5.12971830E+07   5.72219911E+07   5.72219911E+07
   5.70000000E-02   5.74677081E+07   3.95699435E+07   3.95699435E+07   5.06534527E+07   5.65227625E+07   5.65227625E+07
   5.72000000E-02   5.67691993E+07   3.91009793E+07   3.91009793E+07   5.00158427E+07   5.58301634E+07   5.58301634E+07
   5.74000000E-02   5.60772890E+07   3.86364331E+07   3.86364331E+07   4.93842777E+07   5.51441124E+07   5.51441124E+07
   5.76000000E-02   5.53918962E+07   3.81762508E+07   3.81762508E+07   4.87586837E+07   5.44645293E+07   5.44645293E+07
   5.78000000E-02   5.47129416E+07   3.77203794E+07   3.77203794E+07   4.81389876E+07   5.37913353E+07   5.37913353E+07
   5.80000000E-02   5.40403468E+07   3.72687665E+07   3.72687665E+07   4.75251177E+07   5.31244526E+07   5.31244526E+07
   5.82000000E-02   5.33740348E+07   3.68213605E+07   3.68213605E+07   4.69170033E+07   5.24638047E+07   5.24638047E+07
   5.84000000E-02   5.27139296E+07   3.63781106E+07   3.63781106E+07   4.63145748E+07   5.18093163E+07   5.18093163E+07
   5.86000000E-02   5.20599566E+07   3.59389669E+07   3.59389669E+07   4.57177635E+07   5.11609131E+07   5.11609131E+07
   5.88000000E-02   5.14120421E+07   3.55038802E+07   3.55038802E+07   4.51265019E+07   5.05185222E+07   5.05185222E+07
   5.90000000E-02   5.07701136E+07   3.50728019E+07   3.50728019E+07   4.45407235E+07   4.98820715E+07   4.98820715E+07
   5.92000000E-02   5.01340996E+07   3.46456842E+07   3.46456842E+07   4.39603628E+07   4.92514900E+07   4.92514900E+07
   5.94000000E-02   4.95039299E+07   3.42224802E+07   3.42224802E+07   4.33853552E+07   4.86267081E+07   4.86267081E+07
   5.96000000E-02   4.88795352E+07   3.38031434E+07   3.38031434E+07   4.28156372E+07   4.80076568E+07   4.80076568E+07
   5.98000000E-02   4.82608471E+07   3.33876282E+07   3.33876282E+07   4.22511461E+07   4.73942685E+07   4.73942685E+07
   6.00000000E-02   4.76477985E+07   3.29758897E+07   3.29758897E+07   4.16918203E+07   4.67864763E+07   4.67864763E+07
   6.02000000E-02   4.70403230E+07   3.25678835E+07   3.25678835E+07   4.11375990E+07   4.61842146E+07   4.61842146E+07
   6.04000000E-02   4.64383554E+07   3.21635659E+07   3.21635659E+07   4.05884222E+07   4.55874184E+07   4.55874184E+07
   6.06000000E-02   4.58418314E+07   3.17628939E+07   3.17628939E+07   4.00442310E+07   4.49960239E+07   4.49960239E+07
   6.08000000E-02   4.52506876E+07   3.13658252E+07   3.13658252E+07   3.95049673E+07   4.44099683E+07   4.44099683E+07
   6.10000000E-02   4.46648616E+07   3.09723179E+07   3.09723179E+07   3.89705737E+07   4.38291895E+07   4.38291895E+07
   6.12000000E-02   4.40842918E+07   3.05823309E+07   3.05823309E+07   3.84409938E+07   4.32536265E+07   4.32536265E+07
   6.14000000E-02   4.35089175E+07   3.01958236E+07   3.01958236E+07   3.79161721E+07   4.26832190E+07   4.26832190E+07
   6.16000000E-02   4.29386790E+07   2.98127560E+07   2.98127560E+07   3.73960535E+07   4.21179078E+07   4.21179078E+07
   6.18000000E-02   4.23735174E+07   2.94330888E+07   2.94330888E+07   3.68805842E+07   4.15576342E+07   4.15576342E+07
   6.20000000E-02   4.18133746E+07   2.90567831E+07   2.90567831E+07   3.63697108E+07   4.10023408E+07   4.10023408E+07
   6.22000000E-02   4.12581935E+07   2.86838006E+07   2.86838006E+07   3.58633809E+07   4.04519707E+07   4.04519707E+07
   6.24000000E-02   4.07079175E+07   2.83141036E+07   2.83141036E+07   3.53615428E+07   3.99064678E+07   3.99064678E+07
   6.26000000E-02   4.01624911E+07   2.79476548E+07   2.79476548E+07   3.48641454E+07   3.93657771E+07   3.93657771E+07
   6.28000000E-02   3.96218595E+07   2.75844177E+07   2.75844177E+07   3.43711384E+07   3.88298441E+07   3.88298441E+07
   6.30000000E-02   3.90859686E+07   2.72243560E+07   2.72243560E+07   3.38824723E+07   3.82986151E+07   3.82986151E+07
   6.32000000E-02   3.85547652E+07   2.68674341E+07   2.68674341E+07   3.33980983E+07   3.77720373E+07   3.77720373E+07
   6.34000000E-02   3.80281968E+07   2.65136170E+07   2.65136170E+07   3.29179681E+07   3.72500586E+07   3.72500586E+07
   6.36000000E-02   3.75062115E+07   2.61628698E+07   2.61628698E+07   3.24420343E+07   3.67326275E+07   3.67326275E+07
   6.38000000E-02   3.69887583E+07   2.58151586E+07   2.58151586E+07   3.19702500E+07   3.62196933E+07   3.62196933E+07
   6.40000000E-02   3.64757869E+07   2.54704496E+07   2.54704496E+07   3.15025691E+07   3.57112061E+07   3.57112061E+07
   6.42000000E-02   3.59672475E+07   2.51287095E+07   2.51287095E+07   3.10389460E+07   3.52071166E+07   3.52071166E+07
   6.44000000E-02   3.54630913E+07   2.47899056E+07   2.47899056E+07   3.05793359E+07   3.47073762E+07   3.47073762E+07
   6.46000000E-02   3.49632700E+07   2.44540057E+07   2.44540057E+07   3.01236944E+07   3.42119370E+07   3.42119370E+07
   6.48000000E-02   3.44677359E+07   2.41209779E+07   2.41209779E+07   2.96719778E+07   3.37207517E+07   3.37207517E+07
   6.50000000E-02   3.39764421E+07   2.37907907E+07   2.37907907E+07   2.92241432E+07   3.32337736E+07   3.32337736E+07
   6.52000000E-02   3.34893423E+07   2.34634132E+07   2.34634132E+07   2.87801481E+07   3.27509569E+07   3.27509569E+07
   6.54000000E-02   3.30063908E+07   2.31388147E+07   2.31388147E+07   2.83399504E+07   3.22722562E+07   3.22722562E+07
   6.56000000E-02   3.25275425E+07   2.28169653E+07   2.28169653E+07   2.79035091E+07   3.17976267E+07   3.17976267E+07
   6.58000000E-02   3.20527530E+07   2.24978350E+07   2.24978350E+07   2.74707831E+07   3.13270243E+07   3.13270243E+07
   6.60000000E-02   3.15819784E+07   2.21813946E+07   2.21813946E+07   2.70417325E+07   3.08604055E+07   3.08604055E+07
   6.62000000E-02   3.11151755E+07   2.18676152E+07   2.18676152E+07   2.66163174E+07   3.03977274E+07   3.03977274E+07
   6.64000000E-02   3.06523017E+07   2.15564681E+07   2.15564681E+07   2.61944988E+07   2.99389477E+07   2.99389477E+07
   6.66000000E-02   3.01933148E+07   2.12479253E+07   2.12479253E+07   2.57762381E+07   2.94840245E+07   2.94840245E+07
   6.68000000E-02   2.97381732E+07   2.09419589E+07   2.09419589E+07   2.53614972E+07   2.90329166E+07   2.90329166E+07
   6.70000000E-02   2.92868361E+07   2.06385415E+07   2.06385415E+07   2.49502386E+07   2.85855833E+07   2.85855833E+07
   6.72000000E-02   2.88392630E+07   2.03376461E+07   2.03376461E+07   2.45424250E+07   2.81419846E+07   2.81419846E+07
   6.74000000E-02   2.83954140E+07   2.00392459E+07   2.00392459E+07   2.41380201E+07   2.77020808E+07   2.77020808E+07
   6.76000000E-02   2.79552497E+07   1.97433147E+07   1.97433147E+07   2.37369876E+07   2.72658328E+07   2.72658328E+07
   6.78000000E-02   2.75187313E+07   1.94498265E+07   1.94498265E+07   2.33392920E+07   2.68332021E+07   2.68332021E+07
   6.80000000E-02   2.70858205E+07   1.91587555E+07   1.91587555E+07   2.29448981E+07   2.64041507E+07   2.64041507E+07
   6.82000000E-02   2.66564794E+07   1.88700765E+07   1.88700765E+07   2.25537712E+07   2.59786410E+07   2.59786410E+07
   6.84000000E-02   2.62306707E+07   1.85837645E+07   1.85837645E+07   2.21658771E+07   2.55566359E+07   2.55566359E+07
   6.86000000E-02   2.58083575E+07   1.82997948E+07   1.82997948E+07   2.17811821E+07   2.51380989E+07   2.51380989E+07
   6.88000000E-02   2.53895036E+07   1.80181431E+07   1.80181431E+07   2.13996528E+07   2.47229938E+07   2.47229938E+07
   6.90000000E-02   2.49740729E+07   1.77387855E+07   1.77387855E+07   2.10212562E+07   2.43112852E+07   2.43112852E+07
   6.92000000E-02   2.45620301E+07   1.74616981E+07   1.74616981E+07   2.06459599E+07   2.39029377E+07   2.39029377E+07
   6.94000000E-02   2.41533403E+07   1.71868576E+07   1.71868576E+07   2.02737319E+07   2.34979167E+07   2.34979167E+07
   6.96000000E-02   2.37479688E+07   1.69142409E+07   1.69142409E+07   1.99045405E+07   2.30961879E+07   2.30961879E+07
   6.98000000E-02   2.33458816E+07   1.66438251E+07   1.66438251E+07   1.95383544E+07   2.26977176E+07   2.26977176E+07
   7.00000000E-02   2.29470452E+07   1.63755879E+07   1.63755879E+07   1.91751429E+07   2.23024722E+07   2.23024722E+07
   7.02000000E-02   2.25514262E+07   1.61095069E+07   1.61095069E+07   1.88148754E+07   2.19104190E+07   2.19104190E+07
   7.04000000E-02   2.21589918E+07   1.58455601E+07   1.58455601E+07   1.84575220E+07   2.15215252E+07   2.15215252E+07
   7.06000000E-02   2.17697099E+07   1.55837261E+07   1.55837261E+07   1.81030529E+07   2.11357589E+07   2.11357589E+07
   7.08000000E-02   2.13835482E+07   1.53239833E+07   1.53239833E+07   1.77514389E+07   2.07530882E+07   2.07530882E+07
   7.10000000E-02   2.10004754E+07   1.50663107E+07   1.50663107E+07   1.74026510E+07   2.03734820E+07   2.03734820E+07
   7.12000000E-02   2.06204603E+07   1.48106873E+07   1.48106873E+07   1.70566608E+07   1.99969091E+07   1.99969091E+07
   7.14000000E-02   2.02434721E+07   1.45570927E+07   1.45570927E+07   1.67134399E+07   1.96233392E+07   1.96233392E+07
   7.16000000E-02   1.98694804E+07   1.43055064E+07   1.43055064E+07   1.63729605E+07   1.92527421E+07   1.92527421E+07
   7.18000000E-02   1.94984552E+07   1.40559085E+07   1.40559085E+07   1.60351952E+07   1.88850879E+07   1.88850879E+07
   7.20000000E-02   1.91303670E+07   1.38082790E+07   1.38082790E+07   1.57001168E+07   1.85203474E+07   1.85203474E+07
   7.22000000E-02   1.87651864E+07   1.35625985E+07   1.35625985E+07   1.53676985E+07   1.81584914E+07   1.81584914E+07
   7.24000000E-02   1.84028846E+07   1.33188475E+07   1.33188475E+07   1.50379137E+07   1.77994913E+07   1.77994913E+07
   7.26000000E-02   1.80434331E+07   1.30770070E+07   1.30770070E+07   1.47107365E+07   1.74433189E+07   1.74433189E+07
   7.28000000E-02   1.76868036E+07   1.28370581E+07   1.28370581E+07   1.43861408E+07   1.70899460E+07   1.70899460E+07
   7.30000000E-02   1.73329684E+07   1.25989822E+07   1.25989822E+07   1.40641013E+07   1.67393451E+07   1.67393451E+07
   7.32000000E-02   1.69818999E+07   1.23627609E+07   1.23627609E+07   1.37445927E+07   1.63914890E+07   1.63914890E+07
   7.34000000E-02   1.66335710E+07   1.21283760E+07   1.21283760E+07   1.34275902E+07   1.60463506E+07   1.60463506E+07
   7.36000000E-02   1.62879549E+07   1.18958096E+07   1.18958096E+07   1.31130691E+07   1.57039034E+07   1.57039034E+07
   7.38000000E-02   1.59450251E+07   1.16650439E+07   1.16650439E+07   1.28010051E+07   1.53641210E+07   1.53641210E+07
   7.40000000E-02   1.56047554E+07   1.14360614E+07   1.14360614E+07   1.24913744E+07   1.50269775E+07   1.50269775E+07
   7.42000000E-02   1.52671200E+07   1.12088449E+07   1.12088449E+07   1.21841532E+07   1.46924472E+07   1.46924472E+07
   7.44000000E-02   1.49320933E+07   1.09833772E+07   1.09833772E+07   1.18793180E+07   1.43605048E+07   1.43605048E+07
   7.46000000E-02   1.45996501E+07   1.07596413E+07   1.07596413E+07   1.15768459E+07   1.40311253E+07   1.40311253E+07
   7.48000000E-02   1.42697655E+07   1.05376208E+07   1.05376208E+07   1.12767138E+07   1.37042838E+07   1.37042838E+07
   7.50000000E-02   1.39424148E+07   1.03172990E+07   1.03172990E+07   1.09788993E+07   1.33799561E+07   1.33799561E+07
   7.52000000E-02   1.36175737E+07   1.00986597E+07   1.00986597E+07   1.06833801E+07   1.30581178E+07   1.30581178E+07
   7.54000000E-02   1.32952183E+07   9.88168671E+06   9.88168671E+06   1.03901341E+07   1.27387452E+07   1.27387452E+07
   7.56000000E-02   1.29753246E+07   9.66636423E+06   9.66636423E+06   1.00991395E+07   1.24218146E+07   1.24218146E+07
   7.58000000E-02   1.26578693E+07   9.45267652E+06   9.45267652E+06   9.81037489E+06   1.21073028E+07   1.21073028E+07
   7.60000000E-02   1.23428291E+07   9.24060805E+06   9.24060805E+06   9.52381896E+06   1.17951868E+07   1.17951868E+07
   7.62000000E-02   1.20301811E+07   9.03014348E+06   9.03014348E+06   9.23945072E+06   1.14854438E+07   1.14854438E+07
   7.64000000E-02   1.17199028E+07   8.82126763E+06   8.82126763E+06   8.95724942E+06   1.11780514E+07   1.11780514E+07
   7.66000000E-02   1.14119716E+07   8.61396554E+06   8.61396554E+06   8.67719453E+06   1.08729872E+07   1.08729872E+07
   7.68000000E-02   1.11063655E+07   8.40822239E+06   8.40822239E+06   8.39926580E+06   1.05702295E+07   1.05702295E+07
   7.70000000E-02   1.08030627E+07   8.20402355E+06   8.20402355E+06   8.12344319E+06   1.02697564E+07   1.02697564E+07
   7.72000000E-02   1.05020415E+07   8.00135456E+06   8.00135456E+06   7.84970692E+06   9.97154654E+06   9.97154654E+06
   7.74000000E-02   1.02032805E+07   7.80020112E+06   7.80020112E+06   7.57803740E+06   9.67557875E+06   9.67557875E+06
   7.76000000E-02   9.90675869E+06   7.60054910E+06   7.60054910E+06   7.30841531E+06   9.38183206E+06   9.38183206E+06
   7.78000000E-02   9.61245520E+06   7.40238454E+06   7.40238454E+06   7.04082153E+06   9.09028578E+06   9.09028578E+06
   7.80000000E-02   9.32034939E+06   7.20569364E+06   7.20569364E+06   6.77523717E+06   8.80091944E+06   8.80091944E+06
   7.82000000E-02   9.03042089E+06   7.01046275E+06   7.01046275E+06   6.51164356E+06   8.51371282E+06   8.51371282E+06
   7.84000000E-02   8.74264956E+06   6.81667839E+06   6.81667839E+06   6.25002225E+06   8.22864593E+06   8.22864593E+06
   7.86000000E-02   8.45701548E+06   6.62432722E+06   6.62432722E+06   5.99035498E+06   7.94569900E+06   7.94569900E+06
   7.88000000E-02   8.17349897E+06   6.43339606E+06   6.43339606E+06   5.73262373E+06   7.66485251E+06   7.66485251E+06
   7.90000000E-02   7.89208057E+06   6.24387190E+06   6.24387190E+06   5.47681066E+06   7.38608713E+06   7.38608713E+06
   7.92000000E-02   7.61274104E+06   6.05574184E+06   6.05574184E+06   5.22289814E+06   7.10938379E+06   7.10938379E+06
   7.94000000E-02   7.33546136E+06   5.86899315E+06   5.86899315E+06   4.97086877E+06   6.83472360E+06   6.83472360E+06
   7.96000000E-02   7.06022274E+06   5.68361325E+06   5.68361325E+06   4.72070530E+06   6.56208791E+06   6.56208791E+06
   7.98000000E-02   6.78700658E+06   5.49958969E+06   5.49958969E+06   4.47239071E+06   6.29145828E+06   6.29145828E+06
   8.00000000E-02   6.51579451E+06   5.31691017E+06   5.31691017E+06   4.22590817E+06   6.02281645E+06   6.02281645E+06
   8.02000000E-02   6.24656835E+06   5.13556251E+06   5.13556251E+06   3.98124102E+06   5.75614440E+06   5.75614440E+06
   8.04000000E-02   5.97931014E+06   4.95553469E+06   4.95553469E+06   3.73837280E+06   5.49142430E+06   5.49142430E+06
   8.06000000E-02   5.71400211E+06   4.77681481E+06   4.77681481E+06   3.49728724E+06   5.22863852E+06   5.22863852E+06
   8.08000000E-02   5.45062669E+06   4.59939112E+06   4.59939112E+06   3.25796825E+06   4.96776963E+06   4.96776963E+06
   8.10000000E-02   5.18916653E+06   4.42325197E+06   4.42325197E+06   3.02039992E+06   4.70880039E+06   4.70880039E+06
   8.12000000E-02   4.92960443E+06   4.24838587E+06   4.24838587E+06   2.78456651E+06   4.45171375E+06   4.45171375E+06
   8.14000000E-02   4.67192342E+06   4.07478145E+06   4.07478145E+06   2.55045245E+06   4.19649286E+06   4.19649286E+06
   8.16000000E-02   4.41610670E+06   3.90242746E+06   3.90242746E+06   2.31804238E+06   3.94312106E+06   3.94312106E+06
   8.18000000E-02   4.16213765E+06   3.73131277E+06   3.73131277E+06   2.08732106E+06   3.69158185E+06   3.69158185E+06
   8.20000000E-02   3.90999986E+06   3.56142639E+06   3.56142639E+06   1.85827345E+06   3.44185894E+06   3.44185894E+06
   8.22000000E-02   3.65967708E+06   3.39275743E+06   3.39275743E+06   1.63088468E+06   3.19393620E+06   3.19393620E+06
   8.24000000E-02   3.41115323E+06   3.22529515E+06   3.22529515E+06   1.40514002E+06   2.94779770E+06   2.94779770E+06
   8.26000000E-02   3.34605810E+06   3.15397700E+06   3.15397700E+06   1.35938290E+06   2.88746131E+06   2.88746131E+06
   8.28000000E-02   3.31567653E+06   3.10106570E+06   3.10106570E+06   1.34750789E+06   2.86223769E+06   2.86223769E+06
   8.30000000E-02   3.28549504E+06   3.04851840E+06   3.04851840E+06   1.33571080E+06   2.83717955E+06   2.83717955E+06
   8.32000000E-02   3.25551193E+06   2.99633195E+06   2.99633195E+06   1.32399095E+06   2.81228549E+06   2.81228549E+06
   8.34000000E-02   3.22572553E+06   2.94450324E+06   2.94450324E+06   1.31234769E+06   2.78755412E+06   2.78755412E+06
   8.36000000E-02   3.19613417E+06   2.89302919E+06   2.89302919E+06   1.30078037E+06   2.76298405E+06   2.76298405E+06
   8.38000000E-02   3.16673620E+06   2.84190675E+06   2.84190675E+06   1.28928836E+06   2.73857394E+06   2.73857394E+06
   8.40000000E-02   3.13752999E+06   2.79113290E+06   2.79113290E+06   1.27787102E+06   2.71432244E+06   2.71432244E+06
   8.42000000E-02   3.10851393E+06   2.74070467E+06   2.74070467E+06   1.26652772E+06   2.69022821E+06   2.69022821E+06
   8.44000000E-02   3.07968642E+06   2.69061910E+06   2.69061910E+06   1.25525784E+06   2.66628994E+06   2.66628994E+06
   8.46000000E-02   3.05104589E+06   2.64087327E+06   2.64087327E+06   1.24406078E+06   2.64250633E+06   2.64250633E+06
   8.48000000E-02   3.02259078E+06   2.59146429E+06   2.59146429E+06   1.23293592E+06   2.61887608E+06   2.61887608E+06
   8.50000000E-02   2.99431953E+06   2.54238931E+06   2.54238931E+06   1.22188266E+06   2.59539792E+06   2.59539792E+06
   8.52000000E-02   2.96623063E+06   2.49364549E+06   2.49364549E+06   1.21090041E+06   2.57207058E+06   2.57207058E+06
   8.54000000E-02   2.93832255E+06   2.44523004E+06   2.44523004E+06   1.19998857E+06   2.54889283E+06   2.54889283E+06
   8.56000000E-02   2.91059380E+06   2.39714020E+06   2.39714020E+06   1.18914658E+06   2.52586341E+06   2.52586341E+06
   8.58000000E-02   2.88304290E+06   2.34937321E+06   2.34937321E+06   1.17837384E+06   2.50298111E+06   2.50298111E+06
   8.60000000E-02   2.85566838E+06   2.30192637E+06   2.30192637E+06   1.16766980E+06   2.48024472E+06   2.48024472E+06
   8.62000000E-02   2.82846879E+06   2.25479700E+06   2.25479700E+06   1.15703388E+06   2.45765303E+06   2.45765303E+06
   8.64000000E-02   2.80144269E+06   2.20798244E+06   2.20798244E+06   1.14646553E+06   2.43520486E+06   2.43520486E+06
   8.66000000E-02   2.77458867E+06   2.16148006E+06   2.16148006E+06   1.13596419E+06   2.41289904E+06   2.41289904E+06
   8.68000000E-02   2.74790531E+06   2.11528727E+06   2.11528727E+06   1.12552933E+06   2.39073441E+06   2.39073441E+06
   8.70000000E-02   2.72139123E+06   2.06940149E+06   2.06940149E+06   1.11516039E+06   2.36870981E+06   2.36870981E+06
   8.72000000E-02   2.69504504E+06   2.02382019E+06   2.02382019E+06   1.10485684E+06   2.34682410E+06   2.34682410E+06
   8.74000000E-02   2.66886538E+06   1.97854082E+06   1.97854082E+06   1.09461815E+06   2.32507617E+06   2.32507617E+06
   8.76000000E-02   2.64285090E+06   1.93356091E+06   1.93356091E+06   1.08444380E+06   2.30346489E+06   2.30346489E+06
   8.78000000E-02   2.61700026E+06   1.88887799E+06   1.88887799E+06   1.07433326E+06   2.28198916E+06   2.28198916E+06
   8.80000000E-02   2.59131214E+06   1.84448961E+06   1.84448961E+06   1.06428602E+06   2.26064789E+06   2.26064789E+06
   8.82000000E-02   2.56578524E+06   1.80039335E+06   1.80039335E+06   1.05430158E+06   2.23944000E+06   2.23944000E+06
   8.84000000E-02   2.54041825E+06   1.75658682E+06   1.75658682E+06   1.04437943E+06   2.21836441E+06   2.21836441E+06
   8.86000000E-02   2.51520989E+06   1.71306766E+06   1.71306766E+06   1.03451906E+06   2.19742007E+06   2.19742007E+06
   8.88000000E-02   2.49015890E+06   1.66983351E+06   1.66983351E+06   1.02471999E+06   2.17660593E+06   2.17660593E+06
   8.90000000E-02   2.46526401E+06   1.62688206E+06   1.62688206E+06   1.01498173E+06   2.15592094E+06   2.15592094E+06
   8.92000000E-02   2.44052398E+06   1.58421100E+06   1.58421100E+06   1.00530379E+06   2.13536409E+06   2.13536409E+06
   8.94000000E-02   2.41593757E+06   1.54181808E+06   1.54181808E+06   9.95685687E+05   2.11493434E+06   2.11493434E+06
   8.96000000E-02   2.39150357E+06   1.49970102E+06   1.49970102E+06   9.86126957E+05   2.09463070E+06   2.09463070E+06
   8.98000000E-02   2.36722077E+06   1.45785761E+06   1.45785761E+06   9.76627125E+05   2.07445217E+06   2.07445217E+06
   9.00000000E-02   2.34308797E+06   1.41628564E+06   1.41628564E+06   9.67185728E+05   2.05439776E+06   2.05439776E+06
   9.02000000E-02   2.31910399E+06   1.37498293E+06   1.37498293E+06   9.57802303E+05   2.03446648E+06   2.03446648E+06
   9.04000000E-02   2.29526766E+06   1.33394730E+06   1.33394730E+06   9.48476395E+05   2.01465738E+06   2.01465738E+06
   9.06000000E-02   2.27157781E+06   1.29317663E+06   1.29317663E+06   9.39207553E+05   1.99496949E+06   1.99496949E+06
   9.08000000E-02   2.24803329E+06   1.25266879E+06   1.25266879E+06   9.29995329E+05   1.97540186E+06   1.97540186E+06
   9.10000000E-02   2.22463297E+06   1.21242168E+06   1.21242168E+06   9.20839282E+05   1.95595356E+06   1.95595356E+06
   9.12000000E-02   2.20137573E+06   1.17243323E+06   1.17243323E+06   9.11738972E+05   1.93662365E+06   1.93662365E+06
   9.14000000E-02   2.17888730E+06   1.14650252E+06   1.14650252E+06   9.02693966E+05   1.91741121E+06   1.91741121E+06
   9.16000000E-02   2.15718845E+06   1.13510898E+06   1.13510898E+06   8.93703834E+05   1.89831532E+06   1.89831532E+06
   9.18000000E-02   2.13562102E+06   1.12378442E+06   1.12378442E+06   8.84768150E+05   1.87933509E+06   1.87933509E+06
   9.20000000E-02   2.11418399E+06   1.11252833E+06   1.11252833E+06   8.75886493E+05   1.86046962E+06   1.86046962E+06
   9.22000000E-02   2.09287635E+06   1.10134017E+06   1.10134017E+06   8.67058446E+05   1.84171802E+06   1.84171802E+06
   9.24000000E-02   2.07169711E+06   1.09021941E+06   1.09021941E+06   8.58283595E+05   1.82307941E+06   1.82307941E+06
   9.26000000E-02   2.05064527E+06   1.07916554E+06   1.07916554E+06   8.49561531E+05   1.80455293E+06   1.80455293E+06
   9.28000000E-02   2.02971987E+06   1.06817805E+06   1.06817805E+06   8.40891848E+05   1.78613771E+06   1.78613771E+06
   9.30000000E-02   2.00891992E+06   1.05725642E+06   1.05725642E+06   8.32274146E+05   1.76783290E+06   1.76783290E+06
   9.32000000E-02   1.98824448E+06   1.04640015E+06   1.04640015E+06   8.23708026E+05   1.74963766E+06   1.74963766E+06
   9.34000000E-02   1.96769258E+06   1.03560875E+06   1.03560875E+06   8.15193094E+05   1.73155115E+06   1.73155115E+06
   9.36000000E-02   1.94726330E+06   1.02488171E+06   1.02488171E+06   8.06728962E+05   1.71357253E+06   1.71357253E+06
   9.38000000E-02   1.92695569E+06   1.01421855E+06   1.01421855E+06   7.98315241E+05   1.69570100E+06   1.69570100E+06
   9.40000000E-02   1.90676883E+06   1.00361879E+06   1.00361879E+06   7.89951550E+05   1.67793574E+06   1.67793574E+06
   9.42000000E-02   1.88670181E+06   9.93081938E+05   9.93081938E+05   7.81637510E+05   1.66027594E+06   1.66027594E+06
   9.44000000E-02   1.86675372E+06   9.82607526E+05   9.82607526E+05   7.73372745E+05   1.64272080E+06   1.64272080E+06
   9.46000000E-02   1.84692367E+06   9.72195081E+05   9.72195081E+05   7.65156884E+05   1.62526954E+06   1.62526954E+06
   9.48000000E-02   1.82721076E+06   9.61844136E+05   9.61844136E+05   7.56989557E+05   1.60792137E+06   1.60792137E+06
   9.50000000E-02   1.80761411E+06   9.51554229E+05   9.51554229E+05   7.48870401E+05   1.59067552E+06   1.59067552E+06
   9.52000000E-02   1.78813286E+06   9.41324903E+05   9.41324903E+05   7.40799053E+05   1.57353122E+06   1.57353122E+06
   9.54000000E-02   1.76876614E+06   9.31155703E+05   9.31155703E+05   7.32775156E+05   1.55648771E+06   1.55648771E+06
   9.56000000E-02   1.74951308E+06   9.21046179E+05   9.21046179E+05   7.24798355E+05   1.53954424E+06   1.53954424E+06
   9.58000000E-02   1.73037286E+06   9.10995888E+05   9.10995888E+05   7.16868299E+05   1.52270005E+06   1.52270005E+06
   9.60000000E-02   1.71134461E+06   9.01004387E+05   9.01004387E+05   7.08984639E+05   1.50595442E+06   1.50595442E+06
   9.62000000E-02   1.69242752E+06   8.91071240E+05   8.91071240E+05   7.01147031E+05   1.48930660E+06   1.48930660E+06
   9.64000000E-02   1.67362075E+06   8.81196014E+05   8.81196014E+05   6.93355133E+05   1.47275588E+06   1.47275588E+06
   9.66000000E-02   1.65492349E+06   8.71378281E+05   8.71378281E+05   6.85608606E+05   1.45630153E+06   1.45630153E+06
   9.68000000E-02   1.63633493E+06   8.61617614E+05   8.61617614E+05   6.77907116E+05   1.43994284E+06   1.43994284E+06
   9.70000000E-02   1.61785427E+06   8.51913593E+05   8.51913593E+05   6.70250330E+05   1.42367911E+06   1.42367911E+06
   9.72000000E-02   1.59948072E+06   8.42265802E+05   8.42265802E+05   6.62637918E+05   1.40750963E+06   1.40750963E+06
   9.74000000E-02   1.58121348E+06   8.32673827E+05   8.32673827E+05   6.55069556E+05   1.39143372E+06   1.39143372E+06
   9.76000000E-02   1.56305178E+06   8.23137258E+05   8.23137258E+05   6.47544918E+05   1.37545069E+06   1.37545069E+06
   9.78000000E-02   1.54499484E+06   8.13655690E+05   8.13655690E+05   6.40063687E+05   1.35955985E+06   1.35955985E+06
   9.80000000E-02   1.52704190E+06   8.04228720E+05   8.04228720E+05   6.32625543E+05   1.34376053E+06   1.34376053E+06
   9.82000000E-02   1.50919220E+06   7.94855952E+05   7.94855952E+05   6.25230173E+05   1.32805207E+06   1.32805207E+06
   9.84000000E-02   1.49144499E+06   7.85536989E+05   7.85536989E+05   6.17877265E+05   1.31243380E+06   1.31243380E+06
   9.86000000E-02   1.47379953E+06   7.76271441E+05   7.76271441E+05   6.10566512E+05   1.29690508E+06   1.29690508E+06
   9.88000000E-02   1.45625506E+06   7.67058920E+05   7.67058920E+05   6.03297605E+05   1.28146524E+06   1.28146524E+06
   9.90000000E-02   1.43881087E+06   7.57899043E+05   7.57899043E+05   5.96070244E+05   1.26611364E+06   1.26611364E+06
   9.92000000E-02   1.42146623E+06   7.48791428E+05   7.48791428E+05   5.88884127E+05   1.25084966E+06   1.25084966E+06
   9.94000000E-02   1.40422042E+06   7.39735700E+05   7.39735700E+05   5.81738957E+05   1.23567265E+06   1.23567265E+06
   9.96000000E-02   1.38707273E+06   7.30731483E+05   7.30731483E+05   5.74634439E+05   1.22058198E+06   1.22058198E+06
   9.98000000E-02   1.37002245E+06   7.21778408E+05   7.21778408E+05   5.67570281E+05   1.20557705E+06   1.20557705E+06
   1.00000000E-01   1.35306888E+06   7.12876107E+05   7.12876107E+05   5.60546192E+05   1.19065722E+06   1.19065722E+06