# TBinMid=-0.075 ssec TBinWidth=0.01 ss EBinWidth=0.2MeV Fluence at Earth for this timebin in neutrinos per cm^2
# E(GeV)	NuE	NuMu	NuTau	aNuE	aNuMu	aNuTau
   1.38589050E-13   2.23329926E-14   4.91687298E-13   4.91687298E-13   2.78605762E-32   7.33703321E-32   7.33703321E-32
   2.00000000E-04   4.52211945E+05   9.95582794E+06   9.95582794E+06   2.35264983E+00   6.15854316E+00   6.15854316E+00
   4.00000000E-04   1.65810396E+06   3.65037291E+07   3.65037291E+07   2.16870960E+01   5.58863237E+01   5.58863237E+01
   6.00000000E-04   3.29361140E+06   7.25081425E+07   7.25081425E+07   7.36008867E+01   1.85398620E+02   1.85398620E+02
   8.00000000E-04   5.08980622E+06   1.12048001E+08   1.12048001E+08   1.66288112E+02   4.07458780E+02   4.07458780E+02
   1.00000000E-03   6.85445617E+06   1.50891292E+08   1.50891292E+08   3.00776120E+02   7.14694188E+02   7.14694188E+02
   1.20000000E-03   8.46137037E+06   1.86260299E+08   1.86260299E+08   4.72515092E+02   1.08697594E+03   1.08697594E+03
   1.40000000E-03   9.83595974E+06   2.16513515E+08   2.16513515E+08   6.73118206E+02   1.49820846E+03   1.49820846E+03
   1.60000000E-03   1.09419140E+07   2.40852200E+08   2.40852200E+08   8.91984861E+02   1.92141402E+03   1.92141402E+03
   1.80000000E-03   1.17701222E+07   2.59076365E+08   2.59076365E+08   1.11771124E+03   2.33206413E+03   2.33206413E+03
   2.00000000E-03   1.23299089E+07   2.71391786E+08   2.71391786E+08   1.33923486E+03   2.70995155E+03   2.70995155E+03
   2.20000000E-03   1.26423290E+07   2.78262361E+08   2.78262361E+08   1.54668639E+03   3.03997130E+03   3.03997130E+03
   2.40000000E-03   1.27351778E+07   2.80300256E+08   2.80300256E+08   1.73194924E+03   3.31215118E+03   3.31215118E+03
   2.60000000E-03   1.26393801E+07   2.78186429E+08   2.78186429E+08   1.88895171E+03   3.52121133E+03   3.52121133E+03
   2.80000000E-03   1.23864599E+07   2.72614922E+08   2.72614922E+08   2.01373399E+03   3.66586520E+03   3.66586520E+03
   3.00000000E-03   1.20068375E+07   2.64255413E+08   2.64255413E+08   2.10434122E+03   3.74801454E+03   3.74801454E+03
   3.20000000E-03   1.15287509E+07   2.53729475E+08   2.53729475E+08   2.16059567E+03   3.77194140E+03   3.77194140E+03
   3.40000000E-03   1.09776358E+07   2.41596951E+08   2.41596951E+08   2.18379667E+03   3.74356144E+03   3.74356144E+03
   3.60000000E-03   1.03758372E+07   2.28349621E+08   2.28349621E+08   2.17638960E+03   3.66977424E+03   3.66977424E+03
   3.80000000E-03   9.74255261E+06   2.14409956E+08   2.14409956E+08   2.14163610E+03   3.55792592E+03   3.55792592E+03
   4.00000000E-03   9.09393088E+06   2.00133317E+08   2.00133317E+08   2.08330833E+03   3.41538562E+03   3.41538562E+03
   4.20000000E-03   8.44327189E+06   1.85812349E+08   1.85812349E+08   2.00542176E+03   3.24922861E+03   3.24922861E+03
   4.40000000E-03   7.80128345E+06   1.71682641E+08   1.71682641E+08   1.91201410E+03   3.06601393E+03   3.06601393E+03
   4.60000000E-03   7.17636664E+06   1.57929016E+08   1.57929016E+08   1.80697239E+03   2.87164217E+03   2.87164217E+03
   4.80000000E-03   6.57490801E+06   1.44691964E+08   1.44691964E+08   1.69390629E+03   2.67127851E+03   2.67127851E+03
   5.00000000E-03   6.00156448E+06   1.32073912E+08   1.32073912E+08   1.57606324E+03   2.46932677E+03   2.46932677E+03
   5.20000000E-03   5.45953158E+06   1.20145132E+08   1.20145132E+08   1.45627947E+03   2.26944188E+03   2.26944188E+03
   5.40000000E-03   4.95078956E+06   1.08949155E+08   1.08949155E+08   1.33696051E+03   2.07456948E+03   2.07456948E+03
   5.60000000E-03   4.47632457E+06   9.85076422E+07   9.85076422E+07   1.22008462E+03   1.88700371E+03   1.88700371E+03
   5.80000000E-03   4.03632399E+06   8.88246830E+07   8.88246830E+07   1.10722322E+03   1.70845553E+03   1.70845553E+03
   6.00000000E-03   3.63034637E+06   7.98905325E+07   7.98905325E+07   9.99572989E+02   1.54012592E+03   1.54012592E+03
   6.20000000E-03   3.25746719E+06   7.16848211E+07   7.16848211E+07   8.97995217E+02   1.38277959E+03   1.38277959E+03
   6.40000000E-03   2.91640237E+06   6.41792707E+07   6.41792707E+07   8.03058771E+02   1.23681608E+03   1.23681608E+03
   6.60000000E-03   2.60561147E+06   5.73399663E+07   5.73399663E+07   7.15083866E+02   1.10233609E+03   1.10233609E+03
   6.80000000E-03   2.32338293E+06   5.11292299E+07   5.11292299E+07   6.34184583E+02   9.79201804E+02   9.79201804E+02
   7.00000000E-03   2.06790338E+06   4.55071471E+07   4.55071471E+07   5.60308684E+02   8.67090443E+02   8.67090443E+02
   7.20000000E-03   1.83731333E+06   4.04327901E+07   4.04327901E+07   4.93273796E+02   7.65540942E+02   7.65540942E+02
   7.40000000E-03   1.62975096E+06   3.58651824E+07   3.58651824E+07   4.32799473E+02   6.73993778E+02   6.73993778E+02
   7.60000000E-03   1.44338598E+06   3.17640430E+07   3.17640430E+07   3.78534940E+02   5.91824386E+02   5.91824386E+02
   7.80000000E-03   1.27644512E+06   2.80903466E+07   2.80903466E+07   3.30082578E+02   5.18370634E+02   5.18370634E+02
   8.00000000E-03   1.12723061E+06   2.48067309E+07   2.48067309E+07   2.87017371E+02   4.52954986E+02   4.52954986E+02
   8.20000000E-03   9.94132987E+05   2.18777773E+07   2.18777773E+07   2.48902650E+02   3.94901962E+02   3.94901962E+02
   8.40000000E-03   8.75639262E+05   1.92701909E+07   1.92701909E+07   2.15302502E+02   3.43551542E+02   3.43551542E+02
   8.60000000E-03   7.70337383E+05   1.69528983E+07   1.69528983E+07   1.85791285E+02   2.98269110E+02   2.98269110E+02
   8.80000000E-03   6.76917761E+05   1.48970814E+07   1.48970814E+07   1.59960648E+02   2.58452508E+02   2.58452508E+02
   9.00000000E-03   5.94172551E+05   1.30761610E+07   1.30761610E+07   1.37424454E+02   2.23536705E+02   2.23536705E+02
   9.20000000E-03   5.20993215E+05   1.14657434E+07   1.14657434E+07   1.17821991E+02   1.92996537E+02   1.92996537E+02
   9.40000000E-03   4.56366821E+05   1.00435388E+07   1.00435388E+07   1.00819779E+02   1.66347912E+02   1.66347912E+02
   9.60000000E-03   3.99371465E+05   8.78926075E+06   8.78926075E+06   8.61122845E+01   1.43147835E+02   1.43147835E+02
   9.80000000E-03   3.49171103E+05   7.68451187E+06   7.68451187E+06   7.34217907E+01   1.22993521E+02   1.22993521E+02
   1.00000000E-02   3.05010031E+05   6.71266288E+06   6.71266288E+06   6.24976320E+01   1.05520850E+02   1.05520850E+02
   1.02000000E-02   2.66207213E+05   5.85872748E+06   5.85872748E+06   5.31149785E+01   9.04023675E+01   9.04023675E+01
   1.04000000E-02   2.32150591E+05   5.10923727E+06   5.10923727E+06   4.50733124E+01   7.73449742E+01   7.73449742E+01
   1.06000000E-02   2.02291501E+05   4.45211878E+06   4.45211878E+06   3.81947155E+01   6.60874510E+01   6.60874510E+01
   1.08000000E-02   1.76139263E+05   3.87657445E+06   3.87657445E+06   3.23220592E+01   5.63979071E+01   5.63979071E+01
   1.10000000E-02   1.53256014E+05   3.37296898E+06   3.37296898E+06   2.73171688E+01   4.80712342E+01   4.80712342E+01
   1.12000000E-02   1.33251822E+05   2.93272171E+06   2.93272171E+06   2.30590144E+01   4.09266216E+01   4.09266216E+01
   1.14000000E-02   1.15780100E+05   2.54820581E+06   2.54820581E+06   1.94419679E+01   3.48051734E+01   3.48051734E+01
   1.16000000E-02   1.00533340E+05   2.21265434E+06   2.21265434E+06   1.63741521E+01   2.95676573E+01   2.95676573E+01
   1.18000000E-02   8.72391622E+04   1.92007339E+06   1.92007339E+06   1.37758992E+01   2.50924003E+01   2.50924003E+01
   1.20000000E-02   7.56566864E+04   1.66516216E+06   1.66516216E+06   1.15783279E+01   2.12733437E+01   2.12733437E+01
   1.22000000E-02   6.55732050E+04   1.44323977E+06   1.44323977E+06   9.72204366E+00   1.80182584E+01   1.80182584E+01
   1.24000000E-02   5.68011528E+04   1.25017864E+06   1.25017864E+06   8.15596059E+00   1.52471205E+01   1.52471205E+01
   1.26000000E-02   4.91753558E+04   1.08234387E+06   1.08234387E+06   6.83624273E+00   1.28906424E+01   1.28906424E+01
   1.28000000E-02   4.25505416E+04   9.36538536E+05   9.36538536E+05   5.72535783E+00   1.08889509E+01   1.08889509E+01
   1.30000000E-02   3.67990953E+04   8.09954245E+05   8.09954245E+05   4.79123722E+00   9.19040550E+00   9.19040550E+00
   1.32000000E-02   3.18090409E+04   7.00126759E+05   7.00126759E+05   4.00653356E+00   7.75054541E+00   7.75054541E+00
   1.34000000E-02   2.74822314E+04   6.04896155E+05   6.04896155E+05   3.34796818E+00   6.53115580E+00   6.53115580E+00
   1.36000000E-02   2.37327303E+04   5.22371211E+05   5.22371211E+05   2.79575967E+00   5.49944301E+00   5.49944301E+00
   1.38000000E-02   2.04853666E+04   4.50897615E+05   4.50897615E+05   2.33312559E+00   4.62730840E+00   4.62730840E+00
   1.40000000E-02   1.76744487E+04   3.89029654E+05   3.89029654E+05   1.94584941E+00   3.89071108E+00   3.89071108E+00
   1.42000000E-02   1.52426204E+04   3.35505052E+05   3.35505052E+05   1.62190545E+00   3.26911040E+00   3.26911040E+00
   1.44000000E-02   1.31398471E+04   2.89222651E+05   2.89222651E+05   1.35113496E+00   2.74497955E+00   2.74497955E+00
   1.46000000E-02   1.13225171E+04   2.49222642E+05   2.49222642E+05   1.12496729E+00   2.30338224E+00   2.30338224E+00
   1.48000000E-02   9.75264723E+03   2.14669088E+05   2.14669088E+05   9.36180270E-01   1.93160523E+00   1.93160523E+00
   1.50000000E-02   8.39718224E+03   1.84834492E+05   1.84834492E+05   7.78694997E-01   1.61883994E+00   1.61883994E+00
   1.52000000E-02   7.22737618E+03   1.59086198E+05   1.59086198E+05   6.47400348E-01   1.35590736E+00   1.35590736E+00
   1.54000000E-02   6.21824843E+03   1.36874414E+05   1.36874414E+05   5.38003279E-01   1.13502069E+00   1.13502069E+00
   1.56000000E-02   5.34810528E+03   1.17721685E+05   1.17721685E+05   4.46901355E-01   9.49580870E-01   9.49580870E-01
   1.58000000E-02   4.59811979E+03   1.01213649E+05   1.01213649E+05   3.71074406E-01   7.94001007E-01   7.94001007E-01
   1.60000000E-02   3.95196331E+03   8.69909227E+04   8.69909227E+04   3.07992597E-01   6.63555558E-01   6.63555558E-01
   1.62000000E-02   3.39548257E+03   7.47420026E+04   7.47420026E+04   2.55538556E-01   5.54251199E-01   5.54251199E-01
   1.64000000E-02   2.91641713E+03   6.41970414E+04   6.41970414E+04   2.11941497E-01   4.62716340E-01   4.62716340E-01
   1.66000000E-02   2.50415228E+03   5.51224121E+04   5.51224121E+04   1.75721574E-01   3.86106736E-01   3.86106736E-01
   1.68000000E-02   2.14950318E+03   4.73159573E+04   4.73159573E+04   1.45642944E-01   3.22024976E-01   3.22024976E-01
   1.70000000E-02   1.84452648E+03   4.06028439E+04   4.06028439E+04   1.20674217E-01   2.68451881E-01   2.68451881E-01
   1.72000000E-02   1.58235608E+03   3.48319471E+04   3.48319471E+04   9.99551695E-02   2.23688136E-01   2.23688136E-01
   1.74000000E-02   1.35705994E+03   2.98727012E+04   2.98727012E+04   8.27687697E-02   1.86304678E-01   1.86304678E-01
   1.76000000E-02   1.16351554E+03   2.56123569E+04   2.56123569E+04   6.85176792E-02   1.55100574E-01   1.55100574E-01
   1.78000000E-02   9.97301494E+02   2.19535962E+04   2.19535962E+04   5.67045413E-02   1.29067307E-01   1.29067307E-01
   1.80000000E-02   8.54603254E+02   1.88124583E+04   1.88124583E+04   4.69154590E-02   1.07358514E-01   1.07358514E-01
   1.82000000E-02   7.32131333E+02   1.61165383E+04   1.61165383E+04   3.88061582E-02   8.92643780E-02   8.92643780E-02
   1.84000000E-02   6.27050222E+02   1.38034237E+04   1.38034237E+04   3.20904098E-02   7.41899770E-02   7.41899770E-02
   1.86000000E-02   5.36916756E+02   1.18193374E+04   1.18193374E+04   2.65303490E-02   6.16369898E-02   6.16369898E-02
   1.88000000E-02   4.59626680E+02   1.01179620E+04   1.01179620E+04   2.19283872E-02   5.11882611E-02   5.11882611E-02
   1.90000000E-02   3.93368350E+02   8.65942050E+03   8.65942050E+03   1.81204586E-02   4.24947837E-02   4.24947837E-02
   1.92000000E-02   3.36582632E+02   7.40939383E+03   7.40939383E+03   1.49703860E-02   3.52647295E-02   3.52647295E-02
   1.94000000E-02   2.87928216E+02   6.33835741E+03   6.33835741E+03   1.23651818E-02   2.92542162E-02   2.92542162E-02
   1.96000000E-02   2.46251591E+02   5.42092038E+03   5.42092038E+03   1.02111326E-02   2.42595383E-02   2.42595383E-02
   1.98000000E-02   2.10561110E+02   4.63525457E+03   4.63525457E+03   8.43053803E-03   2.01106369E-02   2.01106369E-02
   2.00000000E-02   1.80004562E+02   3.96260105E+03   3.96260105E+03   6.95899529E-03   1.66656143E-02   1.66656143E-02
   2.02000000E-02   1.53849815E+02   3.38684398E+03   3.38684398E+03   5.74314060E-03   1.38061288E-02   1.38061288E-02
   2.04000000E-02   1.31468101E+02   2.89414268E+03   2.89414268E+03   4.73877038E-03   1.14335317E-02   1.14335317E-02
   2.06000000E-02   1.12319591E+02   2.47261422E+03   2.47261422E+03   3.90927961E-03   9.46562898E-03   9.46562898E-03
   2.08000000E-02   9.59409628E+01   2.11205970E+03   2.11205970E+03   3.22436418E-03   7.83396773E-03   7.83396773E-03
   2.10000000E-02   8.19346756E+01   1.80372817E+03   1.80372817E+03   2.65894321E-03   6.48156456E-03   6.48156456E-03
   2.12000000E-02   6.99597316E+01   1.54011334E+03   1.54011334E+03   2.19226424E-03   5.36100448E-03   5.36100448E-03
   2.14000000E-02   5.97237183E+01   1.31477838E+03   1.31477838E+03   1.80716064E-03   4.43285103E-03   4.43285103E-03
   2.16000000E-02   5.09759566E+01   1.12220509E+03   1.12220509E+03   1.48943559E-03   3.66431738E-03   3.66431738E-03
   2.18000000E-02   4.35016034E+01   9.57664124E+02   9.57664124E+02   1.22735108E-03   3.02815622E-03   3.02815622E-03
   2.20000000E-02   3.71165779E+01   8.17103281E+02   8.17103281E+02   1.01120441E-03   2.50173279E-03   2.50173279E-03
   2.22000000E-02   3.16631987E+01   6.97051483E+02   6.97051483E+02   8.32977075E-04   2.06625138E-03   2.06625138E-03
   2.24000000E-02   2.70064321E+01   5.94536189E+02   5.94536189E+02   6.86043929E-04   1.70611015E-03   1.70611015E-03
   2.26000000E-02   2.30306684E+01   5.07012434E+02   5.07012434E+02   5.64932250E-04   1.40836324E-03   1.40836324E-03
   2.28000000E-02   1.96369520E+01   4.32301858E+02   4.32301858E+02   4.65122249E-04   1.16227253E-03   1.16227253E-03
   2.30000000E-02   1.67406026E+01   3.68540347E+02   3.68540347E+02   3.82881922E-04   9.58934323E-04   9.58934323E-04
   2.32000000E-02   1.42691730E+01   3.14133069E+02   3.14133069E+02   3.15130380E-04   7.90968564E-04   7.90968564E-04
   2.34000000E-02   1.21606959E+01   2.67715895E+02   2.67715895E+02   2.59324755E-04   6.52260195E-04   6.52260195E-04
   2.36000000E-02   1.03621800E+01   2.28122284E+02   2.28122284E+02   2.13366665E-04   5.37744032E-04   5.37744032E-04
   2.38000000E-02   8.82831979E+00   1.94354885E+02   1.94354885E+02   1.75524856E-04   4.43225894E-04   4.43225894E-04
   2.40000000E-02   7.52038920E+00   1.65561184E+02   1.65561184E+02   1.44371242E-04   3.65233952E-04   3.65233952E-04
   2.42000000E-02   6.40529296E+00   1.41012619E+02   1.41012619E+02   1.18728041E-04   3.00895228E-04   3.00895228E-04
   2.44000000E-02   5.45475385E+00   1.20086695E+02   1.20086695E+02   9.76240816E-05   2.47833041E-04   2.47833041E-04
   2.46000000E-02   4.64461616E+00   1.02251643E+02   1.02251643E+02   8.02587079E-05   2.04081872E-04   2.04081872E-04
   2.48000000E-02   3.95424904E+00   8.70532911E+01   8.70532911E+01   6.59719604E-05   1.68016720E-04   1.68016720E-04
   2.50000000E-02   3.36603564E+00   7.41038162E+01   7.41038162E+01   5.42199490E-05   1.38294504E-04   1.38294504E-04
   2.52000000E-02   2.86493559E+00   6.30721149E+01   6.30721149E+01   4.45545198E-05   1.13805472E-04   1.13805472E-04
   2.54000000E-02   2.43811067E+00   5.36755610E+01   5.36755610E+01   3.66064677E-05   9.36329280E-05   9.36329280E-05
   2.56000000E-02   2.07460433E+00   4.56729521E+01   4.56729521E+01   3.00716816E-05   7.70198543E-05   7.70198543E-05
   2.58000000E-02   1.76506763E+00   3.88584758E+01   3.88584758E+01   2.46997110E-05   6.33412710E-05   6.33412710E-05
   2.60000000E-02   1.50152477E+00   3.30565481E+01   3.30565481E+01   2.02843326E-05   5.20813437E-05   5.20813437E-05
   2.62000000E-02   1.27717257E+00   2.81173996E+01   2.81173996E+01   1.66557692E-05   4.28144350E-05   4.28144350E-05
   2.64000000E-02   1.08620909E+00   2.39133023E+01   2.39133023E+01   1.36742717E-05   3.51894240E-05   3.51894240E-05
   2.66000000E-02   9.23687056E-01   2.03353436E+01   2.03353436E+01   1.12248274E-05   2.89167347E-05   2.89167347E-05
   2.68000000E-02   7.85388720E-01   1.72906705E+01   1.72906705E+01   9.21279714E-06   2.37576082E-05   2.37576082E-05
   2.70000000E-02   6.67718816E-01   1.47001340E+01   1.47001340E+01   7.56031920E-06   1.95152333E-05   1.95152333E-05
   2.72000000E-02   5.67613196E-01   1.24962771E+01   1.24962771E+01   6.20334527E-06   1.60274162E-05   1.60274162E-05
   2.74000000E-02   4.82460776E-01   1.06216172E+01   1.06216172E+01   5.08919848E-06   1.31605235E-05   1.31605235E-05
   2.76000000E-02   4.10036884E-01   9.02717819E+00   9.02717819E+00   4.17456134E-06   1.08044786E-05   1.08044786E-05
   2.78000000E-02   3.48446363E-01   7.67123820E+00   7.67123820E+00   3.42381857E-06   8.86863054E-06   8.86863054E-06
   2.80000000E-02   2.96075004E-01   6.51826034E+00   6.51826034E+00   2.80769216E-06   7.27834248E-06   7.27834248E-06
   2.82000000E-02   2.51548092E-01   5.53798022E+00   5.53798022E+00   2.30211758E-06   5.97217658E-06   5.97217658E-06
   2.84000000E-02   2.13695047E-01   4.70462734E+00   4.70462734E+00   1.88731848E-06   4.89957098E-06   4.89957098E-06
   2.86000000E-02   1.81519247E-01   3.99626097E+00   3.99626097E+00   1.54704512E-06   4.01892350E-06   4.01892350E-06
   2.88000000E-02   1.54172298E-01   3.39420352E+00   3.39420352E+00   1.26794753E-06   3.29601129E-06   3.29601129E-06
   2.90000000E-02   1.30932082E-01   2.88255744E+00   2.88255744E+00   1.03905973E-06   2.70268778E-06   2.70268778E-06
   2.92000000E-02   1.11184047E-01   2.44779320E+00   2.44779320E+00   8.51375401E-07   2.21580866E-06   2.21580866E-06
   2.94000000E-02   9.44052529E-02   2.07839815E+00   2.07839815E+00   6.97498783E-07   1.81634674E-06   1.81634674E-06
   2.96000000E-02   8.01507720E-02   1.76457704E+00   1.76457704E+00   5.71357594E-07   1.48866268E-06   1.48866268E-06
   2.98000000E-02   6.80420990E-02   1.49799697E+00   1.49799697E+00   4.67966937E-07   1.21990437E-06   1.21990437E-06
   3.00000000E-02   5.77572762E-02   1.27156991E+00   1.27156991E+00   3.83235188E-07   9.99512195E-07   9.99512195E-07
   3.02000000E-02   4.90224788E-02   1.07926751E+00   1.07926751E+00   3.13804416E-07   8.18811807E-07   8.18811807E-07
   3.04000000E-02   4.16048477E-02   9.15963269E-01   9.15963269E-01   2.56919232E-07   6.70678886E-07   6.70678886E-07
   3.06000000E-02   3.53063843E-02   7.77298165E-01   7.77298165E-01   2.10318995E-07   5.49263253E-07   5.49263253E-07
   3.08000000E-02   2.99587514E-02   6.59566177E-01   6.59566177E-01   1.72149247E-07   4.49761883E-07   4.49761883E-07
   3.10000000E-02   2.54188469E-02   5.59616837E-01   5.59616837E-01   1.40888948E-07   3.68232183E-07   3.68232183E-07
   3.12000000E-02   2.15650344E-02   4.74772255E-01   4.74772255E-01   1.15290714E-07   3.01438432E-07   3.01438432E-07
   3.14000000E-02   1.82939349E-02   4.02756490E-01   4.02756490E-01   9.43317210E-08   2.46725513E-07   2.46725513E-07
   3.16000000E-02   1.55176964E-02   3.41635429E-01   3.41635429E-01   7.71734019E-08   2.01915108E-07   2.01915108E-07
   3.18000000E-02   1.31616699E-02   2.89765630E-01   2.89765630E-01   6.31283471E-08   1.65220388E-07   1.65220388E-07
   3.20000000E-02   1.11624319E-02   2.45750787E-01   2.45750787E-01   5.16331362E-08   1.35175896E-07   1.35175896E-07
   3.22000000E-02   9.46610222E-03   2.08404694E-01   2.08404694E-01   4.22260378E-08   1.10579952E-07   1.10579952E-07
   3.24000000E-02   8.02691286E-03   1.76719738E-01   1.76719738E-01   3.45287081E-08   9.04473324E-08   9.04473324E-08
   3.26000000E-02   6.80599044E-03   1.49840096E-01   1.49840096E-01   2.82311729E-08   7.39704145E-08   7.39704145E-08
   3.28000000E-02   5.77032109E-03   1.27038945E-01   1.27038945E-01   2.30795074E-08   6.04872651E-08   6.04872651E-08
   3.30000000E-02   4.89187002E-03   1.07699079E-01   1.07699079E-01   1.88657291E-08   4.94554461E-08   4.94554461E-08
   3.32000000E-02   4.14683289E-03   9.12964297E-02   9.12964297E-02   1.54195082E-08   4.04305116E-08   4.04305116E-08
   3.34000000E-02   3.51499950E-03   7.73860532E-02   7.73860532E-02   1.26013695E-08   3.30483619E-08   3.30483619E-08
   3.36000000E-02   2.97921267E-03   6.55902222E-02   6.55902222E-02   1.02971178E-08   2.70107638E-08   2.70107638E-08
   3.38000000E-02   2.52490851E-03   5.55883011E-02   5.55883011E-02   8.41326855E-09   2.20734717E-08   2.20734717E-08
   3.40000000E-02   2.13972555E-03   4.71081427E-02   4.71081427E-02   6.87330118E-09   1.80364844E-08   1.80364844E-08
   3.42000000E-02   1.81317267E-03   3.99187767E-02   3.99187767E-02   5.61458896E-09   1.47360543E-08   1.47360543E-08
   3.44000000E-02   1.53634693E-03   3.38241975E-02   3.38241975E-02   4.58588272E-09   1.20381350E-08   1.20381350E-08
   3.46000000E-02   1.30169380E-03   2.86580858E-02   2.86580858E-02   3.74524918E-09   9.83300951E-09   9.83300951E-09
   3.48000000E-02   1.10280352E-03   2.42793256E-02   2.42793256E-02   3.05838180E-09   8.03088755E-09   8.03088755E-09
   3.50000000E-02   9.34238093E-04   2.05681948E-02   2.05681948E-02   2.49721710E-09   6.55829626E-09   6.55829626E-09
   3.52000000E-02   7.91384368E-04   1.74231308E-02   1.74231308E-02   2.03880141E-09   5.35512333E-09   5.35512333E-09
   3.54000000E-02   6.70329256E-04   1.47579836E-02   1.47579836E-02   1.66436271E-09   4.37219407E-09   4.37219407E-09
   3.56000000E-02   5.67753772E-04   1.24996829E-02   1.24996829E-02   1.35855073E-09   3.56928669E-09   3.56928669E-09
   3.58000000E-02   4.80843069E-04   1.05862571E-02   1.05862571E-02   1.10881470E-09   2.91350665E-09   2.91350665E-09
   3.60000000E-02   4.07210057E-04   8.96515251E-03   8.96515251E-03   9.04894009E-10   2.37795535E-09   2.37795535E-09
   3.62000000E-02   3.44830564E-04   7.59180499E-03   7.59180499E-03   7.38401337E-10   1.94064007E-09   1.94064007E-09
   3.64000000E-02   2.91988298E-04   6.42842881E-03   6.42842881E-03   6.02481407E-10   1.58358149E-09   1.58358149E-09
   3.66000000E-02   2.47228132E-04   5.44298800E-03   5.44298800E-03   4.91531806E-10   1.29208314E-09   1.29208314E-09
   3.68000000E-02   2.09316458E-04   4.60832352E-03   4.60832352E-03   4.00974533E-10   1.05413350E-09   1.05413350E-09
   3.70000000E-02   1.77207549E-04   3.90141268E-03   3.90141268E-03   3.27069108E-10   8.59916657E-10   8.59916657E-10
   3.72000000E-02   1.50015005E-04   3.30274058E-03   3.30274058E-03   2.66759696E-10   7.01411980E-10   7.01411980E-10
   3.74000000E-02   1.26987542E-04   2.79576693E-03   2.79576693E-03   2.17550071E-10   5.72066524E-10   5.72066524E-10
   3.76000000E-02   1.07488438E-04   2.36647368E-03   2.36647368E-03   1.77401362E-10   4.66527113E-10   4.66527113E-10
   3.78000000E-02   9.09781051E-05   2.00298128E-03   2.00298128E-03   1.44648437E-10   3.80421185E-10   3.80421185E-10
   3.80000000E-02   7.69993032E-05   1.69522315E-03   1.69522315E-03   1.17931543E-10   3.10177576E-10   3.10177576E-10
   3.82000000E-02   6.51646023E-05   1.43466962E-03   1.43466962E-03   9.61404225E-11   2.52879975E-10   2.52879975E-10
   3.84000000E-02   5.51457460E-05   1.21409379E-03   1.21409379E-03   7.83686275E-11   2.06147112E-10   2.06147112E-10
   3.86000000E-02   4.66646336E-05   1.02737301E-03   1.02737301E-03   6.38761870E-11   1.68034814E-10   1.68034814E-10
   3.88000000E-02   3.94856725E-05   8.69320447E-04   8.69320447E-04   5.20590946E-11   1.36955949E-10   1.36955949E-10
   3.90000000E-02   3.34092948E-05   7.35542425E-04   7.35542425E-04   4.24243770E-11   1.11615001E-10   1.11615001E-10
   3.92000000E-02   2.82664598E-05   6.22317336E-04   6.22317336E-04   3.45697247E-11   9.09546008E-11   9.09546008E-11
   3.94000000E-02   2.39139942E-05   5.26493068E-04   5.26493068E-04   2.81668513E-11   7.41118443E-11   7.41118443E-11
   3.96000000E-02   2.02306414E-05   4.45400034E-04   4.45400034E-04   2.29479002E-11   6.03825999E-11   6.03825999E-11
   3.98000000E-02   1.71137134E-05   3.76777452E-04   3.76777452E-04   1.86943435E-11   4.91923563E-11   4.91923563E-11
   4.00000000E-02   1.44762531E-05   3.18710865E-04   3.18710865E-04   1.52279146E-11   4.00724094E-11   4.00724094E-11
   4.02000000E-02   1.22446287E-05   2.69579196E-04   2.69579196E-04   1.24032052E-11   3.26404155E-11   3.26404155E-11
   4.04000000E-02   1.03564961E-05   2.28009869E-04   2.28009869E-04   1.01016202E-11   2.65845104E-11   2.65845104E-11
   4.06000000E-02   8.75907134E-06   1.92840794E-04   1.92840794E-04   8.22644273E-12   2.16503433E-11   2.16503433E-11
   4.08000000E-02   7.40766784E-06   1.63088145E-04   1.63088145E-04   6.69880572E-12   1.76304909E-11   1.76304909E-11
   4.10000000E-02   6.26445617E-06   1.37919067E-04   1.37919067E-04   5.45440354E-12   1.43558158E-11   1.43558158E-11
   4.12000000E-02   5.29741385E-06   1.16628551E-04   1.16628551E-04   4.44080849E-12   1.16884131E-11   1.16884131E-11
   4.14000000E-02   4.47943559E-06   9.86198448E-05   9.86198448E-05   3.61528078E-12   9.51585431E-12   9.51585431E-12
   4.16000000E-02   3.78757957E-06   8.33878589E-05   8.33878589E-05   2.94298155E-12   7.74648905E-12   7.74648905E-12
   4.18000000E-02   3.20242905E-06   7.05051128E-05   7.05051128E-05   2.39551488E-12   6.30561240E-12   6.30561240E-12
   4.20000000E-02   2.70755167E-06   5.96098303E-05   5.96098303E-05   1.94973835E-12   5.13233740E-12   5.13233740E-12
   4.22000000E-02   2.28904156E-06   5.03958581E-05   5.03958581E-05   1.58679281E-12   4.17704372E-12   4.17704372E-12
   4.24000000E-02   1.93513152E-06   4.26041285E-05   4.26041285E-05   1.29131097E-12   3.39929661E-12   3.39929661E-12
   4.26000000E-02   1.63586468E-06   3.60154302E-05   3.60154302E-05   1.05077196E-12   2.76614945E-12   2.76614945E-12
   4.28000000E-02   1.38281644E-06   3.04442864E-05   3.04442864E-05   8.54975011E-13   2.25075939E-12   2.25075939E-12
   4.30000000E-02   1.16885909E-06   2.57337721E-05   2.57337721E-05   6.95610239E-13   1.83125855E-12   1.83125855E-12
   4.32000000E-02   9.87962426E-07   2.17511263E-05   2.17511263E-05   5.65908729E-13   1.48983348E-12   1.48983348E-12
   4.34000000E-02   8.35025103E-07   1.83840369E-05   1.83840369E-05   4.60357246E-13   1.21197473E-12   1.21197473E-12
   4.36000000E-02   7.05731740E-07   1.55374959E-05   1.55374959E-05   3.74465676E-13   9.85865052E-13   9.85865052E-13
   4.38000000E-02   5.96432037E-07   1.31311380E-05   1.31311380E-05   3.04577463E-13   8.01880663E-13   8.01880663E-13
   4.40000000E-02   5.04038427E-07   1.10969870E-05   1.10969870E-05   2.47715114E-13   6.52184787E-13   6.52184787E-13
   4.42000000E-02   4.25939461E-07   9.37754873E-06   9.37754873E-06   2.01454282E-13   5.30396351E-13   5.30396351E-13
   4.44000000E-02   3.59926501E-07   7.92419766E-06   7.92419766E-06   1.63821171E-13   4.31320016E-13   4.31320016E-13
   4.46000000E-02   3.04131679E-07   6.69581055E-06   6.69581055E-06   1.33208929E-13   3.50726192E-13   3.50726192E-13
   4.48000000E-02   2.56975399E-07   5.65761080E-06   5.65761080E-06   1.08309536E-13   2.85171790E-13   2.85171790E-13
   4.50000000E-02   2.17121914E-07   4.78019043E-06   4.78019043E-06   8.80583127E-14   2.31854202E-13   2.31854202E-13
   4.52000000E-02   1.83441736E-07   4.03868249E-06   4.03868249E-06   7.15887180E-14   1.88492336E-13   1.88492336E-13
   4.54000000E-02   1.54979833E-07   3.41206084E-06   3.41206084E-06   5.81955293E-14   1.53229717E-13   1.53229717E-13
   4.56000000E-02   1.30928721E-07   2.88254784E-06   2.88254784E-06   4.73048556E-14   1.24555567E-13   1.24555567E-13
   4.58000000E-02   1.10605704E-07   2.43511312E-06   2.43511312E-06   3.84497152E-14   1.01240524E-13   1.01240524E-13
   4.60000000E-02   9.34336116E-08   2.05704962E-06   2.05704962E-06   3.12501484E-14   8.22842997E-14   8.22842997E-14
   4.62000000E-02   7.89245137E-08   1.73761502E-06   1.73761502E-06   2.53970241E-14   6.68730563E-14   6.68730563E-14
   4.64000000E-02   6.66659403E-08   1.46772832E-06   1.46772832E-06   2.06388554E-14   5.43447027E-14   5.43447027E-14
   4.66000000E-02   5.63092275E-08   1.23971327E-06   1.23971327E-06   1.67710653E-14   4.41606398E-14   4.41606398E-14
   4.68000000E-02   4.75596600E-08   1.04708138E-06   1.04708138E-06   1.36272489E-14   3.58827593E-14   3.58827593E-14
   4.70000000E-02   4.01681351E-08   8.84348367E-07   8.84348367E-07   1.10720606E-14   2.91547204E-14   2.91547204E-14
   4.72000000E-02   3.39241127E-08   7.46878951E-07   7.46878951E-07   8.99542475E-15   2.36867098E-14   2.36867098E-14
   4.74000000E-02   2.86496530E-08   6.30755581E-07   6.30755581E-07   7.30782392E-15   1.92430381E-14   1.92430381E-14
   4.76000000E-02   2.41943754E-08   5.32667456E-07   5.32667456E-07   5.93646452E-15   1.56320455E-14   1.56320455E-14
   4.78000000E-02   2.04311956E-08   4.49816666E-07   4.49816666E-07   4.82215648E-15   1.26978877E-14   1.26978877E-14
   4.80000000E-02   1.72527211E-08   3.79838842E-07   3.79838842E-07   3.91677443E-15   1.03138514E-14   1.03138514E-14
   4.82000000E-02   1.45682038E-08   3.20736061E-07   3.20736061E-07   3.18119197E-15   8.37691684E-15   8.37691684E-15
   4.84000000E-02   1.23009637E-08   2.70820122E-07   2.70820122E-07   2.58360109E-15   6.80333251E-15   6.80333251E-15
   4.86000000E-02   1.03862103E-08   2.28664590E-07   2.28664590E-07   2.09814510E-15   5.52501635E-15   5.52501635E-15
   4.88000000E-02   8.76920193E-09   1.93064260E-07   1.93064260E-07   1.70380647E-15   4.48662764E-15   4.48662764E-15
   4.90000000E-02   7.40368845E-09   1.63000884E-07   1.63000884E-07   1.38350233E-15   3.64318551E-15   3.64318551E-15
   4.92000000E-02   6.25059605E-09   1.37614205E-07   1.37614205E-07   1.12334879E-15   2.95813202E-15   2.95813202E-15
   4.94000000E-02   5.27691488E-09   1.16177474E-07   1.16177474E-07   9.12062585E-16   2.40175681E-15   2.40175681E-15
   4.96000000E-02   4.45475911E-09   9.80767522E-08   9.80767522E-08   7.40474576E-16   1.94991610E-15   1.94991610E-15
   4.98000000E-02   3.76057248E-09   8.27934200E-08   8.27934200E-08   6.01134083E-16   1.58299097E-15   1.58299097E-15
   5.00000000E-02   3.17445682E-09   6.98893966E-08   6.98893966E-08   4.87987206E-16   1.28504034E-15   1.28504034E-15
   5.02000000E-02   2.67960466E-09   5.89946460E-08   5.89946460E-08   3.96115279E-16   1.04311237E-15   1.04311237E-15
   5.04000000E-02   2.26181970E-09   4.97966199E-08   4.97966199E-08   3.21522239E-16   8.46684545E-16   8.46684545E-16
   5.06000000E-02   1.90911159E-09   4.20313369E-08   4.20313369E-08   2.60961773E-16   6.87208564E-16   6.87208564E-16
   5.08000000E-02   1.61135353E-09   3.54758434E-08   3.54758434E-08   2.11796807E-16   5.57740365E-16   5.57740365E-16
   5.10000000E-02   1.35999294E-09   2.99418449E-08   2.99418449E-08   1.71885303E-16   4.52639406E-16   4.52639406E-16
   5.12000000E-02   1.14780704E-09   2.52703231E-08   2.52703231E-08   1.39487434E-16   3.67324247E-16   3.67324247E-16
   5.14000000E-02   9.68696297E-10   2.13269895E-08   2.13269895E-08   1.13190143E-16   2.98073913E-16   2.98073913E-16
   5.16000000E-02   8.17509909E-10   1.79984434E-08   1.79984434E-08   9.18458408E-17   2.41866465E-16   2.41866465E-16
   5.18000000E-02   6.89898419E-10   1.51889264E-08   1.51889264E-08   7.45225858E-17   1.96247820E-16   1.96247820E-16
   5.20000000E-02   5.82189167E-10   1.28175805E-08   1.28175805E-08   6.04636064E-17   1.59225160E-16   1.59225160E-16
   5.22000000E-02   4.91281083E-10   1.08161320E-08   1.08161320E-08   4.90544106E-17   1.29180330E-16   1.29180330E-16
   5.24000000E-02   4.14555821E-10   9.12693504E-09   9.12693504E-09   3.97960647E-17   1.04799474E-16   1.04799474E-16
   5.26000000E-02   3.49802695E-10   7.70131873E-09   7.70131873E-09   3.22834854E-17   8.50158698E-17   8.50158698E-17
   5.28000000E-02   2.95155271E-10   6.49819134E-09   6.49819134E-09   2.61878045E-17   6.89634939E-17   6.89634939E-17
   5.30000000E-02   2.49037814E-10   5.48286120E-09   5.48286120E-09   2.12420445E-17   5.59393003E-17   5.59393003E-17
   5.32000000E-02   2.10120056E-10   4.62604090E-09   4.62604090E-09   1.72294833E-17   4.53725814E-17   4.53725814E-17
   5.34000000E-02   1.77278993E-10   3.90300620E-09   3.90300620E-09   1.39742036E-17   3.68000827E-17   3.68000827E-17
   5.36000000E-02   1.49566627E-10   3.29288579E-09   3.29288579E-09   1.13334182E-17   2.98457920E-17   2.98457920E-17
   5.38000000E-02   1.26182717E-10   2.77806143E-09   2.77806143E-09   9.19123682E-18   2.42045264E-17   2.42045264E-17
   5.40000000E-02   1.06451771E-10   2.34366140E-09   2.34366140E-09   7.45360448E-18   1.96286031E-17   1.96286031E-17
   5.42000000E-02   8.98036213E-11   1.97713274E-09   1.97713274E-09   6.04419174E-18   1.59170169E-17   1.59170169E-17
   5.44000000E-02   7.57570124E-11   1.66788008E-09   1.66788008E-09   4.90105725E-18   1.29066519E-17   1.29066519E-17
   5.46000000E-02   6.39057524E-11   1.40696061E-09   1.40696061E-09   3.97393834E-18   1.04651462E-17   1.04651462E-17
   5.48000000E-02   5.39070145E-11   1.18682659E-09   1.18682659E-09   3.22205112E-18   8.48509943E-18   8.48509943E-18
   5.50000000E-02   4.54714613E-11   1.00110793E-09   1.00110793E-09   2.61230470E-18   6.87936983E-18   6.87936983E-18
   5.52000000E-02   3.83549072E-11   8.44428594E-10   8.44428594E-10   2.11785140E-18   5.57725640E-18   5.57725640E-18
   5.54000000E-02   3.23512780E-11   7.12251609E-10   7.12251609E-10   1.71691000E-18   4.52140010E-18   4.52140010E-18
   5.56000000E-02   2.72866685E-11   6.00748250E-10   6.00748250E-10   1.39181051E-18   3.66526846E-18   3.66526846E-18
   5.58000000E-02   2.30143249E-11   5.06687562E-10   5.06687562E-10   1.12821889E-18   2.97111391E-18   2.97111391E-18
   5.60000000E-02   1.94104098E-11   4.27343114E-10   4.27343114E-10   9.14507863E-19   2.40831682E-18   2.40831682E-18
   5.62000000E-02   1.63704264E-11   3.60414288E-10   3.60414288E-10   7.41246192E-19   1.95204075E-18   1.95204075E-18
   5.64000000E-02   1.38062007E-11   3.03959831E-10   3.03959831E-10   6.00784335E-19   1.58214112E-18   1.58214112E-18
   5.66000000E-02   1.16433342E-11   2.56341769E-10   2.56341769E-10   4.86918139E-19   1.28227973E-18   1.28227973E-18
   5.68000000E-02   9.81905320E-12   2.16178066E-10   2.16178066E-10   3.94615982E-19   1.03920610E-18   1.03920610E-18
   5.70000000E-02   8.28039419E-12   1.82302670E-10   1.82302670E-10   3.19797366E-19   8.42174489E-19   8.42174489E-19
   5.72000000E-02   6.98267196E-12   1.53731781E-10   1.53731781E-10   2.59153288E-19   6.82470833E-19   6.82470833E-19
   5.74000000E-02   5.88818676E-12   1.29635395E-10   1.29635395E-10   2.10000497E-19   5.53028939E-19   5.53028939E-19
   5.76000000E-02   4.96513313E-12   1.09313279E-10   1.09313279E-10   1.70163264E-19   4.48119144E-19   4.48119144E-19
   5.78000000E-02   4.18667919E-12   9.21746946E-11   9.21746946E-11   1.37877470E-19   3.63095731E-19   3.63095731E-19
   5.80000000E-02   3.53018941E-12   7.77212959E-11   7.77212959E-11   1.11712802E-19   2.94192043E-19   2.94192043E-19
   5.82000000E-02   2.97656895E-12   6.55326869E-11   6.55326869E-11   9.05096430E-20   2.38354282E-19   2.38354282E-19
   5.84000000E-02   2.50971021E-12   5.52542395E-11   5.52542395E-11   7.33278830E-20   1.93106716E-19   1.93106716E-19
   5.86000000E-02   2.11602585E-12   4.65868129E-11   4.65868129E-11   5.94054040E-20   1.56442340E-19   1.56442340E-19
   5.88000000E-02   1.78405484E-12   3.92780783E-11   3.92780783E-11   4.81244073E-20   1.26734207E-19   1.26734207E-19
   5.90000000E-02   1.50412988E-12   3.31151992E-11   3.31151992E-11   3.89841066E-20   1.02663520E-19   1.02663520E-19
   5.92000000E-02   1.26809695E-12   2.79186551E-11   2.79186551E-11   3.15785839E-20   8.31613086E-20   8.31613086E-20
   5.94000000E-02   1.06907859E-12   2.35370304E-11   2.35370304E-11   2.55788317E-20   6.73611453E-20   6.73611453E-20
   5.96000000E-02   9.01274174E-13   1.98426176E-11   1.98426176E-11   2.07181925E-20   5.45607977E-20   5.45607977E-20
   5.98000000E-02   7.59791469E-13   1.67277085E-11   1.67277085E-11   1.67805521E-20   4.41911371E-20   4.41911371E-20
   6.00000000E-02   6.40504463E-13   1.41014639E-11   1.41014639E-11   1.35907668E-20   3.57909291E-20   3.57909291E-20
   6.02000000E-02   5.39933453E-13   1.18872741E-11   1.18872741E-11   1.10069027E-20   2.89863954E-20   2.89863954E-20
   6.04000000E-02   4.55143881E-13   1.00205313E-11   1.00205313E-11   8.91394297E-21   2.34746436E-20   2.34746436E-20
   6.06000000E-02   3.83660990E-13   8.44675088E-12   8.44675088E-12   7.21868759E-21   1.90102344E-20   1.90102344E-20
   6.08000000E-02   3.23397835E-13   7.11998618E-12   7.11998618E-12   5.84561789E-21   1.53942917E-20   1.53942917E-20
   6.10000000E-02   2.72594549E-13   6.00149171E-12   6.00149171E-12   4.73354478E-21   1.24656761E-20   1.24656761E-20
   6.12000000E-02   2.29767122E-13   5.05859522E-12   5.05859522E-12   3.83289174E-21   1.00938293E-20   1.00938293E-20
   6.14000000E-02   1.93664191E-13   4.26374646E-12   4.26374646E-12   3.10349264E-21   8.17297515E-21   8.17297515E-21
   6.16000000E-02   1.63230591E-13   3.59371474E-12   3.59371474E-12   2.51280678E-21   6.61741856E-21   6.61741856E-21
   6.18000000E-02   1.37576619E-13   3.02891217E-12   3.02891217E-12   2.03447231E-21   5.35773640E-21   5.35773640E-21
   6.20000000E-02   1.15952101E-13   2.55282281E-12   2.55282281E-12   1.64713384E-21   4.33768983E-21   4.33768983E-21
   6.22000000E-02   9.77245292E-14   2.15152123E-12   2.15152123E-12   1.33349231E-21   3.51172228E-21   3.51172228E-21
   6.24000000E-02   8.23606159E-14   1.81326649E-12   1.81326649E-12   1.07953509E-21   2.84293186E-21   2.84293186E-21
   6.26000000E-02   6.94107408E-14   1.52815966E-12   1.52815966E-12   8.73912056E-22   2.30142834E-21   2.30142834E-21
   6.28000000E-02   5.84958328E-14   1.28785503E-12   1.28785503E-12   7.07430077E-22   1.86300184E-21   1.86300184E-21
   6.30000000E-02   4.92963078E-14   1.08531660E-12   1.08531660E-12   5.72643360E-22   1.50804405E-21   1.50804405E-21
   6.32000000E-02   4.15427392E-14   9.14612602E-13   9.14612602E-13   4.63521578E-22   1.22067426E-21   1.22067426E-21
   6.34000000E-02   3.50079917E-14   7.70742397E-13   7.70742397E-13   3.75180966E-22   9.88031197E-22   9.88031197E-22
   6.36000000E-02   2.95005867E-14   6.49490356E-13   6.49490356E-13   3.03666475E-22   7.99699341E-22   7.99699341E-22
   6.38000000E-02   2.48591089E-14   5.47302724E-13   5.47302724E-13   2.45775283E-22   6.47244132E-22   6.47244132E-22
   6.40000000E-02   2.09474885E-14   4.61183770E-13   4.61183770E-13   1.98913821E-22   5.23835472E-22   5.23835472E-22
   6.42000000E-02   1.76510248E-14   3.88608217E-13   3.88608217E-13   1.60981959E-22   4.23942714E-22   4.23942714E-22
   6.44000000E-02   1.48730316E-14   3.27447408E-13   3.27447408E-13   1.30279187E-22   3.43087608E-22   3.43087608E-22
   6.46000000E-02   1.25320104E-14   2.75907054E-13   2.75907054E-13   1.05428627E-22   2.77644173E-22   2.77644173E-22
   6.48000000E-02   1.05592657E-14   2.32474741E-13   2.32474741E-13   8.53154776E-23   2.24676609E-22   2.24676609E-22
   6.50000000E-02   8.89689494E-15   1.95875681E-13   1.95875681E-13   6.90371666E-23   1.81808010E-22   1.81808010E-22
   6.52000000E-02   7.49609425E-15   1.65035394E-13   1.65035394E-13   5.58629721E-23   1.47114036E-22   1.47114036E-22
   6.54000000E-02   6.31572916E-15   1.39048259E-13   1.39048259E-13   4.52013234E-23   1.19036799E-22   1.19036799E-22
   6.56000000E-02   5.32113029E-15   1.17150987E-13   1.17150987E-13   3.65733198E-23   9.63151244E-23   9.63151244E-23
   6.58000000E-02   4.48307779E-15   9.87002683E-14   9.87002683E-14   2.95912850E-23   7.79280748E-23   7.79280748E-23
   6.60000000E-02   3.77694531E-15   8.31539253E-14   8.31539253E-14   2.39414010E-23   6.30492169E-23   6.30492169E-23
   6.62000000E-02   3.18197826E-15   7.00550208E-14   7.00550208E-14   1.93696456E-23   5.10095890E-23   5.10095890E-23
   6.64000000E-02   2.68068546E-15   5.90184661E-14   5.90184661E-14   1.56704061E-23   4.12677142E-23   4.12677142E-23
   6.66000000E-02   2.25832634E-15   4.97197298E-14   4.97197298E-14   1.26772593E-23   3.33853205E-23   3.33853205E-23
   6.68000000E-02   1.90247861E-15   4.18853204E-14   4.18853204E-14   1.02555067E-23   2.70076821E-23   2.70076821E-23
   6.70000000E-02   1.60267386E-15   3.52847636E-14   3.52847636E-14   8.29613074E-24   2.18477032E-23   2.18477032E-23
   6.72000000E-02   1.35009043E-15   2.97238404E-14   2.97238404E-14   6.71090116E-24   1.76730316E-23   1.76730316E-23
   6.74000000E-02   1.13729454E-15   2.50388867E-14   2.50388867E-14   5.42841410E-24   1.42956264E-23   1.42956264E-23
   6.76000000E-02   9.58021998E-16   2.10919893E-14   2.10919893E-14   4.39088488E-24   1.15633130E-23   1.15633130E-23
   6.78000000E-02   8.06994342E-16   1.77669365E-14   1.77669365E-14   3.55155188E-24   9.35294545E-24   9.35294545E-24
   6.80000000E-02   6.79763788E-16   1.49658052E-14   1.49658052E-14   2.87257506E-24   7.56487284E-24   7.56487284E-24
   6.82000000E-02   5.72582586E-16   1.26060840E-14   1.26060840E-14   2.32333479E-24   6.11845894E-24   6.11845894E-24
   6.84000000E-02   4.82292898E-16   1.06182496E-14   1.06182496E-14   1.87905490E-24   4.94845622E-24   4.94845622E-24
   6.86000000E-02   4.06233994E-16   8.94372269E-15   8.94372269E-15   1.51968818E-24   4.00207069E-24   4.00207069E-24
   6.88000000E-02   3.42164045E-16   7.53314684E-15   7.53314684E-15   1.22901425E-24   3.23658633E-24   3.23658633E-24
   6.90000000E-02   2.88194199E-16   6.34493675E-15   6.34493675E-15   9.93909506E-25   2.61744236E-24   2.61744236E-24
   6.92000000E-02   2.42733043E-16   5.34405553E-15   5.34405553E-15   8.03756199E-25   2.11667716E-24   2.11667716E-24
   6.94000000E-02   2.04439782E-16   4.50098403E-15   4.50098403E-15   6.49964246E-25   1.71166891E-24   1.71166891E-24
   6.96000000E-02   1.72184799E-16   3.79085235E-15   3.79085235E-15   5.25584213E-25   1.38411639E-24   1.38411639E-24
   6.98000000E-02   1.45016406E-16   3.19270799E-15   3.19270799E-15   4.24994140E-25   1.11921429E-24   1.11921429E-24
   7.00000000E-02   1.22132836E-16   2.68889908E-15   2.68889908E-15   3.43646108E-25   9.04985748E-25   9.04985748E-25
   7.02000000E-02   1.02858636E-16   2.26455475E-15   2.26455475E-15   2.77861161E-25   7.31742299E-25   7.31742299E-25
   7.04000000E-02   8.66247793E-17   1.90714716E-15   1.90714716E-15   2.24663366E-25   5.91646883E-25   5.91646883E-25
   7.06000000E-02   7.29519026E-17   1.60612257E-15   1.60612257E-15   1.81645544E-25   4.78360235E-25   4.78360235E-25
   7.08000000E-02   6.14361860E-17   1.35259043E-15   1.35259043E-15   1.46860625E-25   3.86754787E-25   3.86754787E-25
   7.10000000E-02   5.17374540E-17   1.13906135E-15   1.13906135E-15   1.18733755E-25   3.12683190E-25   3.12683190E-25
   7.12000000E-02   4.35691498E-17   9.59226458E-16   9.59226458E-16   9.59911758E-26   2.52791021E-25   2.52791021E-25
   7.14000000E-02   3.66898876E-17   8.07771350E-16   8.07771350E-16   7.76026876E-26   2.04365273E-25   2.04365273E-25
   7.16000000E-02   3.08963362E-17   6.80219451E-16   6.80219451E-16   6.27351043E-26   1.65211763E-25   1.65211763E-25
   7.18000000E-02   2.60172223E-17   5.72799977E-16   5.72799977E-16   5.07145953E-26   1.33555970E-25   1.33555970E-25
   7.20000000E-02   2.19082787E-17   4.82336715E-16   4.82336715E-16   4.09962230E-26   1.07962813E-25   1.07962813E-25
   7.22000000E-02   1.84479881E-17   4.06154317E-16   4.06154317E-16   3.31393006E-26   8.72717503E-26   8.72717503E-26
   7.24000000E-02   1.55339972E-17   3.41999355E-16   3.41999355E-16   2.67874580E-26   7.05442879E-26   7.05442879E-26
   7.26000000E-02   1.30800961E-17   2.87973815E-16   2.87973815E-16   2.16525179E-26   5.70215160E-26   5.70215160E-26
   7.28000000E-02   1.10136732E-17   2.42479066E-16   2.42479066E-16   1.75014532E-26   4.60897621E-26   4.60897621E-26
   7.30000000E-02   9.27357125E-18   2.04168660E-16   2.04168660E-16   1.41458380E-26   3.72528101E-26   3.72528101E-26
   7.32000000E-02   7.80828133E-18   1.71908566E-16   1.71908566E-16   1.14333153E-26   3.01094303E-26   3.01094303E-26
   7.34000000E-02   6.57442146E-18   1.44743679E-16   1.44743679E-16   9.24069568E-27   2.43352061E-26   2.43352061E-26
   7.36000000E-02   5.53545492E-18   1.21869599E-16   1.21869599E-16   7.46837658E-27   1.96678357E-26   1.96678357E-26
   7.38000000E-02   4.66061059E-18   1.02608865E-16   1.02608865E-16   6.03582810E-27   1.58952450E-26   1.58952450E-26
   7.40000000E-02   3.92397360E-18   8.63909285E-17   8.63909285E-17   4.87794265E-27   1.28459745E-26   1.28459745E-26
   7.42000000E-02   3.30371923E-18   7.27352935E-17   7.27352935E-17   3.94208289E-27   1.03814046E-26   1.03814046E-26
   7.44000000E-02   2.78146767E-18   6.12373066E-17   6.12373066E-17   3.18569437E-27   8.38946906E-27   8.38946906E-27
   7.46000000E-02   2.34174050E-18   5.15561920E-17   5.15561920E-17   2.57437505E-27   6.77957060E-27   6.77957060E-27
   7.48000000E-02   1.97150289E-18   4.34049724E-17   4.34049724E-17   2.08031423E-27   5.47847028E-27   5.47847028E-27
   7.50000000E-02   1.65977801E-18   3.65419797E-17   3.65419797E-17   1.68103026E-27   4.42696312E-27   4.42696312E-27
   7.52000000E-02   1.39732222E-18   3.07637045E-17   3.07637045E-17   1.35834989E-27   3.57719015E-27   3.57719015E-27
   7.54000000E-02   1.17635155E-18   2.58987733E-17   2.58987733E-17   1.09758297E-27   2.89046512E-27   2.89046512E-27
   7.56000000E-02   9.90311286E-19   2.18028765E-17   2.18028765E-17   8.86855184E-28   2.33551728E-27   2.33551728E-27
   7.58000000E-02   8.33681955E-19   1.83544961E-17   1.83544961E-17   7.16568574E-28   1.88707054E-27   1.88707054E-27
   7.60000000E-02   7.01815860E-19   1.54513078E-17   1.54513078E-17   5.78965336E-28   1.52469487E-27   1.52469487E-27
   7.62000000E-02   5.90799466E-19   1.30071503E-17   1.30071503E-17   4.67775183E-28   1.23187759E-27   1.23187759E-27
   7.64000000E-02   4.97337470E-19   1.09494737E-17   1.09494737E-17   3.77930254E-28   9.95272576E-28   9.95272576E-28
   7.66000000E-02   4.18655182E-19   9.21718993E-18   9.21718993E-18   3.05334629E-28   8.04093296E-28   8.04093296E-28
   7.68000000E-02   3.52416307E-19   7.75886262E-18   7.75886262E-18   2.46678012E-28   6.49622143E-28   6.49622143E-28
   7.70000000E-02   2.96653714E-19   6.53118304E-18   6.53118304E-18   1.99285108E-28   5.24813777E-28   5.24813777E-28
   7.72000000E-02   2.49711119E-19   5.49768620E-18   5.49768620E-18   1.60993869E-28   4.23974482E-28   4.23974482E-28
   7.74000000E-02   2.10193995E-19   4.62766988E-18   4.62766988E-18   1.30057069E-28   3.42502972E-28   3.42502972E-28
   7.76000000E-02   1.76928213E-19   3.89528426E-18   3.89528426E-18   1.05062753E-28   2.76680887E-28   2.76680887E-28
   7.78000000E-02   1.48925226E-19   3.27876533E-18   3.27876533E-18   8.48699275E-29   2.23503441E-28   2.23503441E-28
   7.80000000E-02   1.25352751E-19   2.75978936E-18   2.75978936E-18   6.85565854E-29   1.80542546E-28   1.80542546E-28
   7.82000000E-02   1.05510074E-19   2.32292930E-18   2.32292930E-18   5.53776943E-29   1.45836171E-28   1.45836171E-28
   7.84000000E-02   8.88072592E-20   1.95519705E-18   1.95519705E-18   4.47312418E-29   1.17798928E-28   1.17798928E-28
   7.86000000E-02   7.47476463E-20   1.64565801E-18   1.64565801E-18   3.61307925E-29   9.51497982E-29   9.51497982E-29
   7.88000000E-02   6.29131052E-20   1.38510656E-18   1.38510656E-18   2.91833077E-29   7.68537210E-29   7.68537210E-29
   7.90000000E-02   5.29516252E-20   1.16579278E-18   1.16579278E-18   2.35712214E-29   6.20743918E-29   6.20743918E-29
   7.92000000E-02   4.45668635E-20   9.81192312E-19   9.81192312E-19   1.90379533E-29   5.01361109E-29   5.01361109E-29
   7.94000000E-02   3.75093449E-20   8.25812677E-19   8.25812677E-19   1.53762018E-29   4.04929536E-29   4.04929536E-29
   7.96000000E-02   3.15690526E-20   6.95030102E-19   6.95030102E-19   1.24184838E-29   3.27038560E-29   3.27038560E-29
   7.98000000E-02   2.65691896E-20   5.84952193E-19   5.84952193E-19   1.00294894E-29   2.64124817E-29   2.64124817E-29
   8.00000000E-02   2.23609260E-20   4.92302285E-19   4.92302285E-19   8.09990378E-30   2.13309524E-29   2.13309524E-29
   8.02000000E-02   1.88189769E-20   4.14322077E-19   4.14322077E-19   6.54141548E-30   1.72267012E-29   1.72267012E-29
   8.04000000E-02   1.58378785E-20   3.48689663E-19   3.48689663E-19   5.28268230E-30   1.39118498E-29   1.39118498E-29
   8.06000000E-02   1.33288539E-20   2.93450513E-19   2.93450513E-19   4.26607203E-30   1.12346248E-29   1.12346248E-29
   8.08000000E-02   1.12171735E-20   2.46959366E-19   2.46959366E-19   3.44502876E-30   9.07242193E-30   9.07242193E-30
   8.10000000E-02   9.43993322E-21   2.07831316E-19   2.07831316E-19   2.78194503E-30   7.32620274E-30   7.32620274E-30
   8.12000000E-02   7.94418396E-21   1.74900624E-19   1.74900624E-19   2.24644250E-30   5.91596636E-30   5.91596636E-30
   8.14000000E-02   6.68535654E-21   1.47186046E-19   1.47186046E-19   1.81398289E-30   4.77709166E-30   4.77709166E-30
   8.16000000E-02   5.62593607E-21   1.23861649E-19   1.23861649E-19   1.46474568E-30   3.85738169E-30   3.85738169E-30
   8.18000000E-02   4.73434580E-21   1.04232233E-19   1.04232233E-19   1.18272145E-30   3.11467588E-30   3.11467588E-30
   8.20000000E-02   3.98400752E-21   8.77126467E-20   8.77126467E-20   9.54979321E-31   2.51492105E-30   2.51492105E-30
   8.22000000E-02   3.35255059E-21   7.38103741E-20   7.38103741E-20   7.71075241E-31   2.03061293E-30   2.03061293E-30
   8.24000000E-02   2.82114607E-21   6.21108738E-20   6.21108738E-20   6.22573869E-31   1.63953721E-30   1.63953721E-30
   8.26000000E-02   2.37394621E-21   5.22652390E-20   5.22652390E-20   5.02662399E-31   1.32375249E-30   1.32375249E-30
   8.28000000E-02   1.99761260E-21   4.39798087E-20   4.39798087E-20   4.05838587E-31   1.06876870E-30   1.06876870E-30
   8.30000000E-02   1.68091899E-21   3.70074235E-20   3.70074235E-20   3.27658729E-31   8.62883437E-31   8.62883437E-31
   8.32000000E-02   1.41441692E-21   3.11400645E-20   3.11400645E-20   2.64534098E-31   6.96645842E-31   6.96645842E-31
   8.34000000E-02   1.19015430E-21   2.62026573E-20   2.62026573E-20   2.13566500E-31   5.62423580E-31   5.62423580E-31
   8.36000000E-02   1.00143852E-21   2.20478557E-20   2.20478557E-20   1.72415456E-31   4.54053038E-31   4.54053038E-31
   8.38000000E-02   8.42637014E-22   1.85516524E-20   1.85516524E-20   1.39190918E-31   3.66556808E-31   3.66556808E-31
   8.40000000E-02   7.09009437E-22   1.56096829E-20   1.56096829E-20   1.12366611E-31   2.95915471E-31   2.95915471E-31
   8.42000000E-02   5.96566369E-22   1.31341156E-20   1.31341156E-20   9.07100452E-32   2.38883291E-31   2.38883291E-31
   8.44000000E-02   5.01950405E-22   1.10510330E-20   1.10510330E-20   7.32259890E-32   1.92839340E-31   1.92839340E-31
   8.46000000E-02   4.22336062E-22   9.29822889E-21   9.29822889E-21   5.91108099E-32   1.55667267E-31   1.55667267E-31
   8.48000000E-02   3.55345535E-22   7.82335305E-21   7.82335305E-21   4.77156028E-32   1.25658192E-31   1.25658192E-31
   8.50000000E-02   2.98977786E-22   6.58235026E-21   6.58235026E-21   3.85164101E-32   1.01432281E-31   1.01432281E-31
   8.52000000E-02   2.51548868E-22   5.53814641E-21   5.53814641E-21   3.10901709E-32   8.18754124E-32   8.18754124E-32
   8.54000000E-02   2.11641690E-22   4.65954260E-21   4.65954260E-21   2.50952992E-32   6.60880244E-32   6.60880244E-32
   8.56000000E-02   1.78063746E-22   3.92028439E-21   3.92028439E-21   2.02559981E-32   5.33438108E-32   5.33438108E-32
   8.58000000E-02   1.49811533E-22   3.29827842E-21   3.29827842E-21   1.63495933E-32   4.30563633E-32   4.30563633E-32
   8.60000000E-02   1.26040601E-22   2.77493319E-21   2.77493319E-21   1.31963048E-32   3.47522341E-32   3.47522341E-32
   8.62000000E-02   1.06040358E-22   2.33460414E-21   2.33460414E-21   1.06509866E-32   2.80491839E-32   2.80491839E-32
   8.64000000E-02   8.92128523E-23   1.96412666E-21   1.96412666E-21   8.59645694E-33   2.26386165E-32   2.26386165E-32
   8.66000000E-02   7.50549277E-23   1.65242317E-21   1.65242317E-21   6.93811249E-33   1.82713959E-32   1.82713959E-32
   8.68000000E-02   6.31431965E-23   1.39017230E-21   1.39017230E-21   5.59957944E-33   1.47463929E-32   1.47463929E-32
   8.70000000E-02   5.31213990E-23   1.16953055E-21   1.16953055E-21   4.51920196E-33   1.19012380E-32   1.19012380E-32
   8.72000000E-02   4.46897634E-23   9.83898101E-22   9.83898101E-22   3.64720684E-33   9.60485438E-33   9.60485438E-33
   8.74000000E-02   3.75960518E-23   8.27721632E-22   8.27721632E-22   2.94341417E-33   7.75142890E-33   7.75142890E-33
   8.76000000E-02   3.16280252E-23   6.96328454E-22   6.96328454E-22   2.37538897E-33   6.25554464E-33   6.25554464E-33
   8.78000000E-02   2.66071028E-23   5.85786898E-22   5.85786898E-22   1.91694878E-33   5.04825053E-33   5.04825053E-33
   8.80000000E-02   2.23830257E-23   4.92788836E-22   4.92788836E-22   1.54695874E-33   4.07388833E-33   4.07388833E-33
   8.82000000E-02   1.88293669E-23   4.14550825E-22   4.14550825E-22   1.24835882E-33   3.28753077E-33   3.28753077E-33
   8.84000000E-02   1.58397520E-23   3.48730912E-22   3.48730912E-22   1.00737846E-33   2.65291327E-33   2.65291327E-33
   8.86000000E-02   1.33246803E-23   2.93358627E-22   2.93358627E-22   8.12902466E-34   2.14076419E-33   2.14076419E-33
   8.88000000E-02   1.12088484E-23   2.46776081E-22   2.46776081E-22   6.55959176E-34   1.72745683E-33   1.72745683E-33
   8.90000000E-02   9.42889921E-24   2.07588390E-22   2.07588390E-22   5.29307207E-34   1.39392112E-33   1.39392112E-33
   8.92000000E-02   7.93152706E-24   1.74621967E-22   1.74621967E-22   4.27101860E-34   1.12476516E-33   1.12476516E-33
   8.94000000E-02   6.67188368E-24   1.46889426E-22   1.46889426E-22   3.44625820E-34   9.07565971E-34   9.07565971E-34
   8.96000000E-02   5.61223673E-24   1.23560042E-22   1.23560042E-22   2.78071762E-34   7.32297044E-34   7.32297044E-34
   8.98000000E-02   4.72084103E-24   1.03934910E-22   1.03934910E-22   2.24366870E-34   5.90866163E-34   5.90866163E-34
   9.00000000E-02   3.97098887E-24   8.74260257E-23   8.74260257E-23   1.81031172E-34   4.76742374E-34   4.76742374E-34
   9.02000000E-02   3.34021084E-24   7.35387000E-23   7.35387000E-23   1.46063205E-34   3.84654855E-34   3.84654855E-34
   9.04000000E-02   2.80960348E-24   6.18567500E-23   6.18567500E-23   1.17847711E-34   3.10349853E-34   3.10349853E-34
   9.06000000E-02   2.36326345E-24   5.20300454E-23   5.20300454E-23   9.50811385E-35   2.50394488E-34   2.50394488E-34
   9.08000000E-02   1.98781160E-24   4.37640281E-23   4.37640281E-23   7.67115083E-35   2.02018394E-34   2.02018394E-34
   9.10000000E-02   1.67199240E-24   3.68108942E-23   3.68108942E-23   6.18898786E-35   1.62985895E-34   1.62985895E-34
   9.12000000E-02   1.40633697E-24   3.09621749E-23   3.09621749E-23   4.99311688E-35   1.31492846E-34   1.31492846E-34
   9.14000000E-02   1.18287954E-24   2.60424948E-23   2.60424948E-23   4.02825411E-35   1.06083356E-34   1.06083356E-34
   9.16000000E-02   9.94918934E-25   2.19043194E-23   2.19043194E-23   3.24978808E-35   8.55825915E-35   8.55825915E-35
   9.18000000E-02   8.36817865E-25   1.84235370E-23   1.84235370E-23   2.62172003E-35   6.90425311E-35   6.90425311E-35
   9.20000000E-02   7.03834059E-25   1.54957409E-23   1.54957409E-23   2.11500162E-35   5.56981916E-35   5.56981916E-35
   9.22000000E-02   5.91978211E-25   1.30331018E-23   1.30331018E-23   1.70619335E-35   4.49322986E-35   4.49322986E-35
   9.24000000E-02   4.97894454E-25   1.09617364E-23   1.09617364E-23   1.37638195E-35   3.62467741E-35   3.62467741E-35
   9.26000000E-02   4.18759815E-25   9.21949356E-24   9.21949356E-24   1.11030656E-35   2.92397259E-35   2.92397259E-35
   9.28000000E-02   3.52199609E-25   7.75409176E-24   7.75409176E-24   8.95653622E-36   2.35868789E-35   2.35868789E-35
   9.30000000E-02   2.96216277E-25   6.52155236E-24   6.52155236E-24   7.22487838E-36   1.90265888E-35   1.90265888E-35
   9.32000000E-02   2.49129504E-25   5.48488127E-24   5.48488127E-24   5.82792964E-36   1.53477491E-35   1.53477491E-35
   9.34000000E-02   2.09525856E-25   4.61296001E-24   4.61296001E-24   4.70101236E-36   1.23800325E-35   1.23800325E-35
   9.36000000E-02   1.76216395E-25   3.87961276E-24   3.87961276E-24   3.79194343E-36   9.98601564E-36   9.98601564E-36
   9.38000000E-02   1.48201040E-25   3.26282152E-24   3.26282152E-24   3.05862125E-36   8.05482470E-36   8.05482470E-36
   9.40000000E-02   1.24638569E-25   2.74406580E-24   2.74406580E-24   2.46707854E-36   6.49700749E-36   6.49700749E-36
   9.42000000E-02   1.04821396E-25   2.30776726E-24   2.30776726E-24   1.98991123E-36   5.24039586E-36   5.24039586E-36
   9.44000000E-02   8.81543458E-26   1.94082239E-24   1.94082239E-24   1.60501063E-36   4.22676696E-36   4.22676696E-36
   9.46000000E-02   7.41367987E-26   1.63220948E-24   1.63220948E-24   1.29454047E-36   3.40914932E-36   3.40914932E-36
   9.48000000E-02   6.23476751E-26   1.37265795E-24   1.37265795E-24   1.04411153E-36   2.74964915E-36   2.74964915E-36
   9.50000000E-02   5.24327998E-26   1.15437022E-24   1.15437022E-24   8.42115611E-37   2.21769649E-36   2.21769649E-36
   9.52000000E-02   4.40942743E-26   9.70787702E-25   9.70787702E-25   6.79188215E-37   1.78863009E-36   1.78863009E-36
   9.54000000E-02   3.70815375E-26   8.16393991E-25   8.16393991E-25   5.47774977E-37   1.44255567E-36   1.44255567E-36
   9.56000000E-02   3.11838451E-26   6.86549304E-25   6.86549304E-25   4.41781871E-37   1.16342470E-36   1.16342470E-36
   9.58000000E-02   2.62239442E-26   5.77351208E-25   5.77351208E-25   3.56292984E-37   9.38291241E-37   9.38291241E-37
   9.60000000E-02   2.20527518E-26   4.85517465E-25   4.85517465E-25   2.87342827E-37   7.56712227E-37   7.56712227E-37
   9.62000000E-02   1.85448795E-26   4.08287498E-25   4.08287498E-25   2.31732627E-37   6.10263753E-37   6.10263753E-37
   9.64000000E-02   1.55948680E-26   3.43339500E-25   3.43339500E-25   1.86882128E-37   4.92150763E-37   4.92150763E-37
   9.66000000E-02   1.31140209E-26   2.88720710E-25   2.88720710E-25   1.50710027E-37   3.96892178E-37   3.96892178E-37
   9.68000000E-02   1.10277403E-26   2.42788772E-25   2.42788772E-25   1.21537512E-37   3.20066878E-37   3.20066878E-37
   9.70000000E-02   9.27328703E-27   2.04162403E-25   2.04162403E-25   9.80104494E-38   2.58108777E-37   2.58108777E-37
   9.72000000E-02   7.79789528E-27   1.71679905E-25   1.71679905E-25   7.90366072E-38   2.08141500E-37   2.08141500E-37
   9.74000000E-02   6.55718800E-27   1.44364264E-25   1.44364264E-25   6.37350153E-38   1.67845030E-37   1.67845030E-37
   9.76000000E-02   5.51384341E-27   1.21393797E-25   1.21393797E-25   5.13951127E-38   1.35348116E-37   1.35348116E-37
   9.78000000E-02   4.63647361E-27   1.02077461E-25   1.02077461E-25   4.14437934E-38   1.09141493E-37   1.09141493E-37
   9.80000000E-02   3.89868137E-27   8.58340904E-26   8.58340904E-26   3.34188232E-38   8.80078770E-38   8.80078770E-38
   9.82000000E-02   3.27826679E-27   7.21749282E-26   7.21749282E-26   2.69473962E-38   7.09654888E-38   7.09654888E-38
   9.84000000E-02   2.75656007E-27   6.06889365E-26   6.06889365E-26   2.17288373E-38   5.72225068E-38   5.72225068E-38
   9.86000000E-02   2.31786031E-27   5.10304414E-26   5.10304414E-26   1.75206503E-38   4.61403211E-38   4.61403211E-38
   9.88000000E-02   1.94896348E-27   4.29087407E-26   4.29087407E-26   1.41272630E-38   3.72038961E-38   3.72038961E-38
   9.90000000E-02   1.63876547E-27   3.60793639E-26   3.60793639E-26   1.13909500E-38   2.99978643E-38   2.99978643E-38
   9.92000000E-02   1.37792818E-27   3.03367218E-26   3.03367218E-26   9.18450990E-39   2.41872436E-38   2.41872436E-38
   9.94000000E-02   1.15859873E-27   2.55079241E-26   2.55079241E-26   7.40536008E-39   1.95018842E-38   1.95018842E-38
   9.96000000E-02   9.74173293E-28   2.14475795E-26   2.14475795E-26   5.97077289E-39   1.57239243E-38   1.57239243E-38
   9.98000000E-02   8.19098455E-28   1.80334231E-26   1.80334231E-26   4.81403370E-39   1.26776722E-38   1.26776722E-38
   1.00000000E-01   6.88704190E-28   1.51626389E-26   1.51626389E-26   3.88134213E-39   1.02214455E-38   1.02214455E-38