# TBinMid=0.095 ssec TBinWidth=0.01 ss EBinWidth=0.2MeV Fluence at Earth for this timebin in neutrinos per cm^2
# E(GeV)	NuE	NuMu	NuTau	aNuE	aNuMu	aNuTau
   1.38589050E-13   1.69238970E-17   8.84629978E-18   8.84629978E-18   5.52364655E-18   1.45464250E-17   1.45464250E-17
   2.00000000E-04   6.64143515E+05   3.82375342E+05   3.82375342E+05   2.17352853E+05   5.69699368E+05   5.69699368E+05
   4.00000000E-04   3.53750567E+06   2.40895593E+06   2.40895593E+06   1.17611678E+06   3.02520801E+06   3.02520801E+06
   6.00000000E-04   9.27219619E+06   7.55458618E+06   7.55458618E+06   3.18307979E+06   7.90773344E+06   7.90773344E+06
   8.00000000E-04   1.81845337E+07   1.75516870E+07   1.75516870E+07   6.54774747E+06   1.54804075E+07   1.54804075E+07
   1.00000000E-03   3.04233225E+07   3.42101511E+07   3.42101511E+07   1.16440724E+07   2.58842849E+07   2.58842849E+07
   1.20000000E-03   4.60279829E+07   5.92410659E+07   5.92410659E+07   1.89169378E+07   3.91929089E+07   3.91929089E+07
   1.40000000E-03   6.49583933E+07   9.41260331E+07   9.41260331E+07   2.88685992E+07   5.54378308E+07   5.54378308E+07
   1.60000000E-03   8.71134606E+07   1.40032315E+08   1.40032315E+08   4.20363331E+07   7.46213575E+07   7.46213575E+07
   1.80000000E-03   1.12344277E+08   1.97766946E+08   1.97766946E+08   5.89670505E+07   9.67228261E+07   9.67228261E+07
   2.00000000E-03   1.40464322E+08   2.67761746E+08   2.67761746E+08   8.01922207E+07   1.21701457E+08   1.21701457E+08
   2.20000000E-03   1.71257868E+08   3.50081632E+08   3.50081632E+08   1.06205079E+08   1.49497450E+08   1.49497450E+08
   2.40000000E-03   2.04487147E+08   4.44449624E+08   4.44449624E+08   1.37441225E+08   1.80032274E+08   1.80032274E+08
   2.60000000E-03   2.39898589E+08   5.50283075E+08   5.50283075E+08   1.74263131E+08   2.13208724E+08   2.13208724E+08
   2.80000000E-03   2.77228297E+08   6.66736652E+08   6.66736652E+08   2.16948703E+08   2.48911061E+08   2.48911061E+08
   3.00000000E-03   3.16206842E+08   7.92748630E+08   7.92748630E+08   2.65683762E+08   2.87005411E+08   2.87005411E+08
   3.20000000E-03   3.56563446E+08   9.27087796E+08   9.27087796E+08   3.20558152E+08   3.27340502E+08   3.27340502E+08
   3.40000000E-03   3.98029606E+08   1.06839902E+09   1.06839902E+09   3.81565081E+08   3.69748751E+08   3.69748751E+08
   3.60000000E-03   4.40342182E+08   1.21524607E+09   1.21524607E+09   4.48603252E+08   4.14047685E+08   4.14047685E+08
   3.80000000E-03   4.83245996E+08   1.36615073E+09   1.36615073E+09   5.21481310E+08   4.60041640E+08   4.60041640E+08
   4.00000000E-03   5.26495978E+08   1.51962768E+09   1.51962768E+09   5.99924161E+08   5.07523692E+08   5.07523692E+08
   4.20000000E-03   5.69858892E+08   1.67421480E+09   1.67421480E+09   6.83580711E+08   5.56277756E+08   5.56277756E+08
   4.40000000E-03   6.13114680E+08   1.82849884E+09   1.82849884E+09   7.72032642E+08   6.06080776E+08   6.06080776E+08
   4.60000000E-03   6.56057459E+08   1.98113663E+09   1.98113663E+09   8.64803859E+08   6.56704978E+08   6.56704978E+08
   4.80000000E-03   6.98496223E+08   2.13087197E+09   2.13087197E+09   9.61370278E+08   7.07920100E+08   7.07920100E+08
   5.00000000E-03   7.40255252E+08   2.27654847E+09   2.27654847E+09   1.06116971E+09   7.59495579E+08   7.59495579E+08
   5.20000000E-03   7.81174305E+08   2.41711882E+09   2.41711882E+09   1.16361159E+09   8.11202638E+08   8.11202638E+08
   5.40000000E-03   8.21108592E+08   2.55165077E+09   2.55165077E+09   1.26808636E+09   8.62816254E+08   8.62816254E+08
   5.60000000E-03   8.59928578E+08   2.67933023E+09   2.67933023E+09   1.37397439E+09   9.14116974E+08   9.14116974E+08
   5.80000000E-03   8.97519642E+08   2.79946186E+09   2.79946186E+09   1.48065428E+09   9.64892564E+08   9.64892564E+08
   6.00000000E-03   9.33781611E+08   2.91146763E+09   2.91146763E+09   1.58751048E+09   1.01493948E+09   1.01493948E+09
   6.20000000E-03   9.68628199E+08   3.01488356E+09   3.01488356E+09   1.69394017E+09   1.06406413E+09   1.06406413E+09
   6.40000000E-03   1.00198637E+09   3.10935503E+09   3.10935503E+09   1.79935936E+09   1.11208400E+09   1.11208400E+09
   6.60000000E-03   1.03379565E+09   3.19463104E+09   3.19463104E+09   1.90320823E+09   1.15882854E+09   1.15882854E+09
   6.80000000E-03   1.06400739E+09   3.27055754E+09   3.27055754E+09   2.00495566E+09   1.20413984E+09   1.20413984E+09
   7.00000000E-03   1.09258399E+09   3.33707022E+09   3.33707022E+09   2.10410301E+09   1.24787326E+09   1.24787326E+09
   7.20000000E-03   1.11949816E+09   3.39418683E+09   3.39418683E+09   2.20018711E+09   1.28989769E+09   1.28989769E+09
   7.40000000E-03   1.14473212E+09   3.44199935E+09   3.44199935E+09   2.29278269E+09   1.33009587E+09   1.33009587E+09
   7.60000000E-03   1.16827684E+09   3.48066607E+09   3.48066607E+09   2.38150400E+09   1.36836438E+09   1.36836438E+09
   7.80000000E-03   1.19013130E+09   3.51040378E+09   3.51040378E+09   2.46600592E+09   1.40461362E+09   1.40461362E+09
   8.00000000E-03   1.21030171E+09   3.53148006E+09   3.53148006E+09   2.54598450E+09   1.43876759E+09   1.43876759E+09
   8.20000000E-03   1.22880086E+09   3.54420596E+09   3.54420596E+09   2.62117700E+09   1.47076364E+09   1.47076364E+09
   8.40000000E-03   1.24564742E+09   3.54892895E+09   3.54892895E+09   2.69136146E+09   1.50055208E+09   1.50055208E+09
   8.60000000E-03   1.26086529E+09   3.54602621E+09   3.54602621E+09   2.75635596E+09   1.52809568E+09   1.52809568E+09
   8.80000000E-03   1.27448297E+09   3.53589848E+09   3.53589848E+09   2.81601745E+09   1.55336919E+09   1.55336919E+09
   9.00000000E-03   1.28653302E+09   3.51896428E+09   3.51896428E+09   2.87024032E+09   1.57635873E+09   1.57635873E+09
   9.20000000E-03   1.29705151E+09   3.49565459E+09   3.49565459E+09   2.91895478E+09   1.59706118E+09   1.59706118E+09
   9.40000000E-03   1.30607749E+09   3.46640803E+09   3.46640803E+09   2.96212500E+09   1.61548347E+09   1.61548347E+09
   9.60000000E-03   1.31365257E+09   3.43166653E+09   3.43166653E+09   2.99974708E+09   1.63164196E+09   1.63164196E+09
   9.80000000E-03   1.31982044E+09   3.39187143E+09   3.39187143E+09   3.03184693E+09   1.64556169E+09   1.64556169E+09
   1.00000000E-02   1.32462650E+09   3.34746005E+09   3.34746005E+09   3.05847812E+09   1.65727570E+09   1.65727570E+09
   1.02000000E-02   1.32811750E+09   3.29886264E+09   3.29886264E+09   3.07971954E+09   1.66682429E+09   1.66682429E+09
   1.04000000E-02   1.33034117E+09   3.24649982E+09   3.24649982E+09   3.09567324E+09   1.67425436E+09   1.67425436E+09
   1.06000000E-02   1.33134599E+09   3.19078034E+09   3.19078034E+09   3.10646204E+09   1.67961866E+09   1.67961866E+09
   1.08000000E-02   1.33118084E+09   3.13209920E+09   3.13209920E+09   3.11222741E+09   1.68297518E+09   1.68297518E+09
   1.10000000E-02   1.32989482E+09   3.07083618E+09   3.07083618E+09   3.11312718E+09   1.68438644E+09   1.68438644E+09
   1.12000000E-02   1.32753698E+09   3.00735453E+09   3.00735453E+09   3.10933346E+09   1.68391889E+09   1.68391889E+09
   1.14000000E-02   1.32415616E+09   2.94200012E+09   2.94200012E+09   3.10103057E+09   1.68164231E+09   1.68164231E+09
   1.16000000E-02   1.31980081E+09   2.87510071E+09   2.87510071E+09   3.08841307E+09   1.67762920E+09   1.67762920E+09
   1.18000000E-02   1.31451883E+09   2.80696547E+09   2.80696547E+09   3.07168387E+09   1.67195427E+09   1.67195427E+09
   1.20000000E-02   1.30835744E+09   2.73788477E+09   2.73788477E+09   3.05105246E+09   1.66469393E+09   1.66469393E+09
   1.22000000E-02   1.30136308E+09   2.66813010E+09   2.66813010E+09   3.02673326E+09   1.65592576E+09   1.65592576E+09
   1.24000000E-02   1.29358130E+09   2.59795412E+09   2.59795412E+09   2.99894404E+09   1.64572814E+09   1.64572814E+09
   1.26000000E-02   1.28505665E+09   2.52759094E+09   2.52759094E+09   2.96790447E+09   1.63417977E+09   1.63417977E+09
   1.28000000E-02   1.27583267E+09   2.45725644E+09   2.45725644E+09   2.93383481E+09   1.62135932E+09   1.62135932E+09
   1.30000000E-02   1.26595180E+09   2.38714868E+09   2.38714868E+09   2.89695468E+09   1.60734506E+09   1.60734506E+09
   1.32000000E-02   1.25545531E+09   2.31744851E+09   2.31744851E+09   2.85748193E+09   1.59221458E+09   1.59221458E+09
   1.34000000E-02   1.24438330E+09   2.24832010E+09   2.24832010E+09   2.81563165E+09   1.57604448E+09   1.57604448E+09
   1.36000000E-02   1.23277467E+09   2.17991164E+09   2.17991164E+09   2.77161527E+09   1.55891009E+09   1.55891009E+09
   1.38000000E-02   1.22066709E+09   2.11235600E+09   2.11235600E+09   2.72563980E+09   1.54088530E+09   1.54088530E+09
   1.40000000E-02   1.20809696E+09   2.04577149E+09   2.04577149E+09   2.67790703E+09   1.52204230E+09   1.52204230E+09
   1.42000000E-02   1.19509946E+09   1.98026262E+09   1.98026262E+09   2.62861305E+09   1.50245146E+09   1.50245146E+09
   1.44000000E-02   1.18170853E+09   1.91592082E+09   1.91592082E+09   2.57794761E+09   1.48218111E+09   1.48218111E+09
   1.46000000E-02   1.16795684E+09   1.85282527E+09   1.85282527E+09   2.52609380E+09   1.46129751E+09   1.46129751E+09
   1.48000000E-02   1.15387584E+09   1.79104361E+09   1.79104361E+09   2.47322756E+09   1.43986464E+09   1.43986464E+09
   1.50000000E-02   1.13949577E+09   1.73063275E+09   1.73063275E+09   2.41951753E+09   1.41794420E+09   1.41794420E+09
   1.52000000E-02   1.12484564E+09   1.67163960E+09   1.67163960E+09   2.36512470E+09   1.39559549E+09   1.39559549E+09
   1.54000000E-02   1.10995329E+09   1.61410178E+09   1.61410178E+09   2.31020237E+09   1.37287538E+09   1.37287538E+09
   1.56000000E-02   1.09484539E+09   1.55804836E+09   1.55804836E+09   2.25489595E+09   1.34983830E+09   1.34983830E+09
   1.58000000E-02   1.07954747E+09   1.50350055E+09   1.50350055E+09   2.19934298E+09   1.32653618E+09   1.32653618E+09
   1.60000000E-02   1.06408394E+09   1.45047233E+09   1.45047233E+09   2.14367309E+09   1.30301846E+09   1.30301846E+09
   1.62000000E-02   1.04847810E+09   1.39897112E+09   1.39897112E+09   2.08800804E+09   1.27933211E+09   1.27933211E+09
   1.64000000E-02   1.03275222E+09   1.34899835E+09   1.34899835E+09   2.03246185E+09   1.25552164E+09   1.25552164E+09
   1.66000000E-02   1.01692751E+09   1.30055008E+09   1.30055008E+09   1.97714084E+09   1.23162914E+09   1.23162914E+09
   1.68000000E-02   1.00102416E+09   1.25361749E+09   1.25361749E+09   1.92214381E+09   1.20769427E+09   1.20769427E+09
   1.70000000E-02   9.85061393E+08   1.20818745E+09   1.20818745E+09   1.86756222E+09   1.18375438E+09   1.18375438E+09
   1.72000000E-02   9.69057482E+08   1.16424297E+09   1.16424297E+09   1.81348035E+09   1.15984447E+09   1.15984447E+09
   1.74000000E-02   9.53029768E+08   1.12176364E+09   1.12176364E+09   1.75997555E+09   1.13599734E+09   1.13599734E+09
   1.76000000E-02   9.36994701E+08   1.08072611E+09   1.08072611E+09   1.70711841E+09   1.11224356E+09   1.11224356E+09
   1.78000000E-02   9.20967864E+08   1.04110442E+09   1.04110442E+09   1.65497306E+09   1.08861163E+09   1.08861163E+09
   1.80000000E-02   9.04964005E+08   1.00287041E+09   1.00287041E+09   1.60359739E+09   1.06512795E+09   1.06512795E+09
   1.82000000E-02   8.88997061E+08   9.65994049E+08   9.65994049E+08   1.55304329E+09   1.04181695E+09   1.04181695E+09
   1.84000000E-02   8.73080188E+08   9.30443736E+08   9.30443736E+08   1.50335695E+09   1.01870118E+09   1.01870118E+09
   1.86000000E-02   8.57225789E+08   8.96186598E+08   8.96186598E+08   1.45457911E+09   9.95801320E+08   9.95801320E+08
   1.88000000E-02   8.41445541E+08   8.63188749E+08   8.63188749E+08   1.40674533E+09   9.73136305E+08   9.73136305E+08
   1.90000000E-02   8.25750420E+08   8.31415531E+08   8.31415531E+08   1.35988626E+09   9.50723384E+08   9.50723384E+08
   1.92000000E-02   8.10150727E+08   8.00831735E+08   8.00831735E+08   1.31402790E+09   9.28578199E+08   9.28578199E+08
   1.94000000E-02   7.94656118E+08   7.71401794E+08   7.71401794E+08   1.26919190E+09   9.06714858E+08   9.06714858E+08
   1.96000000E-02   7.79275620E+08   7.43089964E+08   7.43089964E+08   1.22539576E+09   8.85146011E+08   8.85146011E+08
   1.98000000E-02   7.64017665E+08   7.15860482E+08   7.15860482E+08   1.18265315E+09   8.63882925E+08   8.63882925E+08
   2.00000000E-02   7.48890106E+08   6.89677710E+08   6.89677710E+08   1.14097412E+09   8.42935553E+08   8.42935553E+08
   2.02000000E-02   7.33900242E+08   6.64506263E+08   6.64506263E+08   1.10036539E+09   8.22312610E+08   8.22312610E+08
   2.04000000E-02   7.19054844E+08   6.40311119E+08   6.40311119E+08   1.06083050E+09   8.02021640E+08   8.02021640E+08
   2.06000000E-02   7.04360173E+08   6.17057716E+08   6.17057716E+08   1.02237017E+09   7.82069083E+08   7.82069083E+08
   2.08000000E-02   6.89822001E+08   5.94712040E+08   5.94712040E+08   9.84982389E+08   7.62460343E+08   7.62460343E+08
   2.10000000E-02   6.75445632E+08   5.73240698E+08   5.73240698E+08   9.48662731E+08   7.43199852E+08   7.43199852E+08
   2.12000000E-02   6.61235925E+08   5.52610980E+08   5.52610980E+08   9.13404506E+08   7.24291130E+08   7.24291130E+08
   2.14000000E-02   6.47197308E+08   5.32790910E+08   5.32790910E+08   8.79198973E+08   7.05736846E+08   7.05736846E+08
   2.16000000E-02   6.33333800E+08   5.13749294E+08   5.13749294E+08   8.46035529E+08   6.87538876E+08   6.87538876E+08
   2.18000000E-02   6.19649030E+08   4.95455751E+08   4.95455751E+08   8.13901885E+08   6.69698356E+08   6.69698356E+08
   2.20000000E-02   6.06146252E+08   4.77880743E+08   4.77880743E+08   7.82784238E+08   6.52215736E+08   6.52215736E+08
   2.22000000E-02   5.92828363E+08   4.60995596E+08   4.60995596E+08   7.52667428E+08   6.35090834E+08   6.35090834E+08
   2.24000000E-02   5.79697919E+08   4.44772514E+08   4.44772514E+08   7.23535098E+08   6.18322878E+08   6.18322878E+08
   2.26000000E-02   5.66757153E+08   4.29184588E+08   4.29184588E+08   6.95369831E+08   6.01910556E+08   6.01910556E+08
   2.28000000E-02   5.54007987E+08   4.14205804E+08   4.14205804E+08   6.68153286E+08   5.85852062E+08   5.85852062E+08
   2.30000000E-02   5.41452049E+08   3.99811036E+08   3.99811036E+08   6.41866330E+08   5.70145132E+08   5.70145132E+08
   2.32000000E-02   5.29090688E+08   3.85976049E+08   3.85976049E+08   6.16489151E+08   5.54787087E+08   5.54787087E+08
   2.34000000E-02   5.16924986E+08   3.72677489E+08   3.72677489E+08   5.92001373E+08   5.39774872E+08   5.39774872E+08
   2.36000000E-02   5.04955773E+08   3.59892871E+08   3.59892871E+08   5.68382158E+08   5.25105086E+08   5.25105086E+08
   2.38000000E-02   4.93183639E+08   3.47600568E+08   3.47600568E+08   5.45610301E+08   5.10774022E+08   5.10774022E+08
   2.40000000E-02   4.81608947E+08   3.35779796E+08   3.35779796E+08   5.23664323E+08   4.96777694E+08   4.96777694E+08
   2.42000000E-02   4.70231843E+08   3.24410596E+08   3.24410596E+08   5.02522548E+08   4.83111868E+08   4.83111868E+08
   2.44000000E-02   4.59052272E+08   3.13473817E+08   3.13473817E+08   4.82163184E+08   4.69772088E+08   4.69772088E+08
   2.46000000E-02   4.48069986E+08   3.02951093E+08   3.02951093E+08   4.62564389E+08   4.56753706E+08   4.56753706E+08
   2.48000000E-02   4.37284552E+08   2.92824824E+08   2.92824824E+08   4.43704337E+08   4.44051902E+08   4.44051902E+08
   2.50000000E-02   4.26695371E+08   2.83078155E+08   2.83078155E+08   4.25561276E+08   4.31661710E+08   4.31661710E+08
   2.52000000E-02   4.16301680E+08   2.73694952E+08   2.73694952E+08   4.08113581E+08   4.19578039E+08   4.19578039E+08
   2.54000000E-02   4.06102563E+08   2.64659777E+08   2.64659777E+08   3.91339799E+08   4.07795689E+08   4.07795689E+08
   2.56000000E-02   3.96096965E+08   2.55957871E+08   2.55957871E+08   3.75218698E+08   3.96309375E+08   3.96309375E+08
   2.58000000E-02   3.86283694E+08   2.47575123E+08   2.47575123E+08   3.59729300E+08   3.85113739E+08   3.85113739E+08
   2.60000000E-02   3.76661437E+08   2.39498051E+08   2.39498051E+08   3.44850918E+08   3.74203371E+08   3.74203371E+08
   2.62000000E-02   3.67228760E+08   2.31713778E+08   2.31713778E+08   3.30563187E+08   3.63572817E+08   3.63572817E+08
   2.64000000E-02   3.57984124E+08   2.24210009E+08   2.24210009E+08   3.16846090E+08   3.53216600E+08   3.53216600E+08
   2.66000000E-02   3.48925887E+08   2.16975006E+08   2.16975006E+08   3.03679982E+08   3.43129225E+08   3.43129225E+08
   2.68000000E-02   3.40052313E+08   2.09997568E+08   2.09997568E+08   2.91045609E+08   3.33305197E+08   3.33305197E+08
   2.70000000E-02   3.31361579E+08   2.03267006E+08   2.03267006E+08   2.78924127E+08   3.23739026E+08   3.23739026E+08
   2.72000000E-02   3.22851782E+08   1.96773126E+08   1.96773126E+08   2.67297113E+08   3.14425241E+08   3.14425241E+08
   2.74000000E-02   3.14520947E+08   1.90506202E+08   1.90506202E+08   2.56146581E+08   3.05358395E+08   3.05358395E+08
   2.76000000E-02   3.06367028E+08   1.84456960E+08   1.84456960E+08   2.45454988E+08   2.96533075E+08   2.96533075E+08
   2.78000000E-02   2.98387919E+08   1.78616554E+08   1.78616554E+08   2.35205245E+08   2.87943908E+08   2.87943908E+08
   2.80000000E-02   2.90581458E+08   1.72976552E+08   1.72976552E+08   2.25380717E+08   2.79585569E+08   2.79585569E+08
   2.82000000E-02   2.82945431E+08   1.67528910E+08   1.67528910E+08   2.15965232E+08   2.71452785E+08   2.71452785E+08
   2.84000000E-02   2.75477579E+08   1.62265961E+08   1.62265961E+08   2.06943077E+08   2.63540343E+08   2.63540343E+08
   2.86000000E-02   2.68175603E+08   1.57180392E+08   1.57180392E+08   1.98299004E+08   2.55843088E+08   2.55843088E+08
   2.88000000E-02   2.61037166E+08   1.52265230E+08   1.52265230E+08   1.90018224E+08   2.48355937E+08   2.48355937E+08
   2.90000000E-02   2.54059900E+08   1.47513825E+08   1.47513825E+08   1.82086407E+08   2.41073873E+08   2.41073873E+08
   2.92000000E-02   2.47241410E+08   1.42919833E+08   1.42919833E+08   1.74489678E+08   2.33991955E+08   2.33991955E+08
   2.94000000E-02   2.40579276E+08   1.38477205E+08   1.38477205E+08   1.67214611E+08   2.27105317E+08   2.27105317E+08
   2.96000000E-02   2.34071061E+08   1.34180167E+08   1.34180167E+08   1.60248226E+08   2.20409170E+08   2.20409170E+08
   2.98000000E-02   2.27714310E+08   1.30023210E+08   1.30023210E+08   1.53577981E+08   2.13898808E+08   2.13898808E+08
   3.00000000E-02   2.21506555E+08   1.26001078E+08   1.26001078E+08   1.47191763E+08   2.07569604E+08   2.07569604E+08
   3.02000000E-02   2.15445319E+08   1.22108750E+08   1.22108750E+08   1.41077887E+08   2.01417017E+08   2.01417017E+08
   3.04000000E-02   2.09528121E+08   1.18341435E+08   1.18341435E+08   1.35225079E+08   1.95436586E+08   1.95436586E+08
   3.06000000E-02   2.03752474E+08   1.14694554E+08   1.14694554E+08   1.29622474E+08   1.89623940E+08   1.89623940E+08
   3.08000000E-02   1.98115892E+08   1.11163734E+08   1.11163734E+08   1.24259605E+08   1.83974790E+08   1.83974790E+08
   3.10000000E-02   1.92615890E+08   1.07744796E+08   1.07744796E+08   1.19126393E+08   1.78484933E+08   1.78484933E+08
   3.12000000E-02   1.87249989E+08   1.04433743E+08   1.04433743E+08   1.14213136E+08   1.73150252E+08   1.73150252E+08
   3.14000000E-02   1.82015715E+08   1.01226755E+08   1.01226755E+08   1.09510504E+08   1.67966717E+08   1.67966717E+08
   3.16000000E-02   1.76910604E+08   9.81201749E+07   9.81201749E+07   1.05009525E+08   1.62930382E+08   1.62930382E+08
   3.18000000E-02   1.71932205E+08   9.51105054E+07   9.51105054E+07   1.00701577E+08   1.58037386E+08   1.58037386E+08
   3.20000000E-02   1.67078078E+08   9.21943972E+07   9.21943972E+07   9.65783744E+07   1.53283953E+08   1.53283953E+08
   3.22000000E-02   1.62345797E+08   8.93686425E+07   8.93686425E+07   9.26319635E+07   1.48666390E+08   1.48666390E+08
   3.24000000E-02   1.57732954E+08   8.66301683E+07   8.66301683E+07   8.88547081E+07   1.44181090E+08   1.44181090E+08
   3.26000000E-02   1.53237160E+08   8.39760288E+07   8.39760288E+07   8.52392812E+07   1.39824524E+08   1.39824524E+08
   3.28000000E-02   1.48856045E+08   8.14033996E+07   8.14033996E+07   8.17786543E+07   1.35593248E+08   1.35593248E+08
   3.30000000E-02   1.44587257E+08   7.89095711E+07   7.89095711E+07   7.84660881E+07   1.31483896E+08   1.31483896E+08
   3.32000000E-02   1.40428472E+08   7.64919431E+07   7.64919431E+07   7.52951223E+07   1.27493182E+08   1.27493182E+08
   3.34000000E-02   1.36377383E+08   7.41480191E+07   7.41480191E+07   7.22595663E+07   1.23617899E+08   1.23617899E+08
   3.36000000E-02   1.32431713E+08   7.18754012E+07   7.18754012E+07   6.93534894E+07   1.19854915E+08   1.19854915E+08
   3.38000000E-02   1.28589206E+08   6.96717850E+07   6.96717850E+07   6.65712118E+07   1.16201176E+08   1.16201176E+08
   3.40000000E-02   1.24847635E+08   6.75349554E+07   6.75349554E+07   6.39072950E+07   1.12653700E+08   1.12653700E+08
   3.42000000E-02   1.21204800E+08   6.54627821E+07   6.54627821E+07   6.13565336E+07   1.09209581E+08   1.09209581E+08
   3.44000000E-02   1.17658527E+08   6.34532151E+07   6.34532151E+07   5.89139457E+07   1.05865982E+08   1.05865982E+08
   3.46000000E-02   1.14206672E+08   6.15042813E+07   6.15042813E+07   5.65747652E+07   1.02620139E+08   1.02620139E+08
   3.48000000E-02   1.10847121E+08   5.96140808E+07   5.96140808E+07   5.43344328E+07   9.94693567E+07   9.94693567E+07
   3.50000000E-02   1.07577787E+08   5.77807829E+07   5.77807829E+07   5.21885884E+07   9.64110060E+07   9.64110060E+07
   3.52000000E-02   1.04396616E+08   5.60026236E+07   5.60026236E+07   5.01330630E+07   9.34425262E+07   9.34425262E+07
   3.54000000E-02   1.01301582E+08   5.42779018E+07   5.42779018E+07   4.81638709E+07   9.05614210E+07   9.05614210E+07
   3.56000000E-02   9.82906910E+07   5.26049768E+07   5.26049768E+07   4.62772028E+07   8.77652583E+07   8.77652583E+07
   3.58000000E-02   9.53619812E+07   5.09822657E+07   5.09822657E+07   4.44694180E+07   8.50516681E+07   8.50516681E+07
   3.60000000E-02   9.25135209E+07   4.94082400E+07   4.94082400E+07   4.27370379E+07   8.24183419E+07   8.24183419E+07
   3.62000000E-02   8.97434104E+07   4.78814242E+07   4.78814242E+07   4.10767390E+07   7.98630308E+07   7.98630308E+07
   3.64000000E-02   8.70497816E+07   4.64003928E+07   4.64003928E+07   3.94853466E+07   7.73835444E+07   7.73835444E+07
   3.66000000E-02   8.44307986E+07   4.49637682E+07   4.49637682E+07   3.79598282E+07   7.49777498E+07   7.49777498E+07
   3.68000000E-02   8.18846572E+07   4.35702187E+07   4.35702187E+07   3.64972877E+07   7.26435695E+07   7.26435695E+07
   3.70000000E-02   7.94095852E+07   4.22184566E+07   4.22184566E+07   3.50949596E+07   7.03789810E+07   7.03789810E+07
   3.72000000E-02   7.70038425E+07   4.09072365E+07   4.09072365E+07   3.37502030E+07   6.81820149E+07   6.81820149E+07
   3.74000000E-02   7.46657208E+07   3.96353531E+07   3.96353531E+07   3.24604966E+07   6.60507542E+07   6.60507542E+07
   3.76000000E-02   7.23935436E+07   3.84016398E+07   3.84016398E+07   3.12234330E+07   6.39833325E+07   6.39833325E+07
   3.78000000E-02   7.01856661E+07   3.72049673E+07   3.72049673E+07   3.00367141E+07   6.19779332E+07   6.19779332E+07
   3.80000000E-02   6.80404754E+07   3.60442420E+07   3.60442420E+07   2.88981461E+07   6.00327881E+07   6.00327881E+07
   3.82000000E-02   6.59563896E+07   3.49184044E+07   3.49184044E+07   2.78056348E+07   5.81461764E+07   5.81461764E+07
   3.84000000E-02   6.39318583E+07   3.38264279E+07   3.38264279E+07   2.67571812E+07   5.63164233E+07   5.63164233E+07
   3.86000000E-02   6.19653620E+07   3.27673178E+07   3.27673178E+07   2.57508770E+07   5.45418994E+07   5.45418994E+07
   3.88000000E-02   6.00554121E+07   3.17401097E+07   3.17401097E+07   2.47849010E+07   5.28210187E+07   5.28210187E+07
   3.90000000E-02   5.82005505E+07   3.07438686E+07   3.07438686E+07   2.38575148E+07   5.11522385E+07   5.11522385E+07
   3.92000000E-02   5.63993493E+07   2.97776877E+07   2.97776877E+07   2.29670588E+07   4.95340577E+07   4.95340577E+07
   3.94000000E-02   5.46504108E+07   2.88406876E+07   2.88406876E+07   2.21119492E+07   4.79650160E+07   4.79650160E+07
   3.96000000E-02   5.29523666E+07   2.79320151E+07   2.79320151E+07   2.12906739E+07   4.64436926E+07   4.64436926E+07
   3.98000000E-02   5.13038781E+07   2.70508423E+07   2.70508423E+07   2.05017898E+07   4.49687056E+07   4.49687056E+07
   4.00000000E-02   4.97036353E+07   2.61963659E+07   2.61963659E+07   1.97439192E+07   4.35387110E+07   4.35387110E+07
   4.02000000E-02   4.81503572E+07   2.53678060E+07   2.53678060E+07   1.90157467E+07   4.21524013E+07   4.21524013E+07
   4.04000000E-02   4.66427910E+07   2.45644058E+07   2.45644058E+07   1.83160168E+07   4.08085050E+07   4.08085050E+07
   4.06000000E-02   4.51797118E+07   2.37854305E+07   2.37854305E+07   1.76435306E+07   3.95057855E+07   3.95057855E+07
   4.08000000E-02   4.37599224E+07   2.30301665E+07   2.30301665E+07   1.69971434E+07   3.82430403E+07   3.82430403E+07
   4.10000000E-02   4.23822528E+07   2.22979210E+07   2.22979210E+07   1.63757623E+07   3.70190999E+07   3.70190999E+07
   4.12000000E-02   4.10455596E+07   2.15880212E+07   2.15880212E+07   1.57783435E+07   3.58328274E+07   3.58328274E+07
   4.14000000E-02   3.97487262E+07   2.08998136E+07   2.08998136E+07   1.52038901E+07   3.46831171E+07   3.46831171E+07
   4.16000000E-02   3.84906616E+07   2.02326633E+07   2.02326633E+07   1.46514500E+07   3.35688941E+07   3.35688941E+07
   4.18000000E-02   3.72703006E+07   1.95859540E+07   1.95859540E+07   1.41201139E+07   3.24891133E+07   3.24891133E+07
   4.20000000E-02   3.60866034E+07   1.89590864E+07   1.89590864E+07   1.36090128E+07   3.14427589E+07   3.14427589E+07
   4.22000000E-02   3.49385546E+07   1.83514788E+07   1.83514788E+07   1.31173166E+07   3.04288432E+07   3.04288432E+07
   4.24000000E-02   3.38251635E+07   1.77625657E+07   1.77625657E+07   1.26442322E+07   2.94464062E+07   2.94464062E+07
   4.26000000E-02   3.27454631E+07   1.71917979E+07   1.71917979E+07   1.21890015E+07   2.84945148E+07   2.84945148E+07
   4.28000000E-02   3.16985101E+07   1.66386415E+07   1.66386415E+07   1.17509001E+07   2.75722619E+07   2.75722619E+07
   4.30000000E-02   3.06833844E+07   1.61025780E+07   1.61025780E+07   1.13292354E+07   2.66787661E+07   2.66787661E+07
   4.32000000E-02   2.96991883E+07   1.55831034E+07   1.55831034E+07   1.09233454E+07   2.58131708E+07   2.58131708E+07
   4.34000000E-02   2.87450466E+07   1.50797281E+07   1.50797281E+07   1.05325969E+07   2.49746433E+07   2.49746433E+07
   4.36000000E-02   2.78201060E+07   1.45919762E+07   1.45919762E+07   1.01563846E+07   2.41623747E+07   2.41623747E+07
   4.38000000E-02   2.69235345E+07   1.41193853E+07   1.41193853E+07   9.79412953E+06   2.33755788E+07   2.33755788E+07
   4.40000000E-02   2.60545213E+07   1.36615061E+07   1.36615061E+07   9.44527770E+06   2.26134919E+07   2.26134919E+07
   4.42000000E-02   2.52122761E+07   1.32179020E+07   1.32179020E+07   9.10929921E+06   2.18753717E+07   2.18753717E+07
   4.44000000E-02   2.43960288E+07   1.27881487E+07   1.27881487E+07   8.78568698E+06   2.11604974E+07   2.11604974E+07
   4.46000000E-02   2.36050292E+07   1.23718339E+07   1.23718339E+07   8.47395570E+06   2.04681682E+07   2.04681682E+07
   4.48000000E-02   2.28385463E+07   1.19685571E+07   1.19685571E+07   8.17364084E+06   1.97977039E+07   1.97977039E+07
   4.50000000E-02   2.20958684E+07   1.15779289E+07   1.15779289E+07   7.88429766E+06   1.91484434E+07   1.91484434E+07
   4.52000000E-02   2.13763022E+07   1.11995711E+07   1.11995711E+07   7.60550032E+06   1.85197446E+07   1.85197446E+07
   4.54000000E-02   2.06791727E+07   1.08331161E+07   1.08331161E+07   7.33684098E+06   1.79109839E+07   1.79109839E+07
   4.56000000E-02   2.00038225E+07   1.04782070E+07   1.04782070E+07   7.07792899E+06   1.73215556E+07   1.73215556E+07
   4.58000000E-02   1.93496118E+07   1.01344966E+07   1.01344966E+07   6.82839011E+06   1.67508715E+07   1.67508715E+07
   4.60000000E-02   1.87159180E+07   9.80164799E+06   9.80164799E+06   6.58786572E+06   1.61983602E+07   1.61983602E+07
   4.62000000E-02   1.81021349E+07   9.47933363E+06   9.47933363E+06   6.35601213E+06   1.56634671E+07   1.56634671E+07
   4.64000000E-02   1.75076727E+07   9.16723536E+06   9.16723536E+06   6.13249991E+06   1.51456534E+07   1.51456534E+07
   4.66000000E-02   1.69319575E+07   8.86504413E+06   8.86504413E+06   5.91701323E+06   1.46443961E+07   1.46443961E+07
   4.68000000E-02   1.63744311E+07   8.57245970E+06   8.57245970E+06   5.70924922E+06   1.41591874E+07   1.41591874E+07
   4.70000000E-02   1.58345503E+07   8.28919046E+06   8.28919046E+06   5.50891743E+06   1.36895343E+07   1.36895343E+07
   4.72000000E-02   1.53117870E+07   8.01495312E+06   8.01495312E+06   5.31573925E+06   1.32349580E+07   1.32349580E+07
   4.74000000E-02   1.48056274E+07   7.74947257E+06   7.74947257E+06   5.12944735E+06   1.27949940E+07   1.27949940E+07
   4.76000000E-02   1.43155719E+07   7.49248158E+06   7.49248158E+06   4.94978524E+06   1.23691911E+07   1.23691911E+07
   4.78000000E-02   1.38411349E+07   7.24372066E+06   7.24372066E+06   4.77650673E+06   1.19571116E+07   1.19571116E+07
   4.80000000E-02   1.33818442E+07   7.00293777E+06   7.00293777E+06   4.60937550E+06   1.15583305E+07   1.15583305E+07
   4.82000000E-02   1.29372407E+07   6.76988821E+06   6.76988821E+06   4.44816466E+06   1.11724353E+07   1.11724353E+07
   4.84000000E-02   1.25068782E+07   6.54433434E+06   6.54433434E+06   4.29265633E+06   1.07990259E+07   1.07990259E+07
   4.86000000E-02   1.20903232E+07   6.32604543E+06   6.32604543E+06   4.14264125E+06   1.04377138E+07   1.04377138E+07
   4.88000000E-02   1.16871542E+07   6.11479745E+06   6.11479745E+06   3.99791842E+06   1.00881220E+07   1.00881220E+07
   4.90000000E-02   1.12969618E+07   5.91037293E+06   5.91037293E+06   3.85829470E+06   9.74988488E+06   9.74988488E+06
   4.92000000E-02   1.09193482E+07   5.71256072E+06   5.71256072E+06   3.72358451E+06   9.42264743E+06   9.42264743E+06
   4.94000000E-02   1.05539269E+07   5.52115587E+06   5.52115587E+06   3.59360948E+06   9.10606540E+06   9.10606540E+06
   4.96000000E-02   1.02003225E+07   5.33595943E+06   5.33595943E+06   3.46819817E+06   8.79980474E+06   8.79980474E+06
   4.98000000E-02   9.85817033E+06   5.15677830E+06   5.15677830E+06   3.34718574E+06   8.50354139E+06   8.50354139E+06
   5.00000000E-02   9.52711629E+06   4.98342507E+06   4.98342507E+06   3.23041368E+06   8.21696098E+06   8.21696098E+06
   5.02000000E-02   9.20681646E+06   4.81571784E+06   4.81571784E+06   3.11772956E+06   7.93975858E+06   7.93975858E+06
   5.04000000E-02   8.89693692E+06   4.65348011E+06   4.65348011E+06   3.00898676E+06   7.67163842E+06   7.67163842E+06
   5.06000000E-02   8.59715342E+06   4.49654060E+06   4.49654060E+06   2.90404422E+06   7.41231364E+06   7.41231364E+06
   5.08000000E-02   8.30715121E+06   4.34473311E+06   4.34473311E+06   2.80276622E+06   7.16150600E+06   7.16150600E+06
   5.10000000E-02   8.02662472E+06   4.19789639E+06   4.19789639E+06   2.70502217E+06   6.91894570E+06   6.91894570E+06
   5.12000000E-02   7.75527734E+06   4.05587398E+06   4.05587398E+06   2.61068637E+06   6.68437107E+06   6.68437107E+06
   5.14000000E-02   7.49282122E+06   3.91851413E+06   3.91851413E+06   2.51963782E+06   6.45752841E+06   6.45752841E+06
   5.16000000E-02   7.23897696E+06   3.78566959E+06   3.78566959E+06   2.43176004E+06   6.23817169E+06   6.23817169E+06
   5.18000000E-02   6.99347347E+06   3.65719756E+06   3.65719756E+06   2.34694088E+06   6.02606238E+06   6.02606238E+06
   5.20000000E-02   6.75604766E+06   3.53295950E+06   3.53295950E+06   2.26507232E+06   5.82096921E+06   5.82096921E+06
   5.22000000E-02   6.52644430E+06   3.41282107E+06   3.41282107E+06   2.18605036E+06   5.62266798E+06   5.62266798E+06
   5.24000000E-02   6.30441577E+06   3.29665197E+06   3.29665197E+06   2.10977480E+06   5.43094135E+06   5.43094135E+06
   5.26000000E-02   6.08972185E+06   3.18432584E+06   3.18432584E+06   2.03614912E+06   5.24557863E+06   5.24557863E+06
   5.28000000E-02   5.88212952E+06   3.07572015E+06   3.07572015E+06   1.96508033E+06   5.06637558E+06   5.06637558E+06
   5.30000000E-02   5.68141277E+06   2.97071610E+06   2.97071610E+06   1.89647882E+06   4.89313427E+06   4.89313427E+06
   5.32000000E-02   5.48735241E+06   2.86919849E+06   2.86919849E+06   1.83025825E+06   4.72566284E+06   4.72566284E+06
   5.34000000E-02   5.29973587E+06   2.77105564E+06   2.77105564E+06   1.76633538E+06   4.56377536E+06   4.56377536E+06
   5.36000000E-02   5.11835701E+06   2.67617927E+06   2.67617927E+06   1.70463000E+06   4.40729164E+06   4.40729164E+06
   5.38000000E-02   4.94301595E+06   2.58446443E+06   2.58446443E+06   1.64506479E+06   4.25603706E+06   4.25603706E+06
   5.40000000E-02   4.77351891E+06   2.49580938E+06   2.49580938E+06   1.58756519E+06   4.10984244E+06   4.10984244E+06
   5.42000000E-02   4.60967802E+06   2.41011550E+06   2.41011550E+06   1.53205932E+06   3.96854381E+06   3.96854381E+06
   5.44000000E-02   4.45131113E+06   2.32728722E+06   2.32728722E+06   1.47847787E+06   3.83198235E+06   3.83198235E+06
   5.46000000E-02   4.29824170E+06   2.24723190E+06   2.24723190E+06   1.42675399E+06   3.70000414E+06   3.70000414E+06
   5.48000000E-02   4.15029860E+06   2.16985979E+06   2.16985979E+06   1.37682322E+06   3.57246011E+06   3.57246011E+06
   5.50000000E-02   4.00731598E+06   2.09508388E+06   2.09508388E+06   1.32862339E+06   3.44920581E+06   3.44920581E+06
   5.52000000E-02   3.86913309E+06   2.02281990E+06   2.02281990E+06   1.28209452E+06   3.33010134E+06   3.33010134E+06
   5.54000000E-02   3.73559416E+06   1.95298617E+06   1.95298617E+06   1.23717875E+06   3.21501117E+06   3.21501117E+06
   5.56000000E-02   3.60654826E+06   1.88550357E+06   1.88550357E+06   1.19382026E+06   3.10380403E+06   3.10380403E+06
   5.58000000E-02   3.48184912E+06   1.82029543E+06   1.82029543E+06   1.15196520E+06   2.99635280E+06   2.99635280E+06
   5.60000000E-02   3.36135504E+06   1.75728750E+06   1.75728750E+06   1.11156160E+06   2.89253434E+06   2.89253434E+06
   5.62000000E-02   3.24492874E+06   1.69640784E+06   1.69640784E+06   1.07255933E+06   2.79222941E+06   2.79222941E+06
   5.64000000E-02   3.13243722E+06   1.63758677E+06   1.63758677E+06   1.03491001E+06   2.69532254E+06   2.69532254E+06
   5.66000000E-02   3.02375164E+06   1.58075679E+06   1.58075679E+06   9.98566923E+05   2.60170190E+06   2.60170190E+06
   5.68000000E-02   2.91874723E+06   1.52585253E+06   1.52585253E+06   9.63485016E+05   2.51125922E+06   2.51125922E+06
   5.70000000E-02   2.81730309E+06   1.47281070E+06   1.47281070E+06   9.29620790E+05   2.42388968E+06   2.42388968E+06
   5.72000000E-02   2.71930218E+06   1.42156999E+06   1.42156999E+06   8.96932260E+05   2.33949177E+06   2.33949177E+06
   5.74000000E-02   2.62463113E+06   1.37207103E+06   1.37207103E+06   8.65378899E+05   2.25796722E+06   2.25796722E+06
   5.76000000E-02   2.53318014E+06   1.32425633E+06   1.32425633E+06   8.34921587E+05   2.17922092E+06   2.17922092E+06
   5.78000000E-02   2.44484292E+06   1.27807024E+06   1.27807024E+06   8.05522559E+05   2.10316076E+06   2.10316076E+06
   5.80000000E-02   2.35951651E+06   1.23345887E+06   1.23345887E+06   7.77145356E+05   2.02969760E+06   2.02969760E+06
   5.82000000E-02   2.27710127E+06   1.19037004E+06   1.19037004E+06   7.49754780E+05   1.95874516E+06   1.95874516E+06
   5.84000000E-02   2.19750069E+06   1.14875325E+06   1.14875325E+06   7.23316847E+05   1.89021992E+06   1.89021992E+06
   5.86000000E-02   2.12062136E+06   1.10855961E+06   1.10855961E+06   6.97798747E+05   1.82404104E+06   1.82404104E+06
   5.88000000E-02   2.04637285E+06   1.06974179E+06   1.06974179E+06   6.73168799E+05   1.76013029E+06   1.76013029E+06
   5.90000000E-02   1.97466763E+06   1.03225398E+06   1.03225398E+06   6.49396415E+05   1.69841197E+06   1.69841197E+06
   5.92000000E-02   1.90542097E+06   9.96051839E+05   9.96051839E+05   6.26452057E+05   1.63881281E+06   1.63881281E+06
   5.94000000E-02   1.83855087E+06   9.61092458E+05   9.61092458E+05   6.04307205E+05   1.58126191E+06   1.58126191E+06
   5.96000000E-02   1.77397794E+06   9.27334307E+05   9.27334307E+05   5.82934315E+05   1.52569067E+06   1.52569067E+06
   5.98000000E-02   1.71162538E+06   8.94737196E+05   8.94737196E+05   5.62306794E+05   1.47203272E+06   1.47203272E+06
   6.00000000E-02   1.65141886E+06   8.63262236E+05   8.63262236E+05   5.42398957E+05   1.42022382E+06   1.42022382E+06
   6.02000000E-02   1.59328644E+06   8.32871795E+05   8.32871795E+05   5.23186001E+05   1.37020185E+06   1.37020185E+06
   6.04000000E-02   1.53715853E+06   8.03529461E+05   8.03529461E+05   5.04643976E+05   1.32190668E+06   1.32190668E+06
   6.06000000E-02   1.48296777E+06   7.75200005E+05   7.75200005E+05   4.86749748E+05   1.27528018E+06   1.27528018E+06
   6.08000000E-02   1.43064901E+06   7.47849343E+05   7.47849343E+05   4.69480979E+05   1.23026607E+06   1.23026607E+06
   6.10000000E-02   1.38013922E+06   7.21444501E+05   7.21444501E+05   4.52816095E+05   1.18680996E+06   1.18680996E+06
   6.12000000E-02   1.33137739E+06   6.95953580E+05   6.95953580E+05   4.36734259E+05   1.14485919E+06   1.14485919E+06
   6.14000000E-02   1.28430455E+06   6.71345723E+05   6.71345723E+05   4.21215349E+05   1.10436286E+06   1.10436286E+06
   6.16000000E-02   1.23886363E+06   6.47591082E+05   6.47591082E+05   4.06239930E+05   1.06527174E+06   1.06527174E+06
   6.18000000E-02   1.19499941E+06   6.24660787E+05   6.24660787E+05   3.91789233E+05   1.02753819E+06   1.02753819E+06
   6.20000000E-02   1.15265851E+06   6.02526914E+05   6.02526914E+05   3.77845130E+05   9.91116161E+05   9.91116161E+05
   6.22000000E-02   1.11178929E+06   5.81162455E+05   5.81162455E+05   3.64390113E+05   9.55961119E+05   9.55961119E+05
   6.24000000E-02   1.07234181E+06   5.60541294E+05   5.60541294E+05   3.51407273E+05   9.22029991E+05   9.22029991E+05
   6.26000000E-02   1.03426776E+06   5.40638170E+05   5.40638170E+05   3.38880280E+05   8.89281130E+05   8.89281130E+05
   6.28000000E-02   9.97520440E+05   5.21428660E+05   5.21428660E+05   3.26793360E+05   8.57674267E+05   8.57674267E+05
   6.30000000E-02   9.62054680E+05   5.02889142E+05   5.02889142E+05   3.15131281E+05   8.27170466E+05   8.27170466E+05
   6.32000000E-02   9.27826807E+05   4.84996781E+05   4.84996781E+05   3.03879332E+05   7.97732079E+05   7.97732079E+05
   6.34000000E-02   8.94794590E+05   4.67729492E+05   4.67729492E+05   2.93023302E+05   7.69322710E+05   7.69322710E+05
   6.36000000E-02   8.62917199E+05   4.51065927E+05   4.51065927E+05   2.82549469E+05   7.41907173E+05   7.41907173E+05
   6.38000000E-02   8.32155158E+05   4.34985444E+05   4.34985444E+05   2.72444580E+05   7.15451449E+05   7.15451449E+05
   6.40000000E-02   8.02470302E+05   4.19468087E+05   4.19468087E+05   2.62695835E+05   6.89922657E+05   6.89922657E+05
   6.42000000E-02   7.73825736E+05   4.04494565E+05   4.04494565E+05   2.53290872E+05   6.65289008E+05   6.65289008E+05
   6.44000000E-02   7.46185794E+05   3.90046229E+05   3.90046229E+05   2.44217752E+05   6.41519777E+05   6.41519777E+05
   6.46000000E-02   7.19515997E+05   3.76105053E+05   3.76105053E+05   2.35464946E+05   6.18585265E+05   6.18585265E+05
   6.48000000E-02   6.93783020E+05   3.62653612E+05   3.62653612E+05   2.27021318E+05   5.96456768E+05   5.96456768E+05
   6.50000000E-02   6.68954650E+05   3.49675064E+05   3.49675064E+05   2.18876116E+05   5.75106541E+05   5.75106541E+05
   6.52000000E-02   6.44999752E+05   3.37153131E+05   3.37153131E+05   2.11018955E+05   5.54507772E+05   5.54507772E+05
   6.54000000E-02   6.21888237E+05   3.25072080E+05   3.25072080E+05   2.03439805E+05   5.34634550E+05   5.34634550E+05
   6.56000000E-02   5.99591021E+05   3.13416708E+05   3.13416708E+05   1.96128981E+05   5.15461831E+05   5.15461831E+05
   6.58000000E-02   5.78080002E+05   3.02172321E+05   3.02172321E+05   1.89077131E+05   4.96965419E+05   4.96965419E+05
   6.60000000E-02   5.57328018E+05   2.91324719E+05   2.91324719E+05   1.82275224E+05   4.79121929E+05   4.79121929E+05
   6.62000000E-02   5.37308824E+05   2.80860182E+05   2.80860182E+05   1.75714538E+05   4.61908767E+05   4.61908767E+05
   6.64000000E-02   5.17997061E+05   2.70765450E+05   2.70765450E+05   1.69386650E+05   4.45304101E+05   4.45304101E+05
   6.66000000E-02   4.99368223E+05   2.61027714E+05   2.61027714E+05   1.63283429E+05   4.29286837E+05   4.29286837E+05
   6.68000000E-02   4.81398632E+05   2.51634593E+05   2.51634593E+05   1.57397021E+05   4.13836596E+05   4.13836596E+05
   6.70000000E-02   4.64065414E+05   2.42574131E+05   2.42574131E+05   1.51719843E+05   3.98933687E+05   3.98933687E+05
   6.72000000E-02   4.47346466E+05   2.33834771E+05   2.33834771E+05   1.46244575E+05   3.84559087E+05   3.84559087E+05
   6.74000000E-02   4.31220436E+05   2.25405351E+05   2.25405351E+05   1.40964145E+05   3.70694422E+05   3.70694422E+05
   6.76000000E-02   4.15666695E+05   2.17275088E+05   2.17275088E+05   1.35871728E+05   3.57321938E+05   3.57321938E+05
   6.78000000E-02   4.00665317E+05   2.09433564E+05   2.09433564E+05   1.30960733E+05   3.44424487E+05   3.44424487E+05
   6.80000000E-02   3.86197051E+05   2.01870715E+05   2.01870715E+05   1.26224796E+05   3.31985505E+05   3.31985505E+05
   6.82000000E-02   3.72243303E+05   1.94576822E+05   1.94576822E+05   1.21657774E+05   3.19988992E+05   3.19988992E+05
   6.84000000E-02   3.58786113E+05   1.87542495E+05   1.87542495E+05   1.17253733E+05   3.08419494E+05   3.08419494E+05
   6.86000000E-02   3.45808132E+05   1.80758665E+05   1.80758665E+05   1.13006947E+05   2.97262085E+05   2.97262085E+05
   6.88000000E-02   3.33292605E+05   1.74216574E+05   1.74216574E+05   1.08911887E+05   2.86502349E+05   2.86502349E+05
   6.90000000E-02   3.21223348E+05   1.67907760E+05   1.67907760E+05   1.04963215E+05   2.76126362E+05   2.76126362E+05
   6.92000000E-02   3.09584733E+05   1.61824055E+05   1.61824055E+05   1.01155777E+05   2.66120680E+05   2.66120680E+05
   6.94000000E-02   2.98361666E+05   1.55957567E+05   1.55957567E+05   9.74845992E+04   2.56472318E+05   2.56472318E+05
   6.96000000E-02   2.87539569E+05   1.50300677E+05   1.50300677E+05   9.39448781E+04   2.47168735E+05   2.47168735E+05
   6.98000000E-02   2.77104368E+05   1.44846027E+05   1.44846027E+05   9.05319780E+04   2.38197824E+05   2.38197824E+05
   7.00000000E-02   2.67042469E+05   1.39586511E+05   1.39586511E+05   8.72414235E+04   2.29547892E+05   2.29547892E+05
   7.02000000E-02   2.57340747E+05   1.34515268E+05   1.34515268E+05   8.40688946E+04   2.21207650E+05   2.21207650E+05
   7.04000000E-02   2.47986529E+05   1.29625674E+05   1.29625674E+05   8.10102213E+04   2.13166196E+05   2.13166196E+05
   7.06000000E-02   2.38967577E+05   1.24911330E+05   1.24911330E+05   7.80613784E+04   2.05413006E+05   2.05413006E+05
   7.08000000E-02   2.30272077E+05   1.20366062E+05   1.20366062E+05   7.52184809E+04   1.97937917E+05   1.97937917E+05
   7.10000000E-02   2.21888623E+05   1.15983907E+05   1.15983907E+05   7.24777786E+04   1.90731118E+05   1.90731118E+05
   7.12000000E-02   2.13806200E+05   1.11759106E+05   1.11759106E+05   6.98356522E+04   1.83783139E+05   1.83783139E+05
   7.14000000E-02   2.06014177E+05   1.07686104E+05   1.07686104E+05   6.72886081E+04   1.77084834E+05   1.77084834E+05
   7.16000000E-02   1.98502289E+05   1.03759534E+05   1.03759534E+05   6.48332748E+04   1.70627377E+05   1.70627377E+05
   7.18000000E-02   1.91260628E+05   9.99742165E+04   9.99742165E+04   6.24663983E+04   1.64402246E+05   1.64402246E+05
   7.20000000E-02   1.84279629E+05   9.63251520E+04   9.63251520E+04   6.01848379E+04   1.58401215E+05   1.58401215E+05
   7.22000000E-02   1.77550059E+05   9.28075138E+04   9.28075138E+04   5.79855629E+04   1.52616345E+05   1.52616345E+05
   7.24000000E-02   1.71063005E+05   8.94166434E+04   8.94166434E+04   5.58656484E+04   1.47039971E+05   1.47039971E+05
   7.26000000E-02   1.64809866E+05   8.61480438E+04   8.61480438E+04   5.38222717E+04   1.41664695E+05   1.41664695E+05
   7.28000000E-02   1.58782336E+05   8.29973747E+04   8.29973747E+04   5.18527090E+04   1.36483379E+05   1.36483379E+05
   7.30000000E-02   1.52972404E+05   7.99604471E+04   7.99604471E+04   4.99543317E+04   1.31489129E+05   1.31489129E+05
   7.32000000E-02   1.47372333E+05   7.70332177E+04   7.70332177E+04   4.81246035E+04   1.26675297E+05   1.26675297E+05
   7.34000000E-02   1.41974660E+05   7.42117845E+04   7.42117845E+04   4.63610767E+04   1.22035462E+05   1.22035462E+05
   7.36000000E-02   1.36772179E+05   7.14923816E+04   7.14923816E+04   4.46613899E+04   1.17563430E+05   1.17563430E+05
   7.38000000E-02   1.31757938E+05   6.88713748E+04   6.88713748E+04   4.30232641E+04   1.13253223E+05   1.13253223E+05
   7.40000000E-02   1.26925228E+05   6.63452569E+04   6.63452569E+04   4.14445008E+04   1.09099072E+05   1.09099072E+05
   7.42000000E-02   1.22267574E+05   6.39106435E+04   6.39106435E+04   3.99229784E+04   1.05095409E+05   1.05095409E+05
   7.44000000E-02   1.17778728E+05   6.15642687E+04   6.15642687E+04   3.84566503E+04   1.01236865E+05   1.01236865E+05
   7.46000000E-02   1.13452662E+05   5.93029812E+04   5.93029812E+04   3.70435415E+04   9.75182533E+04   9.75182533E+04
   7.48000000E-02   1.09283559E+05   5.71237402E+04   5.71237402E+04   3.56817468E+04   9.39345741E+04   9.39345741E+04
   7.50000000E-02   1.05265805E+05   5.50236117E+04   5.50236117E+04   3.43694282E+04   9.04810010E+04   9.04810010E+04
   7.52000000E-02   1.01393984E+05   5.29997647E+04   5.29997647E+04   3.31048124E+04   8.71528778E+04   8.71528778E+04
   7.54000000E-02   9.76628716E+04   5.10494679E+04   5.10494679E+04   3.18861886E+04   8.39457119E+04   8.39457119E+04
   7.56000000E-02   9.40674261E+04   4.91700860E+04   4.91700860E+04   3.07119066E+04   8.08551691E+04   8.08551691E+04
   7.58000000E-02   9.06027837E+04   4.73590766E+04   4.73590766E+04   2.95803743E+04   7.78770676E+04   7.78770676E+04
   7.60000000E-02   8.72642520E+04   4.56139870E+04   4.56139870E+04   2.84900560E+04   7.50073734E+04   7.50073734E+04
   7.62000000E-02   8.40473040E+04   4.39324508E+04   4.39324508E+04   2.74394704E+04   7.22421945E+04   7.22421945E+04
   7.64000000E-02   8.09475727E+04   4.23121854E+04   4.23121854E+04   2.64271884E+04   6.95777766E+04   6.95777766E+04
   7.66000000E-02   7.79608454E+04   4.07509885E+04   4.07509885E+04   2.54518317E+04   6.70104977E+04   6.70104977E+04
   7.68000000E-02   7.50830580E+04   3.92467360E+04   3.92467360E+04   2.45120708E+04   6.45368643E+04   6.45368643E+04
   7.70000000E-02   7.23102906E+04   3.77973787E+04   3.77973787E+04   2.36066234E+04   6.21535063E+04   6.21535063E+04
   7.72000000E-02   6.96387619E+04   3.64009402E+04   3.64009402E+04   2.27342527E+04   5.98571729E+04   5.98571729E+04
   7.74000000E-02   6.70648244E+04   3.50555139E+04   3.50555139E+04   2.18937657E+04   5.76447287E+04   5.76447287E+04
   7.76000000E-02   6.45849603E+04   3.37592609E+04   3.37592609E+04   2.10840119E+04   5.55131492E+04   5.55131492E+04
   7.78000000E-02   6.21957764E+04   3.25104075E+04   3.25104075E+04   2.03038817E+04   5.34595175E+04   5.34595175E+04
   7.80000000E-02   5.98939999E+04   3.13072430E+04   3.13072430E+04   1.95523050E+04   5.14810201E+04   5.14810201E+04
   7.82000000E-02   5.76764744E+04   3.01481176E+04   3.01481176E+04   1.88282497E+04   4.95749437E+04   4.95749437E+04
   7.84000000E-02   5.55401557E+04   2.90314400E+04   2.90314400E+04   1.81307205E+04   4.77386712E+04   4.77386712E+04
   7.86000000E-02   5.34821080E+04   2.79556755E+04   2.79556755E+04   1.74587577E+04   4.59696788E+04   4.59696788E+04
   7.88000000E-02   5.14994999E+04   2.69193442E+04   2.69193442E+04   1.68114356E+04   4.42655327E+04   4.42655327E+04
   7.90000000E-02   4.95896008E+04   2.59210188E+04   2.59210188E+04   1.61878617E+04   4.26238855E+04   4.26238855E+04
   7.92000000E-02   4.77497778E+04   2.49593229E+04   2.49593229E+04   1.55871754E+04   4.10424738E+04   4.10424738E+04
   7.94000000E-02   4.59774916E+04   2.40329294E+04   2.40329294E+04   1.50085468E+04   3.95191148E+04   3.95191148E+04
   7.96000000E-02   4.42702937E+04   2.31405582E+04   2.31405582E+04   1.44511755E+04   3.80517037E+04   3.80517037E+04
   7.98000000E-02   4.26258229E+04   2.22809753E+04   2.22809753E+04   1.39142900E+04   3.66382109E+04   3.66382109E+04
   8.00000000E-02   4.10418028E+04   2.14529906E+04   2.14529906E+04   1.33971463E+04   3.52766793E+04   3.52766793E+04
   8.02000000E-02   3.95160379E+04   2.06554566E+04   2.06554566E+04   1.28990270E+04   3.39652218E+04   3.39652218E+04
   8.04000000E-02   3.80464117E+04   1.98872670E+04   1.98872670E+04   1.24192405E+04   3.27020191E+04   3.27020191E+04
   8.06000000E-02   3.66308834E+04   1.91473549E+04   1.91473549E+04   1.19571199E+04   3.14853167E+04   3.14853167E+04
   8.08000000E-02   3.52674852E+04   1.84346918E+04   1.84346918E+04   1.15120224E+04   3.03134233E+04   3.03134233E+04
   8.10000000E-02   3.39543200E+04   1.77482861E+04   1.77482861E+04   1.10833281E+04   2.91847080E+04   2.91847080E+04
   8.12000000E-02   3.26895588E+04   1.70871817E+04   1.70871817E+04   1.06704395E+04   2.80975986E+04   2.80975986E+04
   8.14000000E-02   3.14714382E+04   1.64504568E+04   1.64504568E+04   1.02727804E+04   2.70505794E+04   2.70505794E+04
   8.16000000E-02   3.02982581E+04   1.58372229E+04   1.58372229E+04   9.88979552E+03   2.60421890E+04   2.60421890E+04
   8.18000000E-02   2.91683797E+04   1.52466232E+04   1.52466232E+04   9.52094946E+03   2.50710186E+04   2.50710186E+04
   8.20000000E-02   2.80802231E+04   1.46778320E+04   1.46778320E+04   9.16572613E+03   2.41357102E+04   2.41357102E+04
   8.22000000E-02   2.70322650E+04   1.41300530E+04   1.41300530E+04   8.82362801E+03   2.32349545E+04   2.32349545E+04
   8.24000000E-02   2.60230374E+04   1.36025189E+04   1.36025189E+04   8.49417552E+03   2.23674895E+04   2.23674895E+04
   8.26000000E-02   2.50511250E+04   1.30944897E+04   1.30944897E+04   8.17690638E+03   2.15320986E+04   2.15320986E+04
   8.28000000E-02   2.41151633E+04   1.26052525E+04   1.26052525E+04   7.87137500E+03   2.07276091E+04   2.07276091E+04
   8.30000000E-02   2.32138375E+04   1.21341198E+04   1.21341198E+04   7.57715188E+03   1.99528907E+04   1.99528907E+04
   8.32000000E-02   2.23458799E+04   1.16804291E+04   1.16804291E+04   7.29382302E+03   1.92068537E+04   1.92068537E+04
   8.34000000E-02   2.15100688E+04   1.12435417E+04   1.12435417E+04   7.02098940E+03   1.84884480E+04   1.84884480E+04
   8.36000000E-02   2.07052265E+04   1.08228420E+04   1.08228420E+04   6.75826642E+03   1.77966614E+04   1.77966614E+04
   8.38000000E-02   1.99302180E+04   1.04177367E+04   1.04177367E+04   6.50528342E+03   1.71305181E+04   1.71305181E+04
   8.40000000E-02   1.91839494E+04   1.00276541E+04   1.00276541E+04   6.26168314E+03   1.64890779E+04   1.64890779E+04
   8.42000000E-02   1.84653663E+04   9.65204303E+03   9.65204303E+03   6.02712127E+03   1.58714345E+04   1.58714345E+04
   8.44000000E-02   1.77734525E+04   9.29037229E+03   9.29037229E+03   5.80126598E+03   1.52767145E+04   1.52767145E+04
   8.46000000E-02   1.71072287E+04   8.94212999E+03   8.94212999E+03   5.58379748E+03   1.47040760E+04   1.47040760E+04
   8.48000000E-02   1.64657511E+04   8.60682281E+03   8.60682281E+03   5.37440756E+03   1.41527077E+04   1.41527077E+04
   8.50000000E-02   1.58481101E+04   8.28397529E+03   8.28397529E+03   5.17279923E+03   1.36218280E+04   1.36218280E+04
   8.52000000E-02   1.52534293E+04   7.97312927E+03   7.97312927E+03   4.97868627E+03   1.31106833E+04   1.31106833E+04
   8.54000000E-02   1.46808639E+04   7.67384323E+03   7.67384323E+03   4.79179288E+03   1.26185476E+04   1.26185476E+04
   8.56000000E-02   1.41295999E+04   7.38569166E+03   7.38569166E+03   4.61185326E+03   1.21447212E+04   1.21447212E+04
   8.58000000E-02   1.35988529E+04   7.10826457E+03   7.10826457E+03   4.43861131E+03   1.16885300E+04   1.16885300E+04
   8.60000000E-02   1.30878671E+04   6.84116685E+03   6.84116685E+03   4.27182023E+03   1.12493241E+04   1.12493241E+04
   8.62000000E-02   1.25959142E+04   6.58401782E+03   6.58401782E+03   4.11124222E+03   1.08264776E+04   1.08264776E+04
   8.64000000E-02   1.21222923E+04   6.33645061E+03   6.33645061E+03   3.95664814E+03   1.04193872E+04   1.04193872E+04
   8.66000000E-02   1.16663252E+04   6.09811176E+03   6.09811176E+03   3.80781721E+03   1.00274717E+04   1.00274717E+04
   8.68000000E-02   1.12273613E+04   5.86866069E+03   5.86866069E+03   3.66453670E+03   9.65017102E+03   9.65017102E+03
   8.70000000E-02   1.08047729E+04   5.64776923E+03   5.64776923E+03   3.52660163E+03   9.28694555E+03   9.28694555E+03
   8.72000000E-02   1.03979550E+04   5.43512121E+03   5.43512121E+03   3.39381453E+03   8.93727534E+03   8.93727534E+03
   8.74000000E-02   1.00063249E+04   5.23041198E+03   5.23041198E+03   3.26598512E+03   8.60065947E+03   8.60065947E+03
   8.76000000E-02   9.62932103E+03   5.03334805E+03   5.03334805E+03   3.14293008E+03   8.27661530E+03   8.27661530E+03
   8.78000000E-02   9.26640240E+03   4.84364663E+03   4.84364663E+03   3.02447281E+03   7.96467782E+03   7.96467782E+03
   8.80000000E-02   8.91704785E+03   4.66103529E+03   4.66103529E+03   2.91044315E+03   7.66439906E+03   7.66439906E+03
   8.82000000E-02   8.58075523E+03   4.48525158E+03   4.48525158E+03   2.80067717E+03   7.37534741E+03   7.37534741E+03
   8.84000000E-02   8.25704082E+03   4.31604262E+03   4.31604262E+03   2.69501695E+03   7.09710709E+03   7.09710709E+03
   8.86000000E-02   7.94543859E+03   4.15316483E+03   4.15316483E+03   2.59331037E+03   6.82927754E+03   6.82927754E+03
   8.88000000E-02   7.64549960E+03   3.99638354E+03   3.99638354E+03   2.49541085E+03   6.57147286E+03   6.57147286E+03
   8.90000000E-02   7.35679137E+03   3.84547268E+03   3.84547268E+03   2.40117721E+03   6.32332133E+03   6.32332133E+03
   8.92000000E-02   7.07889727E+03   3.70021449E+03   3.70021449E+03   2.31047346E+03   6.08446484E+03   6.08446484E+03
   8.94000000E-02   6.81141597E+03   3.56039919E+03   3.56039919E+03   2.22316857E+03   5.85455844E+03   5.85455844E+03
   8.96000000E-02   6.55396089E+03   3.42582468E+03   3.42582468E+03   2.13913635E+03   5.63326984E+03   5.63326984E+03
   8.98000000E-02   6.30615962E+03   3.29629634E+03   3.29629634E+03   2.05825522E+03   5.42027894E+03   5.42027894E+03
   9.00000000E-02   6.06765346E+03   3.17162664E+03   3.17162664E+03   1.98040811E+03   5.21527744E+03   5.21527744E+03
   9.02000000E-02   5.83809689E+03   3.05163499E+03   3.05163499E+03   1.90548220E+03   5.01796834E+03   5.01796834E+03
   9.04000000E-02   5.61715711E+03   2.93614742E+03   2.93614742E+03   1.83336887E+03   4.82806559E+03   4.82806559E+03
   9.06000000E-02   5.40451354E+03   2.82499638E+03   2.82499638E+03   1.76396348E+03   4.64529365E+03   4.64529365E+03
   9.08000000E-02   5.19985745E+03   2.71802047E+03   2.71802047E+03   1.69716523E+03   4.46938714E+03   4.46938714E+03
   9.10000000E-02   5.00289143E+03   2.61506425E+03   2.61506425E+03   1.63287706E+03   4.30009045E+03   4.30009045E+03
   9.12000000E-02   4.81332907E+03   2.51597800E+03   2.51597800E+03   1.57100546E+03   4.13715738E+03   4.13715738E+03
   9.14000000E-02   4.63089451E+03   2.42061752E+03   2.42061752E+03   1.51146038E+03   3.98035083E+03   3.98035083E+03
   9.16000000E-02   4.45532205E+03   2.32884394E+03   2.32884394E+03   1.45415511E+03   3.82944243E+03   3.82944243E+03
   9.18000000E-02   4.28635581E+03   2.24052350E+03   2.24052350E+03   1.39900611E+03   3.68421224E+03   3.68421224E+03
   9.20000000E-02   4.12374937E+03   2.15552739E+03   2.15552739E+03   1.34593295E+03   3.54444844E+03   3.54444844E+03
   9.22000000E-02   3.96726537E+03   2.07373155E+03   2.07373155E+03   1.29485815E+03   3.40994704E+03   3.40994704E+03
   9.24000000E-02   3.81667527E+03   1.99501651E+03   1.99501651E+03   1.24570710E+03   3.28051157E+03   3.28051157E+03
   9.26000000E-02   3.67175894E+03   1.91926721E+03   1.91926721E+03   1.19840797E+03   3.15595285E+03   3.15595285E+03
   9.28000000E-02   3.53230442E+03   1.84637286E+03   1.84637286E+03   1.15289155E+03   3.03608868E+03   3.03608868E+03
   9.30000000E-02   3.39810757E+03   1.77622674E+03   1.77622674E+03   1.10909121E+03   2.92074359E+03   2.92074359E+03
   9.32000000E-02   3.26897181E+03   1.70872612E+03   1.70872612E+03   1.06694280E+03   2.80974864E+03   2.80974864E+03
   9.34000000E-02   3.14470786E+03   1.64377204E+03   1.64377204E+03   1.02638452E+03   2.70294112E+03   2.70294112E+03
   9.36000000E-02   3.02513343E+03   1.58126922E+03   1.58126922E+03   9.87356872E+02   2.60016435E+03   2.60016435E+03
   9.38000000E-02   2.91007299E+03   1.52112591E+03   1.52112591E+03   9.49802570E+02   2.50126746E+03   2.50126746E+03
   9.40000000E-02   2.79935754E+03   1.46325377E+03   1.46325377E+03   9.13666441E+02   2.40610517E+03   2.40610517E+03
   9.42000000E-02   2.69282431E+03   1.40756773E+03   1.40756773E+03   8.78895364E+02   2.31453761E+03   2.31453761E+03
   9.44000000E-02   2.59031660E+03   1.35398587E+03   1.35398587E+03   8.45438189E+02   2.22643007E+03   2.22643007E+03
   9.46000000E-02   2.49168353E+03   1.30242931E+03   1.30242931E+03   8.13245663E+02   2.14165287E+03   2.14165287E+03
   9.48000000E-02   2.39677980E+03   1.25282213E+03   1.25282213E+03   7.82270365E+02   2.06008112E+03   2.06008112E+03
   9.50000000E-02   2.30546553E+03   1.20509119E+03   1.20509119E+03   7.52466636E+02   1.98159459E+03   1.98159459E+03
   9.52000000E-02   2.21760602E+03   1.15916610E+03   1.15916610E+03   7.23790512E+02   1.90607750E+03   1.90607750E+03
   9.54000000E-02   2.13307160E+03   1.11497907E+03   1.11497907E+03   6.96199665E+02   1.83341841E+03   1.83341841E+03
   9.56000000E-02   2.05173741E+03   1.07246483E+03   1.07246483E+03   6.69653343E+02   1.76350998E+03   1.76350998E+03
   9.58000000E-02   1.97348324E+03   1.03156055E+03   1.03156055E+03   6.44112310E+02   1.69624889E+03   1.69624889E+03
   9.60000000E-02   1.89819337E+03   9.92205731E+02   9.92205731E+02   6.19538790E+02   1.63153568E+03   1.63153568E+03
   9.62000000E-02   1.82575635E+03   9.54342137E+02   9.54342137E+02   5.95896414E+02   1.56927457E+03   1.56927457E+03
   9.64000000E-02   1.75606493E+03   9.17913694E+02   9.17913694E+02   5.73150169E+02   1.50937335E+03   1.50937335E+03
   9.66000000E-02   1.68901582E+03   8.82866418E+02   8.82866418E+02   5.51266348E+02   1.45174325E+03   1.45174325E+03
   9.68000000E-02   1.62450961E+03   8.49148340E+02   8.49148340E+02   5.30212498E+02   1.39629884E+03   1.39629884E+03
   9.70000000E-02   1.56245058E+03   8.16709430E+02   8.16709430E+02   5.09957379E+02   1.34295782E+03   1.34295782E+03
   9.72000000E-02   1.50274659E+03   7.85501523E+02   7.85501523E+02   4.90470917E+02   1.29164102E+03   1.29164102E+03
   9.74000000E-02   1.44530894E+03   7.55478255E+02   7.55478255E+02   4.71724159E+02   1.24227218E+03   1.24227218E+03
   9.76000000E-02   1.39005223E+03   7.26594991E+02   7.26594991E+02   4.53689234E+02   1.19477791E+03   1.19477791E+03
   9.78000000E-02   1.33689428E+03   6.98808764E+02   6.98808764E+02   4.36339315E+02   1.14908755E+03   1.14908755E+03
   9.80000000E-02   1.28575594E+03   6.72078214E+02   6.72078214E+02   4.19648572E+02   1.10513310E+03   1.10513310E+03
   9.82000000E-02   1.23656105E+03   6.46363526E+02   6.46363526E+02   4.03592146E+02   1.06284909E+03   1.06284909E+03
   9.84000000E-02   1.18923629E+03   6.21626374E+02   6.21626374E+02   3.88146105E+02   1.02217250E+03   1.02217250E+03
   9.86000000E-02   1.14371108E+03   5.97829868E+02   5.97829868E+02   3.73287414E+02   9.83042654E+02   9.83042654E+02
   9.88000000E-02   1.09991749E+03   5.74938496E+02   5.74938496E+02   3.58993899E+02   9.45401173E+02   9.45401173E+02
   9.90000000E-02   1.05779013E+03   5.52918078E+02   5.52918078E+02   3.45244216E+02   9.09191848E+02   9.09191848E+02
   9.92000000E-02   1.01726605E+03   5.31735713E+02   5.31735713E+02   3.32017822E+02   8.74360577E+02   8.74360577E+02
   9.94000000E-02   9.78284669E+02   5.11359733E+02   5.11359733E+02   3.19294944E+02   8.40855289E+02   8.40855289E+02
   9.96000000E-02   9.40787673E+02   4.91759657E+02   4.91759657E+02   3.07056547E+02   8.08625861E+02   8.08625861E+02
   9.98000000E-02   9.04718937E+02   4.72906148E+02   4.72906148E+02   2.95284313E+02   7.77624052E+02   7.77624052E+02
   1.00000000E-01   8.70024440E+02   4.54770967E+02   4.54770967E+02   2.83960610E+02   7.47803429E+02   7.47803429E+02