channel                 nue_Ar40             nuebar_Ar40                      nc                       e
E                                                                                                       
0.000749                       0                       0                       0             0.002981529
0.001246                       0                       0                       0              0.01413936
0.001744                       0                       0                       0              0.03790617
0.002241                       0                       0                       0              0.07697486
0.002739                       0                       0                       0              0.13268793
0.003236                0.220734                       0                       0                0.205115
0.003734                 0.59919                       0                       0               0.2934752
0.004231                 1.10176                       0                       0               0.3962665
0.004729                  1.9227                       0                       0               0.5114685
0.005226                 2.94267                       0                       0               0.6369042
0.005724                 4.26348                       0                       0               0.7699784
0.006221                  5.9278                       0                       0               0.9084762
0.006719                 7.97639                       0                       0               1.0496668
0.007216                  10.528                       0                       0               1.1916837
0.007714                 13.7044                       0                       0                1.331939
0.008211                 17.5746                       0               -0.685867                1.469103
0.008709                 22.1532                       0              -0.3241835                1.600883
0.009206                  27.458                       0               0.2215771                1.726535
0.009704                 33.4817                       0                0.961473                1.844139
0.010200                 40.2262                       0                1.900674                1.953498
0.010700                 47.7098                       0                3.039095                2.053076
0.011200                 56.0995                       0                4.373799                 2.14311
0.011690                 65.5282                       0                5.895598                2.222529
0.012190                 76.1407                       0                 7.59539                  2.2918
0.012690                 87.8856                       0                 9.45716                2.350312
0.013190                 100.553                       0                11.46611                2.398658
0.013680                 113.887                       0                13.60252                2.436631
0.014180                 127.664                       0                15.84835                2.464879
0.014680                  141.64                       0                18.18129                2.483509
0.015180                 155.613                       0                 20.5826                2.493181
0.015670                 169.372                       0                23.04948                2.494238
0.016170                  182.77                 0.86671                25.60607                2.487328
0.016670                 195.722                 1.09054                28.27142                2.472916
0.017170                 208.162                 1.39172                31.05893                2.451653
0.017660                 220.029                 1.68459                33.97293                2.424075
0.018160                 231.271                 1.97825                37.01441                2.390782
0.018660                  241.85                 2.32829                40.18094                2.352345
0.019160                 251.724                 2.74556                43.45997                2.309323
0.019650                 260.868                 3.14367                46.83981                2.262262
0.020150                 269.258                 3.53092                50.30553                2.211686
0.020650                 276.857                 3.97711                 53.8355                2.158099
0.021150                 283.638                 4.46571                57.41522                2.101975
0.021640                 289.583                 4.95963                61.02441                2.043755
0.022140                 294.687                   5.456                64.64661                1.983879
0.022640                  298.94                 5.96336                 68.2536                1.922702
0.023140                  302.36                 6.50024                 71.8282                1.860641
0.023630                 304.951                 7.06011                 75.3459                1.797957
0.024130                 306.745                 7.59806                 78.7887                1.735049
0.024630                  307.75                 8.10427                   82.13                1.672081
0.025130                 308.032                 8.63227                 85.3556                1.609437
0.025620                 307.611                 9.20969                 88.4371                1.547194
0.026120                 306.576                 9.78648                 91.3782                1.485723
0.026620                 304.927                 10.3008                  94.138                1.425011
0.027120                 302.758                 10.7617                 96.7264               1.3654278
0.027610                 300.061                 11.2173                 99.1094               1.3068804
0.028110                 296.935                 11.6922                101.3043               1.2497273
0.028610                 293.359                 12.1384                103.2727               1.1938143
0.029110                 289.434                  12.515                105.0367               1.1394909
0.029600                 285.135                 12.8223                106.5707               1.0865438
0.030100                 280.564                 13.1133                107.8955                1.035319
0.030600                  275.68                 13.4234                108.9783               0.9855587
0.031100                 270.592                 13.7488                109.8495               0.9375894
0.031590                 265.254                  14.042                110.4747               0.8911449
0.032090                 259.764                 14.2735                110.8867               0.8464954
0.032590                 254.083                 14.4376                111.0591               0.8034021
0.033090                 248.299                 14.5557                111.0256               0.7620754
0.033580                 242.376                 14.6382                 110.764               0.7223041
0.034080                 236.394                 14.6993                110.3131               0.6842471
0.034580                 230.322                 14.7403                109.6541               0.6477202
0.035080                 224.223                 14.7673                108.8179               0.6128351
0.035570                 218.074                 14.7777                 107.795               0.5794351
0.036070                 211.935                 14.7685                106.6253               0.5475926
0.036570                 205.781                 14.7287                105.2958               0.5171751
0.037070                 199.662                 14.6581                103.8432               0.4882204
0.037560                 193.562                 14.5525                102.2613                0.460621
0.038060                 187.517                 14.4147                100.5764               0.4343855
0.038560                 181.522                 14.2438                 98.7891               0.4094282
0.039060                 175.604                 14.0449                 96.9218               0.3857349
0.039550                 169.757                 13.8227                 94.9725                0.363237
0.040050                 164.004                 13.5854                 93.0614               0.3419043
0.040550                 158.345                 13.3368                 91.1765               0.3216823
0.041050                 152.784                 13.0786                 89.0019               0.3025287
0.041540                 147.337                 12.8116                 86.7897               0.2844025
0.042040                 141.997                 12.5342                 84.5417               0.2672495
0.042540                 136.779                 12.2479                 82.2708               0.2510431
0.043040                 131.674                 11.9552                 79.9778               0.2357187
0.043530                   126.7                 11.6616                 77.6799               0.2212621
0.044030                 121.844                 11.3687                 75.3745               0.2076034
0.044530                 117.124                  11.079                 73.0778               0.1947363
0.045030                  112.52                 10.7857                 70.7823               0.1825875
0.045520                 108.056                 10.4852                68.50808               0.1711586
0.046020                 103.706                 10.1709                 66.2449               0.1603745
0.046520                 99.4949                 9.84344                64.01402               0.1502425
0.047020                 95.3952                 9.50468                61.80118              0.14068761
0.047510                 91.4336                 9.16674                59.62944              0.13172164
0.048010                 87.5801                 8.83371                57.48174              0.12327084
0.048510                 83.8632                 8.51399                55.38235               0.1153503
0.049010                  80.251                 8.20454                53.31185              0.10788831
0.049500                 76.7731                 7.90589                51.29476              0.10090248
0.050000                 73.3962                  7.6119                49.31038              0.09432387
0.050500                 70.1507                  7.3245                47.38327              0.08817197
0.051000                 67.0043                 7.03902                45.49322              0.08238214
0.051490                 63.9838                  6.7587                43.66197              0.07697063
0.051990                 61.0599                 6.48072                41.87044              0.07188271
0.052490                 58.2548                 6.20836                40.13692              0.06712867
0.052990                 55.5444                 5.93949                38.44578               0.0626633
0.053480                 52.9466                 5.67795                36.81254              0.05849213
0.053980                 50.4414                 5.42454                35.22418              0.05457804
0.054480                 48.0416                 5.18308                33.69146              0.05092274
0.054980                 45.7309                 4.95314                32.20396              0.04749597
0.055470                 43.5196                 4.73699                30.77143              0.04429653
0.055970                 41.3941                 4.52953                29.38477              0.04129965
0.056470                 39.3604                 4.32813                28.04958              0.03850218
0.056970                 37.4091                 4.12914                26.76051              0.03588416
0.057460                 35.5436                 3.93145                25.52118              0.03344067
0.057960                 33.7557                 3.73547                24.32611               0.0311559
0.058460                 32.0479                 3.54454                23.17895              0.02902372
0.058960                 30.4137                  3.3611                22.07516              0.02703174
0.059450                 28.8532                 3.18706                21.01569              0.02517297
0.059950                 27.3626                 3.02364                19.99893              0.02343785
0.060450                 25.9396                 2.86978                19.02325              0.02181885
0.060950                 24.5828                 2.72391                18.08903              0.02030869
0.061440                  23.288                 2.58388                 17.1931              0.01889978
0.061940                  22.055                 2.44867                16.33651              0.01758657
0.062440                 20.8791                 2.31733                15.51574              0.01636145
0.062940                 19.7609                 2.19028                14.73222             0.015220404
0.063430                 18.6949                 2.06833                13.98194             0.014155922
0.063930                 17.6826                 1.95259                13.26684             0.013165213
0.064430                 16.7181                 1.84299                12.58235             0.012240989
0.064930                 15.8035                 1.74048                11.93109             0.011381417
0.065420                 14.9326                 1.64391                 11.3081              0.01057954
0.065920                 14.1078                 1.55312                10.71602             0.009834276
0.066420                 13.3228                 1.46672                10.15007             0.009138996
0.066920                 12.5801                 1.38465                 9.61272             0.008493262
0.067410                 11.8738                 1.30591                 9.09956             0.007890818
0.067910                 11.2062                 1.23077                 8.61271             0.007331653
0.068410                 10.5715                 1.15869                 8.14818             0.006809958
0.068910                 9.97246                 1.09042                  7.7081             0.006326068
0.069400                 9.40296                  1.0255                7.288012             0.005874562
0.069900                 8.86614                0.964515                 6.89083             0.005456031
0.070400                 8.35598                0.906788                6.511788             0.005065532
0.070900                 7.87538                0.852599                6.153596             0.004703721
0.071390                 7.41916                0.801213                5.812298             0.004366241
0.071890                  6.9894                0.752813                5.489761             0.004053525
0.072390                 6.58174                0.706833                 5.18263             0.003762023
0.072890                 6.19795                0.663504                4.892683             0.003491871
0.073380                 5.83426                0.622556                4.616903             0.003240212
0.073880                 5.49175                0.584242                4.356393             0.003006945
0.074380                 5.16752                0.548333                4.108996             0.002789775
0.074880                 4.86218                0.514968                3.875421             0.002588461
0.075370                 4.57329                0.483786                3.653768             0.002401134
0.075870                 4.30117                0.454647                3.444456             0.002227462
0.076370                 4.04394                 0.42715                3.246108             0.002065958
0.076870                 3.80163                0.401145                3.058869             0.001916204
0.077360                 3.57277                0.376378                2.881584             0.001777006
0.077860                 3.35717                0.352834                2.714207             0.001647919
0.078360                 3.15369                0.330491                2.555883            0.0015280067
0.078860                 2.96202                0.309435                2.406488            0.0014167809
0.079350                 2.78129                0.289661                2.265317            0.0013135174
0.079850                 2.60276                0.271721                2.132057            0.0012177163
0.080350                 2.43546                 0.25482                 2.00625             0.001128821
0.080850                 2.28435                0.238505                1.887496            0.0010463351
0.081340                 2.14229                0.223193                1.775503            0.0009698368
0.081840                 2.00867                0.208814                1.669828              0.00089884
0.082340                 1.88315                0.195332                1.570246            0.0008330302
0.082840                 1.76508                0.182671                1.476258            0.0007719421
0.083330                 1.65426                0.170812                1.387767             0.000715346
0.083830                 1.55001                0.159676                1.304247            0.0006627999
0.084330                 1.45225                0.149254                1.225681            0.0006141429
0.084830                 1.36029                0.139469                1.151529            0.0005689582
0.085320                 1.27413                 0.13032                1.081845            0.0005271377
0.085820                 1.19307                0.121732                1.016082            0.0004882936
0.086320                 1.11718                0.113709                0.954324            0.0004523607
0.086820                 1.04579                0.106176                 0.89603            0.0004189767
0.087310                   0.979               0.0991456                0.841333            0.0003881101
0.087810                0.916167               0.0925453                0.789702            0.0003594267
0.088310                0.857423               0.0863903               0.7412954            0.0003329182
0.088810                0.802161               0.0806118               0.6955996            0.0003082803
0.089300                0.750533               0.0752277               0.6527899            0.0002855207
0.089800                0.701962               0.0701729               0.6123766            0.0002643625
0.090300                0.656619               0.0654669               0.5745443            0.0002448263
0.090800                0.613971               0.0610501               0.5388385            0.0002266651
0.091290                0.574161               0.0569388               0.5054148             0.000209895
0.091790                0.536738               0.0530825               0.4738898            0.0001943109
0.092290                0.501805               0.0494929               0.4443789            0.0001799167
0.092790                0.468991                0.046129               0.4165665           0.00016654717
0.093280                0.438356               0.0429971               0.3905263           0.00015419545
0.093780                0.409599               0.0400645                0.366003            0.0001427279
0.094280                0.382749                0.037334               0.3430389           0.00013213064
0.094780                0.357563               0.0347791               0.3214285           0.00012229652
0.095270                0.334043                  0.0324               0.3011888           0.00011320634
0.095770                0.311996               0.0301757               0.2821558           0.00010477462
0.096270                0.291405               0.0281042               0.2643276            9.697863e-05
0.096770                0.272117               0.0261689                0.247574             8.97506e-05
0.097260                  0.2541               0.0243662               0.2318783            8.306566e-05
0.097760                0.237234               0.0226834                0.217139            7.687064e-05
0.098260                0.221477               0.0211157               0.2033277            7.113944e-05
0.098760                0.206736               0.0196532               0.1903671            6.583055e-05
0.099250                0.192964               0.0182906               0.1782205             6.09179e-05
0.099750                0.180087               0.0170203               0.1668296            5.636909e-05