# TBinMid=1.2515 ssec TBinWidth=0.1 ss EBinWidth=0.2MeV Fluence at Earth for this timebin in neutrinos per cm^2
# E(GeV)	NuE	NuMu	NuTau	aNuE	aNuMu	aNuTau
   1.38589050E-13   1.28849435E+18   1.31893388E+18   1.31893388E+18   9.75566803E+17   1.21404813E+18   1.21404813E+18
   2.00000000E-04   2.30399127E+09   2.35842101E+09   2.35842101E+09   1.74443714E+09   2.17087199E+09   2.17087199E+09
   4.00000000E-04   1.17518485E+09   1.20294754E+09   1.20294754E+09   8.89775984E+08   1.10728539E+09   1.10728539E+09
   6.00000000E-04   7.92499783E+08   8.11221883E+08   8.11221883E+08   6.00030942E+08   7.46710981E+08   7.46710981E+08
   8.00000000E-04   5.99187034E+08   6.13342293E+08   6.13342293E+08   4.53666699E+08   5.64567395E+08   5.64567395E+08
   1.00000000E-03   4.82335732E+08   4.93730483E+08   4.93730483E+08   3.65194250E+08   4.54467490E+08   4.54467490E+08
   1.20000000E-03   4.03979630E+08   4.13523288E+08   4.13523288E+08   3.05867943E+08   3.80638623E+08   3.80638623E+08
   1.40000000E-03   4.89818670E+08   5.82551791E+08   5.82551791E+08   3.63053549E+08   4.56731805E+08   4.56731805E+08
   1.60000000E-03   5.50716930E+08   7.61847853E+08   7.61847853E+08   4.01496525E+08   5.08054121E+08   5.08054121E+08
   1.80000000E-03   6.07443827E+08   8.86455862E+08   8.86455862E+08   4.40264790E+08   5.58099278E+08   5.58099278E+08
   2.00000000E-03   8.85527530E+08   1.09376560E+09   1.09376560E+09   6.56861237E+08   8.24351279E+08   8.24351279E+08
   2.20000000E-03   1.09977469E+09   1.59232560E+09   1.59232560E+09   8.11475774E+08   1.01426521E+09   1.01426521E+09
   2.40000000E-03   1.25930956E+09   2.05960218E+09   2.05960218E+09   9.23214415E+08   1.15138727E+09   1.15138727E+09
   2.60000000E-03   1.37573105E+09   2.41063516E+09   2.41063516E+09   1.00450257E+09   1.25102782E+09   1.25102782E+09
   2.80000000E-03   1.71818560E+09   2.81096403E+09   2.81096403E+09   1.36916094E+09   1.59657760E+09   1.59657760E+09
   3.00000000E-03   2.01373391E+09   3.13522319E+09   3.13522319E+09   1.68924142E+09   1.89682928E+09   1.89682928E+09
   3.20000000E-03   2.24751679E+09   3.38798075E+09   3.38798075E+09   1.94441346E+09   2.13493362E+09   2.13493362E+09
   3.40000000E-03   2.43991467E+09   3.73171362E+09   3.73171362E+09   2.14897472E+09   2.32466880E+09   2.32466880E+09
   3.60000000E-03   2.59894080E+09   4.12976856E+09   4.12976856E+09   2.31358473E+09   2.47629550E+09   2.47629550E+09
   3.80000000E-03   2.72613477E+09   4.45490686E+09   4.45490686E+09   2.44631683E+09   2.59757606E+09   2.59757606E+09
   4.00000000E-03   2.95502485E+09   4.78762180E+09   4.78762180E+09   2.77804753E+09   2.84678529E+09   2.84678529E+09
   4.20000000E-03   3.18155117E+09   5.08186478E+09   5.08186478E+09   3.12134553E+09   3.09821107E+09   3.09821107E+09
   4.40000000E-03   3.37117356E+09   5.32616437E+09   5.32616437E+09   3.41231201E+09   3.30959237E+09   3.30959237E+09
   4.60000000E-03   3.53009308E+09   5.52900799E+09   5.52900799E+09   3.65956967E+09   3.48761450E+09   3.48761450E+09
   4.80000000E-03   3.66330745E+09   5.69722696E+09   5.69722696E+09   3.87008415E+09   3.63766957E+09   3.63766957E+09
   5.00000000E-03   3.77487831E+09   5.83636560E+09   5.83636560E+09   4.04952990E+09   3.76414317E+09   3.76414317E+09
   5.20000000E-03   3.86813185E+09   5.95095798E+09   5.95095798E+09   4.20256517E+09   3.87062968E+09   3.87062968E+09
   5.40000000E-03   3.94596443E+09   6.04811355E+09   6.04811355E+09   4.33304103E+09   3.96009571E+09   3.96009571E+09
   5.60000000E-03   4.01063296E+09   6.13049231E+09   6.13049231E+09   4.44416192E+09   4.03500555E+09   4.03500555E+09
   5.80000000E-03   4.08811043E+09   6.20974723E+09   6.20974723E+09   4.61723046E+09   4.13482086E+09   4.13482086E+09
   6.00000000E-03   4.16049329E+09   6.27792594E+09   6.27792594E+09   4.79102545E+09   4.23112369E+09   4.23112369E+09
   6.20000000E-03   4.22158466E+09   6.33297348E+09   6.33297348E+09   4.94320820E+09   4.31378330E+09   4.31378330E+09
   6.40000000E-03   4.27285053E+09   6.37665817E+09   6.37665817E+09   5.07644469E+09   4.38453588E+09   4.38453588E+09
   6.60000000E-03   4.31554267E+09   6.41048586E+09   6.41048586E+09   5.19302047E+09   4.44486623E+09   4.44486623E+09
   6.80000000E-03   4.35073445E+09   6.43574415E+09   6.43574415E+09   5.29490320E+09   4.49604950E+09   4.49604950E+09
   7.00000000E-03   4.37934976E+09   6.45353815E+09   6.45353815E+09   5.38379367E+09   4.53918504E+09   4.53918504E+09
   7.20000000E-03   4.40218676E+09   6.46481974E+09   6.46481974E+09   5.46116737E+09   4.57522417E+09   4.57522417E+09
   7.40000000E-03   4.41993732E+09   6.47041152E+09   6.47041152E+09   5.52830888E+09   4.60499288E+09   4.60499288E+09
   7.60000000E-03   4.43320307E+09   6.47102652E+09   6.47102652E+09   5.58634025E+09   4.62921072E+09   4.62921072E+09
   7.80000000E-03   4.44250874E+09   6.46728463E+09   6.46728463E+09   5.63624454E+09   4.64850636E+09   4.64850636E+09
   8.00000000E-03   4.44831328E+09   6.45972617E+09   6.45972617E+09   5.67888562E+09   4.66343069E+09   4.66343069E+09
   8.20000000E-03   4.45101914E+09   6.44882334E+09   6.44882334E+09   5.71502471E+09   4.67446770E+09   4.67446770E+09
   8.40000000E-03   4.43483417E+09   6.42655004E+09   6.42655004E+09   5.72759078E+09   4.66524259E+09   4.66524259E+09
   8.60000000E-03   4.40416427E+09   6.37674161E+09   6.37674161E+09   5.72266922E+09   4.64130427E+09   4.64130427E+09
   8.80000000E-03   4.37184406E+09   6.29577841E+09   6.29577841E+09   5.71508922E+09   4.61655425E+09   4.61655425E+09
   9.00000000E-03   4.33947100E+09   6.21700803E+09   6.21700803E+09   5.70515466E+09   4.59113015E+09   4.59113015E+09
   9.20000000E-03   4.30711258E+09   6.14034791E+09   6.14034791E+09   5.69313485E+09   4.56515222E+09   4.56515222E+09
   9.40000000E-03   4.27482652E+09   6.06571870E+09   6.06571870E+09   5.67926888E+09   4.53872568E+09   4.53872568E+09
   9.60000000E-03   4.24266209E+09   5.99304422E+09   5.99304422E+09   5.66376934E+09   4.51194262E+09   4.51194262E+09
   9.80000000E-03   4.21066126E+09   5.92225145E+09   5.92225145E+09   5.64682557E+09   4.48488378E+09   4.48488378E+09
   1.00000000E-02   4.17885973E+09   5.85327045E+09   5.85327045E+09   5.62860649E+09   4.45761990E+09   4.45761990E+09
   1.02000000E-02   4.14728776E+09   5.78603424E+09   5.78603424E+09   5.60926293E+09   4.43021305E+09   4.43021305E+09
   1.04000000E-02   4.11597084E+09   5.72047875E+09   5.72047875E+09   5.58892984E+09   4.40271763E+09   4.40271763E+09
   1.06000000E-02   4.08493041E+09   5.65654268E+09   5.65654268E+09   5.56772802E+09   4.37518139E+09   4.37518139E+09
   1.08000000E-02   4.05418432E+09   5.59416740E+09   5.59416740E+09   5.54576576E+09   4.34764615E+09   4.34764615E+09
   1.10000000E-02   4.02374734E+09   5.53329688E+09   5.53329688E+09   5.52314023E+09   4.32014857E+09   4.32014857E+09
   1.12000000E-02   3.99363154E+09   5.47387753E+09   5.47387753E+09   5.49993873E+09   4.29272075E+09   4.29272075E+09
   1.14000000E-02   3.96384665E+09   5.41585809E+09   5.41585809E+09   5.47623968E+09   4.26539075E+09   4.26539075E+09
   1.16000000E-02   3.93440036E+09   5.35918959E+09   5.35918959E+09   5.45211368E+09   4.23818305E+09   4.23818305E+09
   1.18000000E-02   3.90529860E+09   5.30382517E+09   5.30382517E+09   5.42762424E+09   4.21111901E+09   4.21111901E+09
   1.20000000E-02   3.87654576E+09   5.24972001E+09   5.24972001E+09   5.40282859E+09   4.18421717E+09   4.18421717E+09
   1.22000000E-02   3.84281175E+09   5.19404358E+09   5.19404358E+09   5.36885754E+09   4.15122700E+09   4.15122700E+09
   1.24000000E-02   3.78455477E+09   5.12653916E+09   5.12653916E+09   5.29299850E+09   4.08918171E+09   4.08918171E+09
   1.26000000E-02   3.72808857E+09   5.06092154E+09   5.06092154E+09   5.21937865E+09   4.02902881E+09   4.02902881E+09
   1.28000000E-02   3.67333105E+09   4.99711020E+09   4.99711020E+09   5.14789824E+09   3.97068197E+09   3.97068197E+09
   1.30000000E-02   3.62020503E+09   4.93502925E+09   4.93502925E+09   5.07846347E+09   3.91406009E+09   3.91406009E+09
   1.32000000E-02   3.56863796E+09   4.87460703E+09   4.87460703E+09   5.01098597E+09   3.85908688E+09   3.85908688E+09
   1.34000000E-02   3.51856156E+09   4.81577587E+09   4.81577587E+09   4.94538246E+09   3.80569051E+09   3.80569051E+09
   1.36000000E-02   3.46991147E+09   4.75847178E+09   4.75847178E+09   4.88157435E+09   3.75380328E+09   3.75380328E+09
   1.38000000E-02   3.42185575E+09   4.68565381E+09   4.68565381E+09   4.81948744E+09   3.70336135E+09   3.70336135E+09
   1.40000000E-02   3.37415450E+09   4.59324364E+09   4.59324364E+09   4.75905160E+09   3.65430443E+09   3.65430443E+09
   1.42000000E-02   3.32778042E+09   4.50379281E+09   4.50379281E+09   4.70020052E+09   3.60657558E+09   3.60657558E+09
   1.44000000E-02   3.28267865E+09   4.41716818E+09   4.41716818E+09   4.64287139E+09   3.56012095E+09   3.56012095E+09
   1.46000000E-02   3.23879734E+09   4.33324432E+09   4.33324432E+09   4.58700475E+09   3.51488957E+09   3.51488957E+09
   1.48000000E-02   3.19608743E+09   4.25190294E+09   4.25190294E+09   4.53254421E+09   3.47083318E+09   3.47083318E+09
   1.50000000E-02   3.15450244E+09   4.17303242E+09   4.17303242E+09   4.47943628E+09   3.42790603E+09   3.42790603E+09
   1.52000000E-02   3.11399833E+09   4.09652734E+09   4.09652734E+09   4.42763016E+09   3.38606476E+09   3.38606476E+09
   1.54000000E-02   3.07453335E+09   4.02228806E+09   4.02228806E+09   4.37707761E+09   3.34526817E+09   3.34526817E+09
   1.56000000E-02   3.03606785E+09   3.95022033E+09   3.95022033E+09   4.32773276E+09   3.30547716E+09   3.30547716E+09
   1.58000000E-02   2.99856419E+09   3.88023494E+09   3.88023494E+09   4.27955198E+09   3.26665457E+09   3.26665457E+09
   1.60000000E-02   2.96198660E+09   3.81224741E+09   3.81224741E+09   4.23249372E+09   3.22876504E+09   3.22876504E+09
   1.62000000E-02   2.92630106E+09   3.74617764E+09   3.74617764E+09   4.18651843E+09   3.19177494E+09   3.19177494E+09
   1.64000000E-02   2.89147521E+09   3.68194969E+09   3.68194969E+09   4.14158840E+09   3.15565224E+09   3.15565224E+09
   1.66000000E-02   2.85747822E+09   3.61949146E+09   3.61949146E+09   4.09766767E+09   3.12036641E+09   3.12036641E+09
   1.68000000E-02   2.82428075E+09   3.55873448E+09   3.55873448E+09   4.05472193E+09   3.08588837E+09   3.08588837E+09
   1.70000000E-02   2.79185481E+09   3.49961372E+09   3.49961372E+09   4.01271842E+09   3.05219036E+09   3.05219036E+09
   1.72000000E-02   2.76017369E+09   3.44206730E+09   3.44206730E+09   3.97162586E+09   3.01924589E+09   3.01924589E+09
   1.74000000E-02   2.72921194E+09   3.38603640E+09   3.38603640E+09   3.93141433E+09   2.98702967E+09   2.98702967E+09
   1.76000000E-02   2.69894523E+09   3.33146498E+09   3.33146498E+09   3.89205525E+09   2.95551753E+09   2.95551753E+09
   1.78000000E-02   2.66935032E+09   3.27829970E+09   3.27829970E+09   3.85352124E+09   2.92468636E+09   2.92468636E+09
   1.80000000E-02   2.62454695E+09   3.21820053E+09   3.21820053E+09   3.78919859E+09   2.87586571E+09   2.87586571E+09
   1.82000000E-02   2.57472876E+09   3.15645842E+09   3.15645842E+09   3.71622345E+09   2.82105489E+09   2.82105489E+09
   1.84000000E-02   2.52622034E+09   3.09634368E+09   3.09634368E+09   3.64517347E+09   2.76768650E+09   2.76768650E+09
   1.86000000E-02   2.47897460E+09   3.03779772E+09   3.03779772E+09   3.57597932E+09   2.71570863E+09   2.71570863E+09
   1.88000000E-02   2.43294658E+09   2.98076462E+09   2.98076462E+09   3.50857481E+09   2.66507178E+09   2.66507178E+09
   1.90000000E-02   2.38809339E+09   2.92519101E+09   2.92519101E+09   3.44289679E+09   2.61572866E+09   2.61572866E+09
   1.92000000E-02   2.34437405E+09   2.87102593E+09   2.87102593E+09   3.37888494E+09   2.56763414E+09   2.56763414E+09
   1.94000000E-02   2.30174939E+09   2.81822066E+09   2.81822066E+09   3.31648160E+09   2.52074507E+09   2.52074507E+09
   1.96000000E-02   2.26018199E+09   2.76672865E+09   2.76672865E+09   3.25563169E+09   2.47502021E+09   2.47502021E+09
   1.98000000E-02   2.21963603E+09   2.71650536E+09   2.71650536E+09   3.19628250E+09   2.43042011E+09   2.43042011E+09
   2.00000000E-02   2.18007727E+09   2.66750819E+09   2.66750819E+09   3.13838361E+09   2.38690703E+09   2.38690703E+09
   2.02000000E-02   2.14147290E+09   2.61969635E+09   2.61969635E+09   3.08188675E+09   2.34444484E+09   2.34444484E+09
   2.04000000E-02   2.10379152E+09   2.57303077E+09   2.57303077E+09   3.02674571E+09   2.30299894E+09   2.30299894E+09
   2.06000000E-02   2.06700303E+09   2.52747405E+09   2.52747405E+09   2.97291619E+09   2.26253618E+09   2.26253618E+09
   2.08000000E-02   2.03107860E+09   2.48299030E+09   2.48299030E+09   2.92035575E+09   2.22302477E+09   2.22302477E+09
   2.10000000E-02   1.99599056E+09   2.43954516E+09   2.43954516E+09   2.86902371E+09   2.18443427E+09   2.18443427E+09
   2.12000000E-02   1.96171239E+09   2.39710561E+09   2.39710561E+09   2.81888103E+09   2.14673545E+09   2.14673545E+09
   2.14000000E-02   1.92821864E+09   2.35564003E+09   2.35564003E+09   2.76989025E+09   2.10990025E+09   2.10990025E+09
   2.16000000E-02   1.89548486E+09   2.31511801E+09   2.31511801E+09   2.72201542E+09   2.07390177E+09   2.07390177E+09
   2.18000000E-02   1.86348758E+09   2.27551038E+09   2.27551038E+09   2.67522202E+09   2.03871415E+09   2.03871415E+09
   2.20000000E-02   1.83220426E+09   2.23678912E+09   2.23678912E+09   2.62947687E+09   2.00431255E+09   2.00431255E+09
   2.22000000E-02   1.80146548E+09   2.19567423E+09   2.19567423E+09   2.58474811E+09   1.97067311E+09   1.97067311E+09
   2.24000000E-02   1.77134488E+09   2.15421971E+09   2.15421971E+09   2.54100509E+09   1.93777288E+09   1.93777288E+09
   2.26000000E-02   1.74188104E+09   2.11369140E+09   2.11369140E+09   2.49821835E+09   1.90558979E+09   1.90558979E+09
   2.28000000E-02   1.71305454E+09   2.07406157E+09   2.07406157E+09   2.45635954E+09   1.87410263E+09   1.87410263E+09
   2.30000000E-02   1.68484665E+09   2.03530354E+09   2.03530354E+09   2.41540139E+09   1.84329096E+09   1.84329096E+09
   2.32000000E-02   1.65723936E+09   1.99739162E+09   1.99739162E+09   2.37531763E+09   1.81313511E+09   1.81313511E+09
   2.34000000E-02   1.63021533E+09   1.96030110E+09   1.96030110E+09   2.33608299E+09   1.78361615E+09   1.78361615E+09
   2.36000000E-02   1.60375786E+09   1.92400815E+09   1.92400815E+09   2.29767311E+09   1.75471584E+09   1.75471584E+09
   2.38000000E-02   1.57785083E+09   1.88848986E+09   1.88848986E+09   2.26006452E+09   1.72641661E+09   1.72641661E+09
   2.40000000E-02   1.55247875E+09   1.85372412E+09   1.85372412E+09   2.22323461E+09   1.69870150E+09   1.69870150E+09
   2.42000000E-02   1.52762663E+09   1.81968963E+09   1.81968963E+09   2.18716158E+09   1.67155419E+09   1.67155419E+09
   2.44000000E-02   1.50328007E+09   1.78636585E+09   1.78636585E+09   2.15182438E+09   1.64495892E+09   1.64495892E+09
   2.46000000E-02   1.47942512E+09   1.75373296E+09   1.75373296E+09   2.11720274E+09   1.61890050E+09   1.61890050E+09
   2.48000000E-02   1.45604838E+09   1.72177188E+09   1.72177188E+09   2.08327707E+09   1.59336426E+09   1.59336426E+09
   2.50000000E-02   1.43313686E+09   1.69046414E+09   1.69046414E+09   2.05002849E+09   1.56833605E+09   1.56833605E+09
   2.52000000E-02   1.41067805E+09   1.65979195E+09   1.65979195E+09   2.01743875E+09   1.54380219E+09   1.54380219E+09
   2.54000000E-02   1.38865986E+09   1.62973813E+09   1.62973813E+09   1.98549022E+09   1.51974948E+09   1.51974948E+09
   2.56000000E-02   1.36707061E+09   1.60028607E+09   1.60028607E+09   1.95416589E+09   1.49616518E+09   1.49616518E+09
   2.58000000E-02   1.34589901E+09   1.57141974E+09   1.57141974E+09   1.92344932E+09   1.47303696E+09   1.47303696E+09
   2.60000000E-02   1.32513416E+09   1.54312364E+09   1.54312364E+09   1.89332460E+09   1.45035291E+09   1.45035291E+09
   2.62000000E-02   1.30456925E+09   1.51528021E+09   1.51528021E+09   1.86348930E+09   1.42788058E+09   1.42788058E+09
   2.64000000E-02   1.28091477E+09   1.48616085E+09   1.48616085E+09   1.82916039E+09   1.40192354E+09   1.40192354E+09
   2.66000000E-02   1.25735304E+09   1.45742013E+09   1.45742013E+09   1.79497130E+09   1.37605988E+09   1.37605988E+09
   2.68000000E-02   1.23424656E+09   1.42923899E+09   1.42923899E+09   1.76144443E+09   1.35069616E+09   1.35069616E+09
   2.70000000E-02   1.21158367E+09   1.40160305E+09   1.40160305E+09   1.72856283E+09   1.32581960E+09   1.32581960E+09
   2.72000000E-02   1.18935311E+09   1.37449843E+09   1.37449843E+09   1.69631008E+09   1.30141782E+09   1.30141782E+09
   2.74000000E-02   1.16754397E+09   1.34791166E+09   1.34791166E+09   1.66467030E+09   1.27747884E+09   1.27747884E+09
   2.76000000E-02   1.14614568E+09   1.32182972E+09   1.32182972E+09   1.63362811E+09   1.25399105E+09   1.25399105E+09
   2.78000000E-02   1.12514802E+09   1.29624002E+09   1.29624002E+09   1.60316862E+09   1.23094322E+09   1.23094322E+09
   2.80000000E-02   1.10454110E+09   1.27113033E+09   1.27113033E+09   1.57327741E+09   1.20832449E+09   1.20832449E+09
   2.82000000E-02   1.08431530E+09   1.24648882E+09   1.24648882E+09   1.54394050E+09   1.18612429E+09   1.18612429E+09
   2.84000000E-02   1.06446133E+09   1.22230404E+09   1.22230404E+09   1.51514436E+09   1.16433242E+09   1.16433242E+09
   2.86000000E-02   1.04497019E+09   1.19856486E+09   1.19856486E+09   1.48687587E+09   1.14293899E+09   1.14293899E+09
   2.88000000E-02   1.02583312E+09   1.17526053E+09   1.17526053E+09   1.45912229E+09   1.12193439E+09   1.12193439E+09
   2.90000000E-02   1.00704167E+09   1.15238059E+09   1.15238059E+09   1.43187130E+09   1.10130931E+09   1.10130931E+09
   2.92000000E-02   9.88587605E+08   1.12991493E+09   1.12991493E+09   1.40511093E+09   1.08105475E+09   1.08105475E+09
   2.94000000E-02   9.70462967E+08   1.10785372E+09   1.10785372E+09   1.37882959E+09   1.06116193E+09   1.06116193E+09
   2.96000000E-02   9.52660020E+08   1.08618743E+09   1.08618743E+09   1.35301600E+09   1.04162236E+09   1.04162236E+09
   2.98000000E-02   9.35171260E+08   1.06490682E+09   1.06490682E+09   1.32765926E+09   1.02242781E+09   1.02242781E+09
   3.00000000E-02   9.17989404E+08   1.04400291E+09   1.04400291E+09   1.30274875E+09   1.00357028E+09   1.00357028E+09
   3.02000000E-02   9.01107382E+08   1.02346699E+09   1.02346699E+09   1.27827418E+09   9.85041994E+08   9.85041994E+08
   3.04000000E-02   8.84518327E+08   1.00329061E+09   1.00329061E+09   1.25422556E+09   9.66835416E+08   9.66835416E+08
   3.06000000E-02   8.68215572E+08   9.83465538E+08   9.83465538E+08   1.23059318E+09   9.48943222E+08   9.48943222E+08
   3.08000000E-02   8.52192641E+08   9.63983813E+08   9.63983813E+08   1.20736762E+09   9.31358299E+08   9.31358299E+08
   3.10000000E-02   8.36443243E+08   9.44837679E+08   9.44837679E+08   1.18453971E+09   9.14073737E+08   9.14073737E+08
   3.12000000E-02   8.20961263E+08   9.26019608E+08   9.26019608E+08   1.16210056E+09   8.97082821E+08   8.97082821E+08
   3.14000000E-02   8.05740759E+08   9.07522281E+08   9.07522281E+08   1.14004152E+09   8.80379025E+08   8.80379025E+08
   3.16000000E-02   7.90775958E+08   8.89338586E+08   8.89338586E+08   1.11835417E+09   8.63956005E+08   8.63956005E+08
   3.18000000E-02   7.76061242E+08   8.71461609E+08   8.71461609E+08   1.09703036E+09   8.47807595E+08   8.47807595E+08
   3.20000000E-02   7.61591153E+08   8.53884626E+08   8.53884626E+08   1.07606213E+09   8.31927797E+08   8.31927797E+08
   3.22000000E-02   7.47360381E+08   8.36601101E+08   8.36601101E+08   1.05544175E+09   8.16310780E+08   8.16310780E+08
   3.24000000E-02   7.33363760E+08   8.19604674E+08   8.19604674E+08   1.03516171E+09   8.00950871E+08   8.00950871E+08
   3.26000000E-02   7.19596266E+08   8.02889160E+08   8.02889160E+08   1.01521469E+09   7.85842552E+08   7.85842552E+08
   3.28000000E-02   7.06053011E+08   7.86448539E+08   7.86448539E+08   9.95593574E+08   7.70980452E+08   7.70980452E+08
   3.30000000E-02   6.92729235E+08   7.70276956E+08   7.70276956E+08   9.76291445E+08   7.56359346E+08   7.56359346E+08
   3.32000000E-02   6.79620309E+08   7.54368711E+08   7.54368711E+08   9.57301561E+08   7.41974149E+08   7.41974149E+08
   3.34000000E-02   6.66721723E+08   7.38718254E+08   7.38718254E+08   9.38617359E+08   7.27819907E+08   7.27819907E+08
   3.36000000E-02   6.54029089E+08   7.23320185E+08   7.23320185E+08   9.20232453E+08   7.13891802E+08   7.13891802E+08
   3.38000000E-02   6.41538133E+08   7.08169242E+08   7.08169242E+08   9.02140623E+08   7.00185139E+08   7.00185139E+08
   3.40000000E-02   6.29244691E+08   6.93260305E+08   6.93260305E+08   8.84335812E+08   6.86695345E+08   6.86695345E+08
   3.42000000E-02   6.17144709E+08   6.78588383E+08   6.78588383E+08   8.66812118E+08   6.73417968E+08   6.73417968E+08
   3.44000000E-02   6.05234237E+08   6.64148616E+08   6.64148616E+08   8.49563793E+08   6.60348668E+08   6.60348668E+08
   3.46000000E-02   5.93509425E+08   6.49936269E+08   6.49936269E+08   8.32585238E+08   6.47483220E+08   6.47483220E+08
   3.48000000E-02   5.81966523E+08   6.35946729E+08   6.35946729E+08   8.15870994E+08   6.34817503E+08   6.34817503E+08
   3.50000000E-02   5.70601875E+08   6.22175496E+08   6.22175496E+08   7.99415743E+08   6.22347502E+08   6.22347502E+08
   3.52000000E-02   5.59411918E+08   6.08618190E+08   6.08618190E+08   7.83214298E+08   6.10069305E+08   6.10069305E+08
   3.54000000E-02   5.48393178E+08   5.95270536E+08   5.95270536E+08   7.67261607E+08   5.97979095E+08   5.97979095E+08
   3.56000000E-02   5.37618401E+08   5.83804560E+08   5.83804560E+08   7.51552740E+08   5.86073153E+08   5.86073153E+08
   3.58000000E-02   5.27058201E+08   5.73641925E+08   5.73641925E+08   7.36082891E+08   5.74347850E+08   5.74347850E+08
   3.60000000E-02   5.16657201E+08   5.63630441E+08   5.63630441E+08   7.20847373E+08   5.62799649E+08   5.62799649E+08
   3.62000000E-02   5.06412302E+08   5.53767181E+08   5.53767181E+08   7.05841614E+08   5.51425098E+08   5.51425098E+08
   3.64000000E-02   4.96320480E+08   5.44049291E+08   5.44049291E+08   6.91061154E+08   5.40220830E+08   5.40220830E+08
   3.66000000E-02   4.86378783E+08   5.34473985E+08   5.34473985E+08   6.76501641E+08   5.29183560E+08   5.29183560E+08
   3.68000000E-02   4.76584332E+08   5.25038542E+08   5.25038542E+08   6.62158829E+08   5.18310083E+08   5.18310083E+08
   3.70000000E-02   4.66934318E+08   5.15740310E+08   5.15740310E+08   6.48028573E+08   5.07597269E+08   5.07597269E+08
   3.72000000E-02   4.57425996E+08   5.06576698E+08   5.06576698E+08   6.34106829E+08   4.97042065E+08   4.97042065E+08
   3.74000000E-02   4.48056689E+08   4.97545176E+08   4.97545176E+08   6.20389647E+08   4.86641491E+08   4.86641491E+08
   3.76000000E-02   4.38823783E+08   4.88643275E+08   4.88643275E+08   6.06873174E+08   4.76392635E+08   4.76392635E+08
   3.78000000E-02   4.29724726E+08   4.79868584E+08   4.79868584E+08   5.93553645E+08   4.66292656E+08   4.66292656E+08
   3.80000000E-02   4.20757024E+08   4.71218748E+08   4.71218748E+08   5.80427384E+08   4.56338780E+08   4.56338780E+08
   3.82000000E-02   4.11918242E+08   4.62691465E+08   4.62691465E+08   5.67490802E+08   4.46528295E+08   4.46528295E+08
   3.84000000E-02   4.03206002E+08   4.54284490E+08   4.54284490E+08   5.54740392E+08   4.36858554E+08   4.36858554E+08
   3.86000000E-02   3.96184697E+08   4.46814565E+08   4.46814565E+08   5.44790307E+08   4.29167208E+08   4.29167208E+08
   3.88000000E-02   3.90115141E+08   4.39894351E+08   4.39894351E+08   5.36396417E+08   4.22583914E+08   4.22583914E+08
   3.90000000E-02   3.84128437E+08   4.33068730E+08   4.33068730E+08   5.28117188E+08   4.16090500E+08   4.16090500E+08
   3.92000000E-02   3.78223107E+08   4.26336014E+08   4.26336014E+08   5.19950576E+08   4.09685361E+08   4.09685361E+08
   3.94000000E-02   3.72397706E+08   4.19694552E+08   4.19694552E+08   5.11894581E+08   4.03366932E+08   4.03366932E+08
   3.96000000E-02   3.66650823E+08   4.13142731E+08   4.13142731E+08   5.03947247E+08   3.97133679E+08   3.97133679E+08
   3.98000000E-02   3.60981077E+08   4.06678974E+08   4.06678974E+08   4.96106663E+08   3.90984104E+08   3.90984104E+08
   4.00000000E-02   3.55387116E+08   4.00301738E+08   4.00301738E+08   4.88370959E+08   3.84916743E+08   3.84916743E+08
   4.02000000E-02   3.49867620E+08   3.94009514E+08   3.94009514E+08   4.80738307E+08   3.78930162E+08   3.78930162E+08
   4.04000000E-02   3.44421299E+08   3.87800828E+08   3.87800828E+08   4.73206920E+08   3.73022961E+08   3.73022961E+08
   4.06000000E-02   3.39046887E+08   3.81674235E+08   3.81674235E+08   4.65775047E+08   3.67193769E+08   3.67193769E+08
   4.08000000E-02   3.33743150E+08   3.75628323E+08   3.75628323E+08   4.58440979E+08   3.61441244E+08   3.61441244E+08
   4.10000000E-02   3.28508878E+08   3.69661713E+08   3.69661713E+08   4.51203040E+08   3.55764075E+08   3.55764075E+08
   4.12000000E-02   3.23342888E+08   3.63773051E+08   3.63773051E+08   4.44059594E+08   3.50160979E+08   3.50160979E+08
   4.14000000E-02   3.18244022E+08   3.57961015E+08   3.57961015E+08   4.37009037E+08   3.44630698E+08   3.44630698E+08
   4.16000000E-02   3.13211146E+08   3.52224311E+08   3.52224311E+08   4.30049801E+08   3.39172004E+08   3.39172004E+08
   4.18000000E-02   3.08243151E+08   3.46561671E+08   3.46561671E+08   4.23180349E+08   3.33783694E+08   3.33783694E+08
   4.20000000E-02   3.03338953E+08   3.40971856E+08   3.40971856E+08   4.16399180E+08   3.28464588E+08   3.28464588E+08
   4.22000000E-02   2.98497487E+08   3.35453652E+08   3.35453652E+08   4.09704821E+08   3.23213535E+08   3.23213535E+08
   4.24000000E-02   2.93717713E+08   3.30005869E+08   3.30005869E+08   4.03095832E+08   3.18029406E+08   3.18029406E+08
   4.26000000E-02   2.88998613E+08   3.24627345E+08   3.24627345E+08   3.96570803E+08   3.12911094E+08   3.12911094E+08
   4.28000000E-02   2.84339187E+08   3.19316938E+08   3.19316938E+08   3.90128353E+08   3.07857517E+08   3.07857517E+08
   4.30000000E-02   2.79738461E+08   3.14073534E+08   3.14073534E+08   3.83767128E+08   3.02867616E+08   3.02867616E+08
   4.32000000E-02   2.75195475E+08   3.08896039E+08   3.08896039E+08   3.77485804E+08   2.97940351E+08   2.97940351E+08
   4.34000000E-02   2.70709293E+08   3.03783381E+08   3.03783381E+08   3.71283084E+08   2.93074707E+08   2.93074707E+08
   4.36000000E-02   2.66278996E+08   2.98734513E+08   2.98734513E+08   3.65157695E+08   2.88269685E+08   2.88269685E+08
   4.38000000E-02   2.61903684E+08   2.93748406E+08   2.93748406E+08   3.59108393E+08   2.83524312E+08   2.83524312E+08
   4.40000000E-02   2.57582476E+08   2.88824053E+08   2.88824053E+08   3.53133956E+08   2.78837629E+08   2.78837629E+08
   4.42000000E-02   2.53314509E+08   2.83960469E+08   2.83960469E+08   3.47233191E+08   2.74208700E+08   2.74208700E+08
   4.44000000E-02   2.49098935E+08   2.79156685E+08   2.79156685E+08   3.41404924E+08   2.69636606E+08   2.69636606E+08
   4.46000000E-02   2.44934925E+08   2.74411756E+08   2.74411756E+08   3.35648007E+08   2.65120449E+08   2.65120449E+08
   4.48000000E-02   2.40821666E+08   2.69724751E+08   2.69724751E+08   3.29961315E+08   2.60659344E+08   2.60659344E+08
   4.50000000E-02   2.36758361E+08   2.65094760E+08   2.65094760E+08   3.24343744E+08   2.56252428E+08   2.56252428E+08
   4.52000000E-02   2.32744228E+08   2.60520892E+08   2.60520892E+08   3.18794214E+08   2.51898853E+08   2.51898853E+08
   4.54000000E-02   2.28778502E+08   2.56002270E+08   2.56002270E+08   3.13311663E+08   2.47597788E+08   2.47597788E+08
   4.56000000E-02   2.24860430E+08   2.51538039E+08   2.51538039E+08   3.07895052E+08   2.43348419E+08   2.43348419E+08
   4.58000000E-02   2.20989278E+08   2.47127355E+08   2.47127355E+08   3.02543362E+08   2.39149945E+08   2.39149945E+08
   4.60000000E-02   2.17164323E+08   2.42769396E+08   2.42769396E+08   2.97255592E+08   2.35001585E+08   2.35001585E+08
   4.62000000E-02   2.13384856E+08   2.38463351E+08   2.38463351E+08   2.92030764E+08   2.30902569E+08   2.30902569E+08
   4.64000000E-02   2.09650183E+08   2.34208427E+08   2.34208427E+08   2.86867914E+08   2.26852143E+08   2.26852143E+08
   4.66000000E-02   2.05959622E+08   2.30003847E+08   2.30003847E+08   2.81766101E+08   2.22849570E+08   2.22849570E+08
   4.68000000E-02   2.02312506E+08   2.25848846E+08   2.25848846E+08   2.76724399E+08   2.18894123E+08   2.18894123E+08
   4.70000000E-02   1.98708178E+08   2.21742677E+08   2.21742677E+08   2.71741900E+08   2.14985091E+08   2.14985091E+08
   4.72000000E-02   1.95145995E+08   2.17684604E+08   2.17684604E+08   2.66817714E+08   2.11121777E+08   2.11121777E+08
   4.74000000E-02   1.91625326E+08   2.13673907E+08   2.13673907E+08   2.61950967E+08   2.07303495E+08   2.07303495E+08
   4.76000000E-02   1.88145552E+08   2.09709879E+08   2.09709879E+08   2.57140803E+08   2.03529575E+08   2.03529575E+08
   4.78000000E-02   1.84706065E+08   2.05791825E+08   2.05791825E+08   2.52386380E+08   1.99799356E+08   1.99799356E+08
   4.80000000E-02   1.81306268E+08   2.01919064E+08   2.01919064E+08   2.47686872E+08   1.96112191E+08   1.96112191E+08
   4.82000000E-02   1.77945576E+08   1.98090927E+08   1.98090927E+08   2.43041469E+08   1.92467446E+08   1.92467446E+08
   4.84000000E-02   1.74623415E+08   1.94306760E+08   1.94306760E+08   2.38449376E+08   1.88864496E+08   1.88864496E+08
   4.86000000E-02   1.71339220E+08   1.90565917E+08   1.90565917E+08   2.33909813E+08   1.85302731E+08   1.85302731E+08
   4.88000000E-02   1.68092438E+08   1.86867765E+08   1.86867765E+08   2.29422012E+08   1.81781549E+08   1.81781549E+08
   4.90000000E-02   1.64882526E+08   1.83211686E+08   1.83211686E+08   2.24985221E+08   1.78300361E+08   1.78300361E+08
   4.92000000E-02   1.61708948E+08   1.79597068E+08   1.79597068E+08   2.20598702E+08   1.74858588E+08   1.74858588E+08
   4.94000000E-02   1.58571182E+08   1.76023314E+08   1.76023314E+08   2.16261730E+08   1.71455661E+08   1.71455661E+08
   4.96000000E-02   1.55468713E+08   1.72489835E+08   1.72489835E+08   2.11973592E+08   1.68091022E+08   1.68091022E+08
   4.98000000E-02   1.52401035E+08   1.68996055E+08   1.68996055E+08   2.07733588E+08   1.64764123E+08   1.64764123E+08
   5.00000000E-02   1.49367652E+08   1.65541408E+08   1.65541408E+08   2.03541032E+08   1.61474425E+08   1.61474425E+08
   5.02000000E-02   1.46368077E+08   1.62125335E+08   1.62125335E+08   1.99395249E+08   1.58221400E+08   1.58221400E+08
   5.04000000E-02   1.43401830E+08   1.58747292E+08   1.58747292E+08   1.95295576E+08   1.55004527E+08   1.55004527E+08
   5.06000000E-02   1.40468442E+08   1.55406740E+08   1.55406740E+08   1.91241363E+08   1.51823298E+08   1.51823298E+08
   5.08000000E-02   1.37567451E+08   1.52103151E+08   1.52103151E+08   1.87231970E+08   1.48677210E+08   1.48677210E+08
   5.10000000E-02   1.34698402E+08   1.48836009E+08   1.48836009E+08   1.83266768E+08   1.45565771E+08   1.45565771E+08
   5.12000000E-02   1.31860849E+08   1.45604803E+08   1.45604803E+08   1.79345141E+08   1.42488497E+08   1.42488497E+08
   5.14000000E-02   1.29054355E+08   1.42409033E+08   1.42409033E+08   1.75466482E+08   1.39444914E+08   1.39444914E+08
   5.16000000E-02   1.26278489E+08   1.39248207E+08   1.39248207E+08   1.71630194E+08   1.36434553E+08   1.36434553E+08
   5.18000000E-02   1.23532827E+08   1.36121843E+08   1.36121843E+08   1.67835693E+08   1.33456956E+08   1.33456956E+08
   5.20000000E-02   1.20816954E+08   1.33029465E+08   1.33029465E+08   1.64082403E+08   1.30511672E+08   1.30511672E+08
   5.22000000E-02   1.18130461E+08   1.29970607E+08   1.29970607E+08   1.60369758E+08   1.27598257E+08   1.27598257E+08
   5.24000000E-02   1.15472947E+08   1.26944810E+08   1.26944810E+08   1.56697202E+08   1.24716276E+08   1.24716276E+08
   5.26000000E-02   1.12844016E+08   1.23951623E+08   1.23951623E+08   1.53064189E+08   1.21865299E+08   1.21865299E+08
   5.28000000E-02   1.10243280E+08   1.20990604E+08   1.20990604E+08   1.49470182E+08   1.19044907E+08   1.19044907E+08
   5.30000000E-02   1.07670358E+08   1.18061316E+08   1.18061316E+08   1.45914652E+08   1.16254686E+08   1.16254686E+08
   5.32000000E-02   1.05124875E+08   1.15163331E+08   1.15163331E+08   1.42397080E+08   1.13494227E+08   1.13494227E+08
   5.34000000E-02   1.02606462E+08   1.12296228E+08   1.12296228E+08   1.38916956E+08   1.10763132E+08   1.10763132E+08
   5.36000000E-02   1.00114756E+08   1.09459593E+08   1.09459593E+08   1.35473779E+08   1.08061007E+08   1.08061007E+08
   5.38000000E-02   9.76494009E+07   1.06653019E+08   1.06653019E+08   1.32067054E+08   1.05387464E+08   1.05387464E+08
   5.40000000E-02   9.52100457E+07   1.03876106E+08   1.03876106E+08   1.28696296E+08   1.02742124E+08   1.02742124E+08
   5.42000000E-02   9.27963458E+07   1.01128460E+08   1.01128460E+08   1.25361029E+08   1.00124613E+08   1.00124613E+08
   5.44000000E-02   9.04079619E+07   9.84096932E+07   9.84096932E+07   1.22060782E+08   9.75345625E+07   9.75345625E+07
   5.46000000E-02   8.80445606E+07   9.57194255E+07   9.57194255E+07   1.18795094E+08   9.49716106E+07   9.49716106E+07
   5.48000000E-02   8.57058137E+07   9.30572822E+07   9.30572822E+07   1.15563512E+08   9.24354017E+07   9.24354017E+07
   5.50000000E-02   8.33913986E+07   9.04228948E+07   9.04228948E+07   1.12365588E+08   8.99255856E+07   8.99255856E+07
   5.52000000E-02   8.11009979E+07   8.78159009E+07   8.78159009E+07   1.09200883E+08   8.74418180E+07   8.74418180E+07
   5.54000000E-02   7.88342992E+07   8.52359440E+07   8.52359440E+07   1.06068965E+08   8.49837601E+07   8.49837601E+07
   5.56000000E-02   7.65909954E+07   8.26826733E+07   8.26826733E+07   1.02969410E+08   8.25510786E+07   8.25510786E+07
   5.58000000E-02   7.43707841E+07   8.01557438E+07   8.01557438E+07   9.99017973E+07   8.01434456E+07   8.01434456E+07
   5.60000000E-02   7.21733679E+07   7.76548159E+07   7.76548159E+07   9.68657170E+07   7.77605385E+07   7.77605385E+07
   5.62000000E-02   6.99984542E+07   7.51795554E+07   7.51795554E+07   9.38607636E+07   7.54020398E+07   7.54020398E+07
   5.64000000E-02   6.78543091E+07   7.27341050E+07   7.27341050E+07   9.08986606E+07   7.30771760E+07   7.30771760E+07
   5.66000000E-02   6.66467383E+07   7.07917636E+07   7.07917636E+07   8.92780264E+07   7.17995687E+07   7.17995687E+07
   5.68000000E-02   6.59259095E+07   6.91172263E+07   6.91172263E+07   8.83475635E+07   7.10643549E+07   7.10643549E+07
   5.70000000E-02   6.52119756E+07   6.74623763E+07   6.74623763E+07   8.74257882E+07   7.03359902E+07   7.03359902E+07
   5.72000000E-02   6.45324602E+07   6.64347867E+07   6.64347867E+07   8.65125942E+07   6.96143909E+07   6.96143909E+07
   5.74000000E-02   6.38744507E+07   6.57517637E+07   6.57517637E+07   8.56078770E+07   6.88994746E+07   6.88994746E+07
   5.76000000E-02   6.32225122E+07   6.50750490E+07   6.50750490E+07   8.47115337E+07   6.81911603E+07   6.81911603E+07
   5.78000000E-02   6.25765712E+07   6.44045664E+07   6.44045664E+07   8.38234628E+07   6.74893682E+07   6.74893682E+07
   5.80000000E-02   6.19365555E+07   6.37402407E+07   6.37402407E+07   8.29435646E+07   6.67940195E+07   6.67940195E+07
   5.82000000E-02   6.13023938E+07   6.30819979E+07   6.30819979E+07   8.20717407E+07   6.61050370E+07   6.61050370E+07
   5.84000000E-02   6.06740161E+07   6.24297652E+07   6.24297652E+07   8.12078943E+07   6.54223442E+07   6.54223442E+07
   5.86000000E-02   6.00513534E+07   6.17834708E+07   6.17834708E+07   8.03519301E+07   6.47458662E+07   6.47458662E+07
   5.88000000E-02   5.94343376E+07   6.11430440E+07   6.11430440E+07   7.95037542E+07   6.40755289E+07   6.40755289E+07
   5.90000000E-02   5.88229018E+07   6.05084151E+07   6.05084151E+07   7.86632740E+07   6.34112595E+07   6.34112595E+07
   5.92000000E-02   5.82169800E+07   5.98795157E+07   5.98795157E+07   7.78303984E+07   6.27529862E+07   6.27529862E+07
   5.94000000E-02   5.76165071E+07   5.92562781E+07   5.92562781E+07   7.70050377E+07   6.21006383E+07   6.21006383E+07
   5.96000000E-02   5.70214193E+07   5.86386357E+07   5.86386357E+07   7.61871035E+07   6.14541462E+07   6.14541462E+07
   5.98000000E-02   5.64316533E+07   5.80265230E+07   5.80265230E+07   7.53765086E+07   6.08134412E+07   6.08134412E+07
   6.00000000E-02   5.58471471E+07   5.74198755E+07   5.74198755E+07   7.45731672E+07   6.01784557E+07   6.01784557E+07
   6.02000000E-02   5.52678395E+07   5.68186294E+07   5.68186294E+07   7.37769947E+07   5.95491231E+07   5.95491231E+07
   6.04000000E-02   5.46936700E+07   5.62227220E+07   5.62227220E+07   7.29879079E+07   5.89253778E+07   5.89253778E+07
   6.06000000E-02   5.41245792E+07   5.56320915E+07   5.56320915E+07   7.22058246E+07   5.83071551E+07   5.83071551E+07
   6.08000000E-02   5.35605086E+07   5.50466770E+07   5.50466770E+07   7.14306639E+07   5.76943913E+07   5.76943913E+07
   6.10000000E-02   5.30014004E+07   5.44664186E+07   5.44664186E+07   7.06623461E+07   5.70870235E+07   5.70870235E+07
   6.12000000E-02   5.24471977E+07   5.38912570E+07   5.38912570E+07   6.99007926E+07   5.64849900E+07   5.64849900E+07
   6.14000000E-02   5.18978445E+07   5.33211340E+07   5.33211340E+07   6.91459260E+07   5.58882296E+07   5.58882296E+07
   6.16000000E-02   5.13532854E+07   5.27559922E+07   5.27559922E+07   6.83976699E+07   5.52966822E+07   5.52966822E+07
   6.18000000E-02   5.08134661E+07   5.21957748E+07   5.21957748E+07   6.76559492E+07   5.47102887E+07   5.47102887E+07
   6.20000000E-02   5.02783328E+07   5.16404261E+07   5.16404261E+07   6.69206897E+07   5.41289905E+07   5.41289905E+07
   6.22000000E-02   4.97478325E+07   5.10898911E+07   5.10898911E+07   6.61918183E+07   5.35527301E+07   5.35527301E+07
   6.24000000E-02   4.92219132E+07   5.05441155E+07   5.05441155E+07   6.54692629E+07   5.29814508E+07   5.29814508E+07
   6.26000000E-02   4.87005233E+07   5.00030459E+07   5.00030459E+07   6.47529526E+07   5.24150966E+07   5.24150966E+07
   6.28000000E-02   4.81836122E+07   4.94666295E+07   4.94666295E+07   6.40428174E+07   5.18536123E+07   5.18536123E+07
   6.30000000E-02   4.76711298E+07   4.89348144E+07   4.89348144E+07   6.33387881E+07   5.12969436E+07   5.12969436E+07
   6.32000000E-02   4.71630270E+07   4.84075493E+07   4.84075493E+07   6.26407967E+07   5.07450368E+07   5.07450368E+07
   6.34000000E-02   4.66592550E+07   4.78847838E+07   4.78847838E+07   6.19487761E+07   5.01978391E+07   5.01978391E+07
   6.36000000E-02   4.61597659E+07   4.73664680E+07   4.73664680E+07   6.12626602E+07   4.96552983E+07   4.96552983E+07
   6.38000000E-02   4.56645126E+07   4.68525528E+07   4.68525528E+07   6.05823837E+07   4.91173631E+07   4.91173631E+07
   6.40000000E-02   4.51734483E+07   4.63429898E+07   4.63429898E+07   5.99078823E+07   4.85839827E+07   4.85839827E+07
   6.42000000E-02   4.46865272E+07   4.58377311E+07   4.58377311E+07   5.92390925E+07   4.80551071E+07   4.80551071E+07
   6.44000000E-02   4.42037039E+07   4.53367297E+07   4.53367297E+07   5.85759517E+07   4.75306871E+07   4.75306871E+07
   6.46000000E-02   4.37249337E+07   4.48399392E+07   4.48399392E+07   5.79183983E+07   4.70106740E+07   4.70106740E+07
   6.48000000E-02   4.32501726E+07   4.43473136E+07   4.43473136E+07   5.72663713E+07   4.64950199E+07   4.64950199E+07
   6.50000000E-02   4.27793770E+07   4.38588079E+07   4.38588079E+07   5.66198107E+07   4.59836775E+07   4.59836775E+07
   6.52000000E-02   4.23125041E+07   4.33743773E+07   4.33743773E+07   5.59786574E+07   4.54766001E+07   4.54766001E+07
   6.54000000E-02   4.18495116E+07   4.28939781E+07   4.28939781E+07   5.53428529E+07   4.49737418E+07   4.49737418E+07
   6.56000000E-02   4.13903577E+07   4.24175667E+07   4.24175667E+07   5.47123396E+07   4.44750570E+07   4.44750570E+07
   6.58000000E-02   4.09350013E+07   4.19451004E+07   4.19451004E+07   5.40870607E+07   4.39805011E+07   4.39805011E+07
   6.60000000E-02   4.04834017E+07   4.14765369E+07   4.14765369E+07   5.34669601E+07   4.34900299E+07   4.34900299E+07
   6.62000000E-02   4.00355189E+07   4.10118347E+07   4.10118347E+07   5.28519825E+07   4.30035997E+07   4.30035997E+07
   6.64000000E-02   3.95913134E+07   4.05509527E+07   4.05509527E+07   5.22420733E+07   4.25211677E+07   4.25211677E+07
   6.66000000E-02   3.91507462E+07   4.00938502E+07   4.00938502E+07   5.16371788E+07   4.20426913E+07   4.20426913E+07
   6.68000000E-02   3.87137787E+07   3.96404874E+07   3.96404874E+07   5.10372456E+07   4.15681287E+07   4.15681287E+07
   6.70000000E-02   3.82803730E+07   3.91908247E+07   3.91908247E+07   5.04422216E+07   4.10974387E+07   4.10974387E+07
   6.72000000E-02   3.78504917E+07   3.87448232E+07   3.87448232E+07   4.98520548E+07   4.06305803E+07   4.06305803E+07
   6.74000000E-02   3.74240978E+07   3.83024446E+07   3.83024446E+07   4.92666944E+07   4.01675136E+07   4.01675136E+07
   6.76000000E-02   3.70011547E+07   3.78636507E+07   3.78636507E+07   4.86860899E+07   3.97081987E+07   3.97081987E+07
   6.78000000E-02   3.65816266E+07   3.74284043E+07   3.74284043E+07   4.81101916E+07   3.92525964E+07   3.92525964E+07
   6.80000000E-02   3.61654778E+07   3.69966684E+07   3.69966684E+07   4.75389505E+07   3.88006683E+07   3.88006683E+07
   6.82000000E-02   3.57526732E+07   3.65684065E+07   3.65684065E+07   4.69723181E+07   3.83523760E+07   3.83523760E+07
   6.84000000E-02   3.53431784E+07   3.61435828E+07   3.61435828E+07   4.64102468E+07   3.79076820E+07   3.79076820E+07
   6.86000000E-02   3.49369590E+07   3.57221616E+07   3.57221616E+07   4.58526893E+07   3.74665490E+07   3.74665490E+07
   6.88000000E-02   3.45339815E+07   3.53041079E+07   3.53041079E+07   4.52995991E+07   3.70289405E+07   3.70289405E+07
   6.90000000E-02   3.41342125E+07   3.48893872E+07   3.48893872E+07   4.47509303E+07   3.65948203E+07   3.65948203E+07
   6.92000000E-02   3.37376191E+07   3.44779652E+07   3.44779652E+07   4.42066375E+07   3.61641524E+07   3.61641524E+07
   6.94000000E-02   3.33441689E+07   3.40698083E+07   3.40698083E+07   4.36666760E+07   3.57369018E+07   3.57369018E+07
   6.96000000E-02   3.29538299E+07   3.36648833E+07   3.36648833E+07   4.31310014E+07   3.53130336E+07   3.53130336E+07
   6.98000000E-02   3.25665705E+07   3.32631571E+07   3.32631571E+07   4.25995704E+07   3.48925134E+07   3.48925134E+07
   7.00000000E-02   3.21823595E+07   3.28645975E+07   3.28645975E+07   4.20723396E+07   3.44753072E+07   3.44753072E+07
   7.02000000E-02   3.18011661E+07   3.24691724E+07   3.24691724E+07   4.15492668E+07   3.40613816E+07   3.40613816E+07
   7.04000000E-02   3.14229599E+07   3.20768502E+07   3.20768502E+07   4.10303097E+07   3.36507034E+07   3.36507034E+07
   7.06000000E-02   3.10477108E+07   3.16875996E+07   3.16875996E+07   4.05154271E+07   3.32432401E+07   3.32432401E+07
   7.08000000E-02   3.06753891E+07   3.13013899E+07   3.13013899E+07   4.00045780E+07   3.28389593E+07   3.28389593E+07
   7.10000000E-02   3.03059657E+07   3.09181906E+07   3.09181906E+07   3.94977219E+07   3.24378292E+07   3.24378292E+07
   7.12000000E-02   2.99394115E+07   3.05379717E+07   3.05379717E+07   3.89948190E+07   3.20398183E+07   3.20398183E+07
   7.14000000E-02   2.95756980E+07   3.01607035E+07   3.01607035E+07   3.84958298E+07   3.16448957E+07   3.16448957E+07
   7.16000000E-02   2.92147971E+07   2.97863566E+07   2.97863566E+07   3.80007155E+07   3.12530305E+07   3.12530305E+07
   7.18000000E-02   2.88566809E+07   2.94149022E+07   2.94149022E+07   3.75094376E+07   3.08641926E+07   3.08641926E+07
   7.20000000E-02   2.85013218E+07   2.90463117E+07   2.90463117E+07   3.70219581E+07   3.04783520E+07   3.04783520E+07
   7.22000000E-02   2.81486928E+07   2.86805568E+07   2.86805568E+07   3.65382397E+07   3.00954793E+07   3.00954793E+07
   7.24000000E-02   2.77987670E+07   2.83176097E+07   2.83176097E+07   3.60582452E+07   2.97155451E+07   2.97155451E+07
   7.26000000E-02   2.74515178E+07   2.79574428E+07   2.79574428E+07   3.55819381E+07   2.93385207E+07   2.93385207E+07
   7.28000000E-02   2.71069192E+07   2.76000289E+07   2.76000289E+07   3.51092823E+07   2.89643777E+07   2.89643777E+07
   7.30000000E-02   2.67649453E+07   2.72453412E+07   2.72453412E+07   3.46402421E+07   2.85930879E+07   2.85930879E+07
   7.32000000E-02   2.64255706E+07   2.68933531E+07   2.68933531E+07   3.41747823E+07   2.82246235E+07   2.82246235E+07
   7.34000000E-02   2.60887698E+07   2.65440385E+07   2.65440385E+07   3.37128681E+07   2.78589572E+07   2.78589572E+07
   7.36000000E-02   2.57545180E+07   2.61973713E+07   2.61973713E+07   3.32544651E+07   2.74960618E+07   2.74960618E+07
   7.38000000E-02   2.54227906E+07   2.58533262E+07   2.58533262E+07   3.27995393E+07   2.71359105E+07   2.71359105E+07
   7.40000000E-02   2.50935633E+07   2.55118777E+07   2.55118777E+07   3.23480572E+07   2.67784770E+07   2.67784770E+07
   7.42000000E-02   2.47668120E+07   2.51730009E+07   2.51730009E+07   3.18999856E+07   2.64237350E+07   2.64237350E+07
   7.44000000E-02   2.44425131E+07   2.48366711E+07   2.48366711E+07   3.14552919E+07   2.60716588E+07   2.60716588E+07
   7.46000000E-02   2.41206431E+07   2.45028641E+07   2.45028641E+07   3.10139435E+07   2.57222229E+07   2.57222229E+07
   7.48000000E-02   2.38011788E+07   2.41715556E+07   2.41715556E+07   3.05759087E+07   2.53754021E+07   2.53754021E+07
   7.50000000E-02   2.34840973E+07   2.38427220E+07   2.38427220E+07   3.01411557E+07   2.50311714E+07   2.50311714E+07
   7.52000000E-02   2.31693760E+07   2.35163396E+07   2.35163396E+07   2.97096534E+07   2.46895063E+07   2.46895063E+07
   7.54000000E-02   2.28569926E+07   2.31923854E+07   2.31923854E+07   2.92813709E+07   2.43503825E+07   2.43503825E+07
   7.56000000E-02   2.25469249E+07   2.28708362E+07   2.28708362E+07   2.88562778E+07   2.40137759E+07   2.40137759E+07
   7.58000000E-02   2.22391512E+07   2.25516696E+07   2.25516696E+07   2.84343439E+07   2.36796628E+07   2.36796628E+07
   7.60000000E-02   2.19336499E+07   2.22348629E+07   2.22348629E+07   2.80155396E+07   2.33480198E+07   2.33480198E+07
   7.62000000E-02   2.16303996E+07   2.19203942E+07   2.19203942E+07   2.75998353E+07   2.30188236E+07   2.30188236E+07
   7.64000000E-02   2.13293793E+07   2.16082414E+07   2.16082414E+07   2.71872021E+07   2.26920515E+07   2.26920515E+07
   7.66000000E-02   2.10305682E+07   2.12983830E+07   2.12983830E+07   2.67776111E+07   2.23676806E+07   2.23676806E+07
   7.68000000E-02   2.07339458E+07   2.09907976E+07   2.09907976E+07   2.63710341E+07   2.20456888E+07   2.20456888E+07
   7.70000000E-02   2.04394916E+07   2.06854641E+07   2.06854641E+07   2.59674430E+07   2.17260537E+07   2.17260537E+07
   7.72000000E-02   2.01471855E+07   2.03823615E+07   2.03823615E+07   2.55668100E+07   2.14087537E+07   2.14087537E+07
   7.74000000E-02   1.98570078E+07   2.00814693E+07   2.00814693E+07   2.51691077E+07   2.10937670E+07   2.10937670E+07
   7.76000000E-02   1.95689388E+07   1.97827669E+07   1.97827669E+07   2.47743091E+07   2.07810724E+07   2.07810724E+07
   7.78000000E-02   1.92829590E+07   1.94862344E+07   1.94862344E+07   2.43823874E+07   2.04706486E+07   2.04706486E+07
   7.80000000E-02   1.89990494E+07   1.91918516E+07   1.91918516E+07   2.39933161E+07   2.01624749E+07   2.01624749E+07
   7.82000000E-02   1.87171908E+07   1.88995989E+07   1.88995989E+07   2.36070690E+07   1.98565307E+07   1.98565307E+07
   7.84000000E-02   1.84373646E+07   1.86094569E+07   1.86094569E+07   2.32236202E+07   1.95527955E+07   1.95527955E+07
   7.86000000E-02   1.81595522E+07   1.83214062E+07   1.83214062E+07   2.28429443E+07   1.92512491E+07   1.92512491E+07
   7.88000000E-02   1.78837353E+07   1.80354279E+07   1.80354279E+07   2.24650159E+07   1.89518717E+07   1.89518717E+07
   7.90000000E-02   1.76098958E+07   1.77515030E+07   1.77515030E+07   2.20898101E+07   1.86546436E+07   1.86546436E+07
   7.92000000E-02   1.73380158E+07   1.74696130E+07   1.74696130E+07   2.17173021E+07   1.83595452E+07   1.83595452E+07
   7.94000000E-02   1.70680776E+07   1.71897395E+07   1.71897395E+07   2.13474674E+07   1.80665573E+07   1.80665573E+07
   7.96000000E-02   1.68000637E+07   1.69118643E+07   1.69118643E+07   2.09802821E+07   1.77756610E+07   1.77756610E+07
   7.98000000E-02   1.65339567E+07   1.66359694E+07   1.66359694E+07   2.06157221E+07   1.74868372E+07   1.74868372E+07
   8.00000000E-02   1.62697395E+07   1.63620370E+07   1.63620370E+07   2.02537639E+07   1.72000676E+07   1.72000676E+07
   8.02000000E-02   1.60073952E+07   1.60900496E+07   1.60900496E+07   1.98943841E+07   1.69153335E+07   1.69153335E+07
   8.04000000E-02   1.57469072E+07   1.58199897E+07   1.58199897E+07   1.95375597E+07   1.66326169E+07   1.66326169E+07
   8.06000000E-02   1.54882587E+07   1.55518401E+07   1.55518401E+07   1.91832678E+07   1.63518997E+07   1.63518997E+07
   8.08000000E-02   1.52314335E+07   1.52855839E+07   1.52855839E+07   1.88314858E+07   1.60731641E+07   1.60731641E+07
   8.10000000E-02   1.49764154E+07   1.50212042E+07   1.50212042E+07   1.84821914E+07   1.57963926E+07   1.57963926E+07
   8.12000000E-02   1.47231884E+07   1.47586844E+07   1.47586844E+07   1.81353626E+07   1.55215678E+07   1.55215678E+07
   8.14000000E-02   1.44717367E+07   1.44980081E+07   1.44980081E+07   1.77909775E+07   1.52486724E+07   1.52486724E+07
   8.16000000E-02   1.42220445E+07   1.42391589E+07   1.42391589E+07   1.74490145E+07   1.49776893E+07   1.49776893E+07
   8.18000000E-02   1.39740965E+07   1.39821208E+07   1.39821208E+07   1.71094523E+07   1.47086019E+07   1.47086019E+07
   8.20000000E-02   1.37278772E+07   1.37268779E+07   1.37268779E+07   1.67722698E+07   1.44413933E+07   1.44413933E+07
   8.22000000E-02   1.34833716E+07   1.34734145E+07   1.34734145E+07   1.64374461E+07   1.41760473E+07   1.41760473E+07
   8.24000000E-02   1.32405648E+07   1.32217150E+07   1.32217150E+07   1.61049605E+07   1.39125474E+07   1.39125474E+07
   8.26000000E-02   1.29994417E+07   1.29717640E+07   1.29717640E+07   1.57747925E+07   1.36508775E+07   1.36508775E+07
   8.28000000E-02   1.27636817E+07   1.27254770E+07   1.27254770E+07   1.54523069E+07   1.33951761E+07   1.33951761E+07
   8.30000000E-02   1.25979379E+07   1.25166415E+07   1.25166415E+07   1.52371068E+07   1.32194116E+07   1.32194116E+07
   8.32000000E-02   1.24821211E+07   1.23347493E+07   1.23347493E+07   1.50998328E+07   1.31009733E+07   1.31009733E+07
   8.34000000E-02   1.23702288E+07   1.21557469E+07   1.21557469E+07   1.49684064E+07   1.29869480E+07   1.29869480E+07
   8.36000000E-02   1.22590677E+07   1.19779581E+07   1.19779581E+07   1.48378364E+07   1.28736656E+07   1.28736656E+07
   8.38000000E-02   1.21486317E+07   1.18013725E+07   1.18013725E+07   1.47081156E+07   1.27611199E+07   1.27611199E+07
   8.40000000E-02   1.20389146E+07   1.16259796E+07   1.16259796E+07   1.45792367E+07   1.26493047E+07   1.26493047E+07
   8.42000000E-02   1.19299104E+07   1.14517695E+07   1.14517695E+07   1.44511928E+07   1.25382139E+07   1.25382139E+07
   8.44000000E-02   1.18216131E+07   1.12787319E+07   1.12787319E+07   1.43239768E+07   1.24278414E+07   1.24278414E+07
   8.46000000E-02   1.17140168E+07   1.11068570E+07   1.11068570E+07   1.41975818E+07   1.23181812E+07   1.23181812E+07
   8.48000000E-02   1.16071157E+07   1.09361349E+07   1.09361349E+07   1.40720010E+07   1.22092274E+07   1.22092274E+07
   8.50000000E-02   1.15009040E+07   1.07665559E+07   1.07665559E+07   1.39472276E+07   1.21009741E+07   1.21009741E+07
   8.52000000E-02   1.13953759E+07   1.05981103E+07   1.05981103E+07   1.38232550E+07   1.19934155E+07   1.19934155E+07
   8.54000000E-02   1.12905258E+07   1.04307886E+07   1.04307886E+07   1.37000764E+07   1.18865459E+07   1.18865459E+07
   8.56000000E-02   1.11863480E+07   1.02645813E+07   1.02645813E+07   1.35776853E+07   1.17803595E+07   1.17803595E+07
   8.58000000E-02   1.10828371E+07   1.00994791E+07   1.00994791E+07   1.34560752E+07   1.16748507E+07   1.16748507E+07
   8.60000000E-02   1.09799875E+07   9.93547271E+06   9.93547271E+06   1.33352398E+07   1.15700139E+07   1.15700139E+07
   8.62000000E-02   1.08777937E+07   9.77255306E+06   9.77255306E+06   1.32151725E+07   1.14658437E+07   1.14658437E+07
   8.64000000E-02   1.07762505E+07   9.61071106E+06   9.61071106E+06   1.30958673E+07   1.13623345E+07   1.13623345E+07
   8.66000000E-02   1.06753524E+07   9.44993775E+06   9.44993775E+06   1.29773177E+07   1.12594810E+07   1.12594810E+07
   8.68000000E-02   1.05750943E+07   9.29022427E+06   9.29022427E+06   1.28595176E+07   1.11572778E+07   1.11572778E+07
   8.70000000E-02   1.04754708E+07   9.13156184E+06   9.13156184E+06   1.27424611E+07   1.10557195E+07   1.10557195E+07
   8.72000000E-02   1.03764768E+07   8.97394178E+06   8.97394178E+06   1.26261419E+07   1.09548011E+07   1.09548011E+07
   8.74000000E-02   1.02781073E+07   8.81735549E+06   8.81735549E+06   1.25105541E+07   1.08545172E+07   1.08545172E+07
   8.76000000E-02   1.01803572E+07   8.66179448E+06   8.66179448E+06   1.23956918E+07   1.07548628E+07   1.07548628E+07
   8.78000000E-02   1.00832213E+07   8.50725031E+06   8.50725031E+06   1.22815492E+07   1.06558327E+07   1.06558327E+07
   8.80000000E-02   9.98669492E+06   8.35371467E+06   8.35371467E+06   1.21681205E+07   1.05574220E+07   1.05574220E+07
   8.82000000E-02   9.89077298E+06   8.20117929E+06   8.20117929E+06   1.20553998E+07   1.04596256E+07   1.04596256E+07
   8.84000000E-02   9.79545068E+06   8.04963603E+06   8.04963603E+06   1.19433816E+07   1.03624387E+07   1.03624387E+07
   8.86000000E-02   9.70072320E+06   7.89907679E+06   7.89907679E+06   1.18320602E+07   1.02658563E+07   1.02658563E+07
   8.88000000E-02   9.60658579E+06   7.74949359E+06   7.74949359E+06   1.17214300E+07   1.01698736E+07   1.01698736E+07
   8.90000000E-02   9.51303373E+06   7.60087850E+06   7.60087850E+06   1.16114856E+07   1.00744858E+07   1.00744858E+07
   8.92000000E-02   9.42006236E+06   7.45322369E+06   7.45322369E+06   1.15022214E+07   9.97968829E+06   9.97968829E+06
   8.94000000E-02   9.32766707E+06   7.30652140E+06   7.30652140E+06   1.13936320E+07   9.88547624E+06   9.88547624E+06
   8.96000000E-02   9.23584327E+06   7.16076394E+06   7.16076394E+06   1.12857122E+07   9.79184507E+06   9.79184507E+06
   8.98000000E-02   9.14458645E+06   7.01594372E+06   7.01594372E+06   1.11784567E+07   9.69879017E+06   9.69879017E+06
   9.00000000E-02   9.05389212E+06   6.87205321E+06   6.87205321E+06   1.10718601E+07   9.60630699E+06   9.60630699E+06
   9.02000000E-02   8.96375585E+06   6.72908496E+06   6.72908496E+06   1.09659172E+07   9.51439105E+06   9.51439105E+06
   9.04000000E-02   8.87417324E+06   6.58703159E+06   6.58703159E+06   1.08606231E+07   9.42303786E+06   9.42303786E+06
   9.06000000E-02   8.78513995E+06   6.44588580E+06   6.44588580E+06   1.07559724E+07   9.33224303E+06   9.33224303E+06
   9.08000000E-02   8.69665166E+06   6.30564035E+06   6.30564035E+06   1.06519604E+07   9.24200217E+06   9.24200217E+06
   9.10000000E-02   8.60870412E+06   6.16628809E+06   6.16628809E+06   1.05485818E+07   9.15231096E+06   9.15231096E+06
   9.12000000E-02   8.52129310E+06   6.02782192E+06   6.02782192E+06   1.04458318E+07   9.06316512E+06   9.06316512E+06
   9.14000000E-02   8.43441442E+06   5.89023484E+06   5.89023484E+06   1.03437055E+07   8.97456039E+06   8.97456039E+06
   9.16000000E-02   8.34806394E+06   5.75351988E+06   5.75351988E+06   1.02421981E+07   8.88649258E+06   8.88649258E+06
   9.18000000E-02   8.26320047E+06   5.63886978E+06   5.63886978E+06   1.01413048E+07   8.79895753E+06   8.79895753E+06
   9.20000000E-02   8.18074701E+06   5.56668810E+06   5.56668810E+06   1.00410207E+07   8.71195110E+06   8.71195110E+06
   9.22000000E-02   8.09974617E+06   5.51597849E+06   5.51597849E+06   9.94134125E+06   8.62546922E+06   8.62546922E+06
   9.24000000E-02   8.01923275E+06   5.46557194E+06   5.46557194E+06   9.84226173E+06   8.53950786E+06   8.53950786E+06
   9.26000000E-02   7.93920301E+06   5.41546612E+06   5.41546612E+06   9.74377754E+06   8.45406299E+06   8.45406299E+06
   9.28000000E-02   7.85965322E+06   5.36565873E+06   5.36565873E+06   9.64588411E+06   8.36913067E+06   8.36913067E+06
   9.30000000E-02   7.78057972E+06   5.31614749E+06   5.31614749E+06   9.54857691E+06   8.28470696E+06   8.28470696E+06
   9.32000000E-02   7.70197886E+06   5.26693014E+06   5.26693014E+06   9.45185146E+06   8.20078797E+06   8.20078797E+06
   9.34000000E-02   7.62384703E+06   5.21800445E+06   5.21800445E+06   9.35570332E+06   8.11736986E+06   8.11736986E+06
   9.36000000E-02   7.54618067E+06   5.16936820E+06   5.16936820E+06   9.26012810E+06   8.03444880E+06   8.03444880E+06
   9.38000000E-02   7.46897624E+06   5.12101920E+06   5.12101920E+06   9.16512144E+06   7.95202103E+06   7.95202103E+06
   9.40000000E-02   7.39223023E+06   5.07295528E+06   5.07295528E+06   9.07067902E+06   7.87008279E+06   7.87008279E+06
   9.42000000E-02   7.31593917E+06   5.02517427E+06   5.02517427E+06   8.97679657E+06   7.78863039E+06   7.78863039E+06
   9.44000000E-02   7.24009962E+06   4.97767406E+06   4.97767406E+06   8.88346987E+06   7.70766014E+06   7.70766014E+06
   9.46000000E-02   7.16470818E+06   4.93045253E+06   4.93045253E+06   8.79069471E+06   7.62716842E+06   7.62716842E+06
   9.48000000E-02   7.08976147E+06   4.88350758E+06   4.88350758E+06   8.69846696E+06   7.54715162E+06   7.54715162E+06
   9.50000000E-02   7.01525616E+06   4.83683715E+06   4.83683715E+06   8.60678248E+06   7.46760617E+06   7.46760617E+06
   9.52000000E-02   6.94118893E+06   4.79043918E+06   4.79043918E+06   8.51563722E+06   7.38852853E+06   7.38852853E+06
   9.54000000E-02   6.86755650E+06   4.74431164E+06   4.74431164E+06   8.42502713E+06   7.30991521E+06   7.30991521E+06
   9.56000000E-02   6.79435563E+06   4.69845251E+06   4.69845251E+06   8.33494822E+06   7.23176274E+06   7.23176274E+06
   9.58000000E-02   6.72158310E+06   4.65285980E+06   4.65285980E+06   8.24539651E+06   7.15406767E+06   7.15406767E+06
   9.60000000E-02   6.64923572E+06   4.60753153E+06   4.60753153E+06   8.15636810E+06   7.07682661E+06   7.07682661E+06
   9.62000000E-02   6.57731033E+06   4.56246575E+06   4.56246575E+06   8.06785909E+06   7.00003619E+06   7.00003619E+06
   9.64000000E-02   6.50580380E+06   4.51766051E+06   4.51766051E+06   7.97986564E+06   6.92369305E+06   6.92369305E+06
   9.66000000E-02   6.43471304E+06   4.47311389E+06   4.47311389E+06   7.89238391E+06   6.84779389E+06   6.84779389E+06
   9.68000000E-02   6.36403497E+06   4.42882398E+06   4.42882398E+06   7.80541015E+06   6.77233544E+06   6.77233544E+06
   9.70000000E-02   6.29376655E+06   4.38478890E+06   4.38478890E+06   7.71894059E+06   6.69731443E+06   6.69731443E+06
   9.72000000E-02   6.22390476E+06   4.34100678E+06   4.34100678E+06   7.63297153E+06   6.62272766E+06   6.62272766E+06
   9.74000000E-02   6.15444663E+06   4.29747577E+06   4.29747577E+06   7.54749930E+06   6.54857193E+06   6.54857193E+06
   9.76000000E-02   6.08538918E+06   4.25419402E+06   4.25419402E+06   7.46252024E+06   6.47484408E+06   6.47484408E+06
   9.78000000E-02   6.01672949E+06   4.21115973E+06   4.21115973E+06   7.37803076E+06   6.40154098E+06   6.40154098E+06
   9.80000000E-02   5.94846465E+06   4.16837108E+06   4.16837108E+06   7.29402727E+06   6.32865953E+06   6.32865953E+06
   9.82000000E-02   5.88059178E+06   4.12582630E+06   4.12582630E+06   7.21050623E+06   6.25619665E+06   6.25619665E+06
   9.84000000E-02   5.81310803E+06   4.08352362E+06   4.08352362E+06   7.12746412E+06   6.18414929E+06   6.18414929E+06
   9.86000000E-02   5.74601058E+06   4.04146127E+06   4.04146127E+06   7.04489748E+06   6.11251444E+06   6.11251444E+06
   9.88000000E-02   5.67929661E+06   3.99963753E+06   3.99963753E+06   6.96280285E+06   6.04128911E+06   6.04128911E+06
   9.90000000E-02   5.61296337E+06   3.95805066E+06   3.95805066E+06   6.88117681E+06   5.97047033E+06   5.97047033E+06
   9.92000000E-02   5.54700809E+06   3.91669898E+06   3.91669898E+06   6.80001599E+06   5.90005517E+06   5.90005517E+06
   9.94000000E-02   5.48142805E+06   3.87558077E+06   3.87558077E+06   6.71931701E+06   5.83004070E+06   5.83004070E+06
   9.96000000E-02   5.41622055E+06   3.83469438E+06   3.83469438E+06   6.63907657E+06   5.76042406E+06   5.76042406E+06
   9.98000000E-02   5.35138291E+06   3.79403813E+06   3.79403813E+06   6.55929136E+06   5.69120238E+06   5.69120238E+06
   1.00000000E-01   5.28691248E+06   3.75361038E+06   3.75361038E+06   6.47995812E+06   5.62237282E+06   5.62237282E+06