# TBinMid=1.1515 ssec TBinWidth=0.1 ss EBinWidth=0.2MeV Fluence at Earth for this timebin in neutrinos per cm^2
# E(GeV)	NuE	NuMu	NuTau	aNuE	aNuMu	aNuTau
   1.38589050E-13   1.30443166E+18   1.41977757E+18   1.41977757E+18   9.66491431E+17   1.22103028E+18   1.22103028E+18
   2.00000000E-04   2.33248920E+09   2.53874232E+09   2.53874232E+09   1.72820922E+09   2.18335695E+09   2.18335695E+09
   4.00000000E-04   1.18972064E+09   1.29492310E+09   1.29492310E+09   8.81498695E+08   1.11365353E+09   1.11365353E+09
   6.00000000E-04   8.02302165E+08   8.73246684E+08   8.73246684E+08   5.94449055E+08   7.51005410E+08   7.51005410E+08
   8.00000000E-04   6.06598343E+08   6.60237520E+08   6.60237520E+08   4.49446390E+08   5.67814294E+08   5.67814294E+08
   1.00000000E-03   4.88301713E+08   5.31480371E+08   5.31480371E+08   3.61796970E+08   4.57081190E+08   4.57081190E+08
   1.20000000E-03   4.08976430E+08   4.45140655E+08   4.45140655E+08   3.03022555E+08   3.82827724E+08   3.82827724E+08
   1.40000000E-03   5.01579381E+08   6.48082219E+08   6.48082219E+08   3.65515452E+08   4.64354373E+08   4.64354373E+08
   1.60000000E-03   5.66028262E+08   8.59876546E+08   8.59876546E+08   4.06510182E+08   5.17938624E+08   5.17938624E+08
   1.80000000E-03   6.31495452E+08   1.00889561E+09   1.00889561E+09   4.52827466E+08   5.75873987E+08   5.75873987E+08
   2.00000000E-03   9.20393607E+08   1.23489912E+09   1.23489912E+09   6.85247468E+08   8.53827316E+08   8.53827316E+08
   2.20000000E-03   1.14380506E+09   1.77826930E+09   1.77826930E+09   8.51327420E+08   1.05214621E+09   1.05214621E+09
   2.40000000E-03   1.30987180E+09   2.27563223E+09   2.27563223E+09   9.71499486E+08   1.19538767E+09   1.19538767E+09
   2.60000000E-03   1.43106611E+09   2.64875312E+09   2.64875312E+09   1.05905463E+09   1.29952041E+09   1.29952041E+09
   2.80000000E-03   1.80320208E+09   3.07903777E+09   3.07903777E+09   1.45679112E+09   1.67553767E+09   1.67553767E+09
   3.00000000E-03   2.11699115E+09   3.42345419E+09   3.42345419E+09   1.79671987E+09   1.99433701E+09   1.99433701E+09
   3.20000000E-03   2.36528757E+09   3.69154757E+09   3.69154757E+09   2.06770418E+09   2.24722931E+09   2.24722931E+09
   3.40000000E-03   2.56963052E+09   4.05430027E+09   4.05430027E+09   2.28493151E+09   2.44882079E+09   2.44882079E+09
   3.60000000E-03   2.73779918E+09   4.45722654E+09   4.45722654E+09   2.45972470E+09   2.60998951E+09   2.60998951E+09
   3.80000000E-03   2.87233567E+09   4.78555563E+09   4.78555563E+09   2.60065934E+09   2.73896539E+09   2.73896539E+09
   4.00000000E-03   3.12484937E+09   5.12941410E+09   5.12941410E+09   2.95686870E+09   3.01245328E+09   3.01245328E+09
   4.20000000E-03   3.36787662E+09   5.43065746E+09   5.43065746E+09   3.31175923E+09   3.27957579E+09   3.27957579E+09
   4.40000000E-03   3.57140782E+09   5.68028724E+09   5.68028724E+09   3.61237131E+09   3.50417931E+09   3.50417931E+09
   4.60000000E-03   3.74207503E+09   5.88709667E+09   5.88709667E+09   3.86765756E+09   3.69336103E+09   3.69336103E+09
   4.80000000E-03   3.88522376E+09   6.05816112E+09   6.05816112E+09   4.08484925E+09   3.85284536E+09   3.85284536E+09
   5.00000000E-03   4.00519866E+09   6.19922126E+09   6.19922126E+09   4.26983649E+09   3.98728831E+09   3.98728831E+09
   5.20000000E-03   4.10555800E+09   6.31497034E+09   6.31497034E+09   4.42745395E+09   4.10050592E+09   4.10050592E+09
   5.40000000E-03   4.18928307E+09   6.41029875E+09   6.41029875E+09   4.56169805E+09   4.19564784E+09   4.19564784E+09
   5.60000000E-03   4.25879550E+09   6.48809239E+09   6.48809239E+09   4.67589374E+09   4.27533049E+09   4.27533049E+09
   5.80000000E-03   4.34389216E+09   6.56466045E+09   6.56466045E+09   4.85443040E+09   4.38263632E+09   4.38263632E+09
   6.00000000E-03   4.42135847E+09   6.62923254E+09   6.62923254E+09   5.02656869E+09   4.48275958E+09   4.48275958E+09
   6.20000000E-03   4.48677345E+09   6.68064516E+09   6.68064516E+09   5.17700330E+09   4.56860976E+09   4.56860976E+09
   6.40000000E-03   4.54170086E+09   6.72068534E+09   6.72068534E+09   5.30842097E+09   4.64200568E+09   4.64200568E+09
   6.60000000E-03   4.58747606E+09   6.75087394E+09   6.75087394E+09   5.42312439E+09   4.70450265E+09   4.70450265E+09
   6.80000000E-03   4.62524413E+09   6.77251056E+09   6.77251056E+09   5.52309548E+09   4.75743622E+09   4.75743622E+09
   7.00000000E-03   4.65599073E+09   6.78670990E+09   6.78670990E+09   5.61004677E+09   4.80195771E+09   4.80195771E+09
   7.20000000E-03   4.68056742E+09   6.79443145E+09   6.79443145E+09   5.68546357E+09   4.83906327E+09   4.83906327E+09
   7.40000000E-03   4.69971237E+09   6.79650379E+09   6.79650379E+09   5.75063859E+09   4.86961774E+09   4.86961774E+09
   7.60000000E-03   4.71406754E+09   6.79364465E+09   6.79364465E+09   5.80670059E+09   4.89437439E+09   4.89437439E+09
   7.80000000E-03   4.72419283E+09   6.78647751E+09   6.78647751E+09   5.85463827E+09   4.91399133E+09   4.91399133E+09
   8.00000000E-03   4.73057800E+09   6.77554542E+09   6.77554542E+09   5.89532015E+09   4.92904511E+09   4.92904511E+09
   8.20000000E-03   4.73365253E+09   6.76132254E+09   6.76132254E+09   5.92951126E+09   4.94004224E+09   4.94004224E+09
   8.40000000E-03   4.71498745E+09   6.73439348E+09   6.73439348E+09   5.93666695E+09   4.92772955E+09   4.92772955E+09
   8.60000000E-03   4.68374360E+09   6.67503814E+09   6.67503814E+09   5.92865489E+09   4.90295440E+09   4.90295440E+09
   8.80000000E-03   4.65084769E+09   6.58734167E+09   6.58734167E+09   5.91808505E+09   4.87728724E+09   4.87728724E+09
   9.00000000E-03   4.61779754E+09   6.50213625E+09   6.50213625E+09   5.90525637E+09   4.85087624E+09   4.85087624E+09
   9.20000000E-03   4.58467273E+09   6.41931994E+09   6.41931994E+09   5.89043351E+09   4.82385096E+09   4.82385096E+09
   9.40000000E-03   4.55154165E+09   6.33879560E+09   6.33879560E+09   5.87385120E+09   4.79632481E+09   4.79632481E+09
   9.60000000E-03   4.51846307E+09   6.26047079E+09   6.26047079E+09   5.85571795E+09   4.76839717E+09   4.76839717E+09
   9.80000000E-03   4.48548744E+09   6.18425755E+09   6.18425755E+09   5.83621929E+09   4.74015517E+09   4.74015517E+09
   1.00000000E-02   4.45265796E+09   6.11007215E+09   6.11007215E+09   5.81552054E+09   4.71167527E+09   4.71167527E+09
   1.02000000E-02   4.42001158E+09   6.03783494E+09   6.03783494E+09   5.79376916E+09   4.68302457E+09   4.68302457E+09
   1.04000000E-02   4.38757981E+09   5.96747014E+09   5.96747014E+09   5.77109691E+09   4.65426196E+09   4.65426196E+09
   1.06000000E-02   4.35538940E+09   5.89890562E+09   5.89890562E+09   5.74762160E+09   4.62543916E+09   4.62543916E+09
   1.08000000E-02   4.32346301E+09   5.83207275E+09   5.83207275E+09   5.72344870E+09   4.59660154E+09   4.59660154E+09
   1.10000000E-02   4.29181967E+09   5.76690617E+09   5.76690617E+09   5.69867274E+09   4.56778892E+09   4.56778892E+09
   1.12000000E-02   4.26047530E+09   5.70334367E+09   5.70334367E+09   5.67337849E+09   4.53903619E+09   4.53903619E+09
   1.14000000E-02   4.22944307E+09   5.64132597E+09   5.64132597E+09   5.64764201E+09   4.51037389E+09   4.51037389E+09
   1.16000000E-02   4.19873376E+09   5.58079660E+09   5.58079660E+09   5.62153164E+09   4.48182876E+09   4.48182876E+09
   1.18000000E-02   4.16835606E+09   5.52170174E+09   5.52170174E+09   5.59510879E+09   4.45342411E+09   4.45342411E+09
   1.20000000E-02   4.13831685E+09   5.46399007E+09   5.46399007E+09   5.56842867E+09   4.42518027E+09   4.42518027E+09
   1.22000000E-02   4.09876314E+09   5.40245963E+09   5.40245963E+09   5.52547575E+09   4.38563056E+09   4.38563056E+09
   1.24000000E-02   4.03701674E+09   5.33043466E+09   5.33043466E+09   5.44561353E+09   4.32001302E+09   4.32001302E+09
   1.26000000E-02   3.97716184E+09   5.26045823E+09   5.26045823E+09   5.36814082E+09   4.25639797E+09   4.25639797E+09
   1.28000000E-02   3.91911191E+09   5.19244171E+09   5.19244171E+09   5.29295015E+09   4.19469406E+09   4.19469406E+09
   1.30000000E-02   3.86278565E+09   5.12630156E+09   5.12630156E+09   5.21994043E+09   4.13481541E+09   4.13481541E+09
   1.32000000E-02   3.80810658E+09   5.06195900E+09   5.06195900E+09   5.14901651E+09   4.07668127E+09   4.07668127E+09
   1.34000000E-02   3.75500272E+09   4.99933967E+09   4.99933967E+09   5.08008876E+09   4.02021561E+09   4.02021561E+09
   1.36000000E-02   3.70340624E+09   4.93837331E+09   4.93837331E+09   5.01307263E+09   3.96534675E+09   3.96534675E+09
   1.38000000E-02   3.65218667E+09   4.85551336E+09   4.85551336E+09   4.94788834E+09   3.91200712E+09   3.91200712E+09
   1.40000000E-02   3.60161180E+09   4.75792187E+09   4.75792187E+09   4.88446053E+09   3.86013292E+09   3.86013292E+09
   1.42000000E-02   3.55243921E+09   4.66347418E+09   4.66347418E+09   4.82271794E+09   3.80966386E+09   3.80966386E+09
   1.44000000E-02   3.50461109E+09   4.57202844E+09   4.57202844E+09   4.76259314E+09   3.76054294E+09   3.76054294E+09
   1.46000000E-02   3.45807276E+09   4.48345096E+09   4.48345096E+09   4.70402231E+09   3.71271622E+09   3.71271622E+09
   1.48000000E-02   3.41277250E+09   4.39761572E+09   4.39761572E+09   4.64694495E+09   3.66613262E+09   3.66613262E+09
   1.50000000E-02   3.36866130E+09   4.31440382E+09   4.31440382E+09   4.59130369E+09   3.62074373E+09   3.62074373E+09
   1.52000000E-02   3.32569272E+09   4.23370295E+09   4.23370295E+09   4.53704409E+09   3.57650363E+09   3.57650363E+09
   1.54000000E-02   3.28382271E+09   4.15540700E+09   4.15540700E+09   4.48411445E+09   3.53336873E+09   3.53336873E+09
   1.56000000E-02   3.24300946E+09   4.07941560E+09   4.07941560E+09   4.43246564E+09   3.49129766E+09   3.49129766E+09
   1.58000000E-02   3.20321328E+09   4.00563377E+09   4.00563377E+09   4.38205094E+09   3.45025106E+09   3.45025106E+09
   1.60000000E-02   3.16439641E+09   3.93397154E+09   3.93397154E+09   4.33282589E+09   3.41019154E+09   3.41019154E+09
   1.62000000E-02   3.12652298E+09   3.86434366E+09   3.86434366E+09   4.28474818E+09   3.37108350E+09   3.37108350E+09
   1.64000000E-02   3.08955883E+09   3.79666930E+09   3.79666930E+09   4.23777748E+09   3.33289303E+09   3.33289303E+09
   1.66000000E-02   3.05347144E+09   3.73087171E+09   3.73087171E+09   4.19187534E+09   3.29558784E+09   3.29558784E+09
   1.68000000E-02   3.01822982E+09   3.66687805E+09   3.66687805E+09   4.14700510E+09   3.25913714E+09   3.25913714E+09
   1.70000000E-02   2.98380445E+09   3.60461911E+09   3.60461911E+09   4.10313177E+09   3.22351156E+09   3.22351156E+09
   1.72000000E-02   2.95016715E+09   3.54402907E+09   3.54402907E+09   4.06022193E+09   3.18868308E+09   3.18868308E+09
   1.74000000E-02   2.91729102E+09   3.48504533E+09   3.48504533E+09   4.01824366E+09   3.15462491E+09   3.15462491E+09
   1.76000000E-02   2.88515040E+09   3.42760831E+09   3.42760831E+09   3.97716644E+09   3.12131150E+09   3.12131150E+09
   1.78000000E-02   2.85372075E+09   3.37166127E+09   3.37166127E+09   3.93696108E+09   3.08871838E+09   3.08871838E+09
   1.80000000E-02   2.80147613E+09   3.30591056E+09   3.30591056E+09   3.86311820E+09   3.03190406E+09   3.03190406E+09
   1.82000000E-02   2.74818588E+09   3.24064999E+09   3.24064999E+09   3.78732978E+09   2.97377726E+09   2.97377726E+09
   1.84000000E-02   2.69629741E+09   3.17712089E+09   3.17712089E+09   3.71354931E+09   2.91718229E+09   2.91718229E+09
   1.86000000E-02   2.64576028E+09   3.11526073E+09   3.11526073E+09   3.64170432E+09   2.86206398E+09   2.86206398E+09
   1.88000000E-02   2.59652638E+09   3.05500982E+09   3.05500982E+09   3.57172565E+09   2.80836973E+09   2.80836973E+09
   1.90000000E-02   2.54854980E+09   2.99631122E+09   2.99631122E+09   3.50354729E+09   2.75604930E+09   2.75604930E+09
   1.92000000E-02   2.50178665E+09   2.93911052E+09   2.93911052E+09   3.43710621E+09   2.70505471E+09   2.70505471E+09
   1.94000000E-02   2.45619502E+09   2.88335577E+09   2.88335577E+09   3.37234217E+09   2.65534012E+09   2.65534012E+09
   1.96000000E-02   2.41173485E+09   2.82899728E+09   2.82899728E+09   3.30919760E+09   2.60686170E+09   2.60686170E+09
   1.98000000E-02   2.36836780E+09   2.77598756E+09   2.77598756E+09   3.24761744E+09   2.55957754E+09   2.55957754E+09
   2.00000000E-02   2.32605719E+09   2.72428114E+09   2.72428114E+09   3.18754902E+09   2.51344754E+09   2.51344754E+09
   2.02000000E-02   2.28476794E+09   2.67383453E+09   2.67383453E+09   3.12894191E+09   2.46843330E+09   2.46843330E+09
   2.04000000E-02   2.24446640E+09   2.62460608E+09   2.62460608E+09   3.07174782E+09   2.42449807E+09   2.42449807E+09
   2.06000000E-02   2.20512038E+09   2.57655587E+09   2.57655587E+09   3.01592050E+09   2.38160662E+09   2.38160662E+09
   2.08000000E-02   2.16669900E+09   2.52964566E+09   2.52964566E+09   2.96141562E+09   2.33972519E+09   2.33972519E+09
   2.10000000E-02   2.12917266E+09   2.48383879E+09   2.48383879E+09   2.90819069E+09   2.29882141E+09   2.29882141E+09
   2.12000000E-02   2.09251296E+09   2.43910009E+09   2.43910009E+09   2.85620493E+09   2.25886424E+09   2.25886424E+09
   2.14000000E-02   2.05669265E+09   2.39539583E+09   2.39539583E+09   2.80541923E+09   2.21982389E+09   2.21982389E+09
   2.16000000E-02   2.02168557E+09   2.35269360E+09   2.35269360E+09   2.75579605E+09   2.18167174E+09   2.18167174E+09
   2.18000000E-02   1.98746661E+09   2.31096232E+09   2.31096232E+09   2.70729934E+09   2.14438035E+09   2.14438035E+09
   2.20000000E-02   1.95401157E+09   2.27017062E+09   2.27017062E+09   2.65989446E+09   2.10792332E+09   2.10792332E+09
   2.22000000E-02   1.92112497E+09   2.22649700E+09   2.22649700E+09   2.61354814E+09   2.07227530E+09   2.07227530E+09
   2.24000000E-02   1.88894782E+09   2.18350907E+09   2.18350907E+09   2.56822839E+09   2.03741192E+09   2.03741192E+09
   2.26000000E-02   1.85747255E+09   2.14148559E+09   2.14148559E+09   2.52390445E+09   2.00330974E+09   2.00330974E+09
   2.28000000E-02   1.82667837E+09   2.10039761E+09   2.10039761E+09   2.48054673E+09   1.96994620E+09   1.96994620E+09
   2.30000000E-02   1.79654529E+09   2.06021730E+09   2.06021730E+09   2.43812677E+09   1.93729961E+09   1.93729961E+09
   2.32000000E-02   1.76705405E+09   2.02091787E+09   2.02091787E+09   2.39661714E+09   1.90534908E+09   1.90534908E+09
   2.34000000E-02   1.73818611E+09   1.98247353E+09   1.98247353E+09   2.35599148E+09   1.87407449E+09   1.87407449E+09
   2.36000000E-02   1.70992361E+09   1.94485944E+09   1.94485944E+09   2.31622435E+09   1.84345647E+09   1.84345647E+09
   2.38000000E-02   1.68224935E+09   1.90805170E+09   1.90805170E+09   2.27729127E+09   1.81347636E+09   1.81347636E+09
   2.40000000E-02   1.65514674E+09   1.87202724E+09   1.87202724E+09   2.23916864E+09   1.78411614E+09   1.78411614E+09
   2.42000000E-02   1.62859980E+09   1.83676385E+09   1.83676385E+09   2.20183371E+09   1.75535849E+09   1.75535849E+09
   2.44000000E-02   1.60259309E+09   1.80224011E+09   1.80224011E+09   2.16526454E+09   1.72718666E+09   1.72718666E+09
   2.46000000E-02   1.57711174E+09   1.76843538E+09   1.76843538E+09   2.12943995E+09   1.69958451E+09   1.69958451E+09
   2.48000000E-02   1.55214140E+09   1.73532971E+09   1.73532971E+09   2.09433952E+09   1.67253647E+09   1.67253647E+09
   2.50000000E-02   1.52766820E+09   1.70290387E+09   1.70290387E+09   2.05994355E+09   1.64602751E+09   1.64602751E+09
   2.52000000E-02   1.50367877E+09   1.67113932E+09   1.67113932E+09   2.02623300E+09   1.62004311E+09   1.62004311E+09
   2.54000000E-02   1.48016018E+09   1.64001813E+09   1.64001813E+09   1.99318949E+09   1.59456924E+09   1.59456924E+09
   2.56000000E-02   1.45709996E+09   1.60952299E+09   1.60952299E+09   1.96079527E+09   1.56959238E+09   1.56959238E+09
   2.58000000E-02   1.43448603E+09   1.57963719E+09   1.57963719E+09   1.92903319E+09   1.54509942E+09   1.54509942E+09
   2.60000000E-02   1.41230673E+09   1.55034456E+09   1.55034456E+09   1.89788667E+09   1.52107773E+09   1.52107773E+09
   2.62000000E-02   1.38948902E+09   1.52107450E+09   1.52107450E+09   1.86601217E+09   1.49637254E+09   1.49637254E+09
   2.64000000E-02   1.36329259E+09   1.49038522E+09   1.49038522E+09   1.82991972E+09   1.46802057E+09   1.46802057E+09
   2.66000000E-02   1.33760746E+09   1.46030099E+09   1.46030099E+09   1.79453447E+09   1.44022241E+09   1.44022241E+09
   2.68000000E-02   1.31242046E+09   1.43080614E+09   1.43080614E+09   1.75983815E+09   1.41296375E+09   1.41296375E+09
   2.70000000E-02   1.28771880E+09   1.40188550E+09   1.40188550E+09   1.72581307E+09   1.38623077E+09   1.38623077E+09
   2.72000000E-02   1.26349014E+09   1.37352438E+09   1.37352438E+09   1.69244212E+09   1.36001009E+09   1.36001009E+09
   2.74000000E-02   1.23972254E+09   1.34570859E+09   1.34570859E+09   1.65970875E+09   1.33428876E+09   1.33428876E+09
   2.76000000E-02   1.21640440E+09   1.31842437E+09   1.31842437E+09   1.62759692E+09   1.30905423E+09   1.30905423E+09
   2.78000000E-02   1.19352454E+09   1.29165841E+09   1.29165841E+09   1.59609111E+09   1.28429438E+09   1.28429438E+09
   2.80000000E-02   1.17107209E+09   1.26539782E+09   1.26539782E+09   1.56517627E+09   1.25999743E+09   1.25999743E+09
   2.82000000E-02   1.14903654E+09   1.23963010E+09   1.23963010E+09   1.53483785E+09   1.23615199E+09   1.23615199E+09
   2.84000000E-02   1.12740769E+09   1.21434315E+09   1.21434315E+09   1.50506174E+09   1.21274703E+09   1.21274703E+09
   2.86000000E-02   1.10617569E+09   1.18952524E+09   1.18952524E+09   1.47583424E+09   1.18977185E+09   1.18977185E+09
   2.88000000E-02   1.08533094E+09   1.16516501E+09   1.16516501E+09   1.44714212E+09   1.16721608E+09   1.16721608E+09
   2.90000000E-02   1.06486417E+09   1.14125143E+09   1.14125143E+09   1.41897250E+09   1.14506965E+09   1.14506965E+09
   2.92000000E-02   1.04476638E+09   1.11777381E+09   1.11777381E+09   1.39131292E+09   1.12332283E+09   1.12332283E+09
   2.94000000E-02   1.02502884E+09   1.09472179E+09   1.09472179E+09   1.36415130E+09   1.10196613E+09   1.10196613E+09
   2.96000000E-02   1.00564307E+09   1.07208531E+09   1.07208531E+09   1.33747589E+09   1.08099040E+09   1.08099040E+09
   2.98000000E-02   9.86600860E+08   1.04985461E+09   1.04985461E+09   1.31127532E+09   1.06038673E+09   1.06038673E+09
   3.00000000E-02   9.67894221E+08   1.02802022E+09   1.02802022E+09   1.28553853E+09   1.04014646E+09   1.04014646E+09
   3.02000000E-02   9.49515413E+08   1.00657295E+09   1.00657295E+09   1.26025480E+09   1.02026121E+09   1.02026121E+09
   3.04000000E-02   9.31456915E+08   9.85503876E+08   9.85503876E+08   1.23541372E+09   1.00072283E+09   1.00072283E+09
   3.06000000E-02   9.13711424E+08   9.64804329E+08   9.64804329E+08   1.21100518E+09   9.81523418E+08   9.81523418E+08
   3.08000000E-02   8.96271845E+08   9.44465894E+08   9.44465894E+08   1.18701935E+09   9.62655278E+08   9.62655278E+08
   3.10000000E-02   8.79131289E+08   9.24480393E+08   9.24480393E+08   1.16344670E+09   9.44110947E+08   9.44110947E+08
   3.12000000E-02   8.62283058E+08   9.04839883E+08   9.04839883E+08   1.14027794E+09   9.25883173E+08   9.25883173E+08
   3.14000000E-02   8.45720646E+08   8.85536645E+08   8.85536645E+08   1.11750408E+09   9.07964905E+08   9.07964905E+08
   3.16000000E-02   8.29437727E+08   8.66563176E+08   8.66563176E+08   1.09511636E+09   8.90349291E+08   8.90349291E+08
   3.18000000E-02   8.13428152E+08   8.47912182E+08   8.47912182E+08   1.07310625E+09   8.73029671E+08   8.73029671E+08
   3.20000000E-02   7.97685942E+08   8.29576574E+08   8.29576574E+08   1.05146550E+09   8.55999566E+08   8.55999566E+08
   3.22000000E-02   7.82205282E+08   8.11549456E+08   8.11549456E+08   1.03018604E+09   8.39252677E+08   8.39252677E+08
   3.24000000E-02   7.66980516E+08   7.93824121E+08   7.93824121E+08   1.00926005E+09   8.22782879E+08   8.22782879E+08
   3.26000000E-02   7.52006142E+08   7.76394046E+08   7.76394046E+08   9.88679918E+08   8.06584211E+08   8.06584211E+08
   3.28000000E-02   7.37276808E+08   7.59252884E+08   7.59252884E+08   9.68438226E+08   7.90650873E+08   7.90650873E+08
   3.30000000E-02   7.22787303E+08   7.42394461E+08   7.42394461E+08   9.48527768E+08   7.74977223E+08   7.74977223E+08
   3.32000000E-02   7.08532556E+08   7.25812765E+08   7.25812765E+08   9.28941524E+08   7.59557767E+08   7.59557767E+08
   3.34000000E-02   6.94507633E+08   7.09501946E+08   7.09501946E+08   9.09672664E+08   7.44387159E+08   7.44387159E+08
   3.36000000E-02   6.80707726E+08   6.93456310E+08   6.93456310E+08   8.90714538E+08   7.29460194E+08   7.29460194E+08
   3.38000000E-02   6.67128158E+08   6.77670311E+08   6.77670311E+08   8.72060670E+08   7.14771802E+08   7.14771802E+08
   3.40000000E-02   6.53764371E+08   6.62138549E+08   6.62138549E+08   8.53704752E+08   7.00317047E+08   7.00317047E+08
   3.42000000E-02   6.40611925E+08   6.46855764E+08   6.46855764E+08   8.35640644E+08   6.86091121E+08   6.86091121E+08
   3.44000000E-02   6.27666497E+08   6.31816835E+08   6.31816835E+08   8.17862360E+08   6.72089340E+08   6.72089340E+08
   3.46000000E-02   6.14923873E+08   6.17016768E+08   6.17016768E+08   8.00364071E+08   6.58307140E+08   6.58307140E+08
   3.48000000E-02   6.02379947E+08   6.02450702E+08   6.02450702E+08   7.83140095E+08   6.44740073E+08   6.44740073E+08
   3.50000000E-02   5.90030719E+08   5.88113897E+08   5.88113897E+08   7.66184897E+08   6.31383805E+08   6.31383805E+08
   3.52000000E-02   5.77872286E+08   5.74001733E+08   5.74001733E+08   7.49493080E+08   6.18234111E+08   6.18234111E+08
   3.54000000E-02   5.65902486E+08   5.60145770E+08   5.60145770E+08   7.33059383E+08   6.05286873E+08   6.05286873E+08
   3.56000000E-02   5.54259081E+08   5.49656256E+08   5.49656256E+08   7.16878677E+08   5.92538075E+08   5.92538075E+08
   3.58000000E-02   5.42801871E+08   5.39521827E+08   5.39521827E+08   7.00945960E+08   5.79983800E+08   5.79983800E+08
   3.60000000E-02   5.31518283E+08   5.29539137E+08   5.29539137E+08   6.85256354E+08   5.67620231E+08   5.67620231E+08
   3.62000000E-02   5.20404928E+08   5.19705240E+08   5.19705240E+08   6.69805103E+08   5.55443641E+08   5.55443641E+08
   3.64000000E-02   5.09458502E+08   5.10017260E+08   5.10017260E+08   6.54587564E+08   5.43450396E+08   5.43450396E+08
   3.66000000E-02   4.98675780E+08   5.00472394E+08   5.00472394E+08   6.39599210E+08   5.31636952E+08   5.31636952E+08
   3.68000000E-02   4.88053615E+08   4.91067904E+08   4.91067904E+08   6.24835623E+08   5.19999847E+08   5.19999847E+08
   3.70000000E-02   4.77588936E+08   4.81801119E+08   4.81801119E+08   6.10292490E+08   5.08535707E+08   5.08535707E+08
   3.72000000E-02   4.67278745E+08   4.72669431E+08   4.72669431E+08   5.95965604E+08   4.97241235E+08   4.97241235E+08
   3.74000000E-02   4.57120117E+08   4.63670296E+08   4.63670296E+08   5.81850857E+08   4.86113214E+08   4.86113214E+08
   3.76000000E-02   4.47110195E+08   4.54801227E+08   4.54801227E+08   5.67944238E+08   4.75148505E+08   4.75148505E+08
   3.78000000E-02   4.37246189E+08   4.46059798E+08   4.46059798E+08   5.54241833E+08   4.64344040E+08   4.64344040E+08
   3.80000000E-02   4.27525375E+08   4.37443638E+08   4.37443638E+08   5.40739817E+08   4.53696825E+08   4.53696825E+08
   3.82000000E-02   4.17945094E+08   4.28950434E+08   4.28950434E+08   5.27434457E+08   4.43203937E+08   4.43203937E+08
   3.84000000E-02   4.08638649E+08   4.20648960E+08   4.20648960E+08   5.14545474E+08   4.33021280E+08   4.33021280E+08
   3.86000000E-02   4.02142824E+08   4.13864339E+08   4.13864339E+08   5.06246090E+08   4.26113297E+08   4.26113297E+08
   3.88000000E-02   3.95772010E+08   4.07191912E+08   4.07191912E+08   4.98119497E+08   4.19341990E+08   4.19341990E+08
   3.90000000E-02   3.89488522E+08   4.00611138E+08   4.00611138E+08   4.90104474E+08   4.12663532E+08   4.12663532E+08
   3.92000000E-02   3.83290800E+08   3.94120377E+08   3.94120377E+08   4.82199025E+08   4.06076265E+08   4.06076265E+08
   3.94000000E-02   3.77177317E+08   3.87718028E+08   3.87718028E+08   4.74401202E+08   3.99578566E+08   3.99578566E+08
   3.96000000E-02   3.71146583E+08   3.81402524E+08   3.81402524E+08   4.66709097E+08   3.93168850E+08   3.93168850E+08
   3.98000000E-02   3.65197140E+08   3.75172334E+08   3.75172334E+08   4.59120846E+08   3.86845566E+08   3.86845566E+08
   4.00000000E-02   3.59327563E+08   3.69025959E+08   3.69025959E+08   4.51634627E+08   3.80607199E+08   3.80607199E+08
   4.02000000E-02   3.53536456E+08   3.62961936E+08   3.62961936E+08   4.44248657E+08   3.74452265E+08   3.74452265E+08
   4.04000000E-02   3.47822457E+08   3.56978831E+08   3.56978831E+08   4.36961194E+08   3.68379314E+08   3.68379314E+08
   4.06000000E-02   3.42184232E+08   3.51075245E+08   3.51075245E+08   4.29770531E+08   3.62386929E+08   3.62386929E+08
   4.08000000E-02   3.36620475E+08   3.45249806E+08   3.45249806E+08   4.22675002E+08   3.56473722E+08   3.56473722E+08
   4.10000000E-02   3.31129911E+08   3.39501174E+08   3.39501174E+08   4.15672973E+08   3.50638334E+08   3.50638334E+08
   4.12000000E-02   3.25711289E+08   3.33828036E+08   3.33828036E+08   4.08762849E+08   3.44879439E+08   3.44879439E+08
   4.14000000E-02   3.20363389E+08   3.28229109E+08   3.28229109E+08   4.01943066E+08   3.39195735E+08   3.39195735E+08
   4.16000000E-02   3.15085013E+08   3.22703137E+08   3.22703137E+08   3.95212095E+08   3.33585951E+08   3.33585951E+08
   4.18000000E-02   3.09874991E+08   3.17248889E+08   3.17248889E+08   3.88568441E+08   3.28048843E+08   3.28048843E+08
   4.20000000E-02   3.04732178E+08   3.11865161E+08   3.11865161E+08   3.82010637E+08   3.22583190E+08   3.22583190E+08
   4.22000000E-02   2.99655450E+08   3.06550777E+08   3.06550777E+08   3.75537250E+08   3.17187802E+08   3.17187802E+08
   4.24000000E-02   2.94643709E+08   3.01304581E+08   3.01304581E+08   3.69146875E+08   3.11861508E+08   3.11861508E+08
   4.26000000E-02   2.89695881E+08   2.96125445E+08   2.96125445E+08   3.62838139E+08   3.06603166E+08   3.06603166E+08
   4.28000000E-02   2.84810912E+08   2.91012262E+08   2.91012262E+08   3.56609694E+08   3.01411656E+08   3.01411656E+08
   4.30000000E-02   2.79987771E+08   2.85963950E+08   2.85963950E+08   3.50460223E+08   2.96285881E+08   2.96285881E+08
   4.32000000E-02   2.75225448E+08   2.80979447E+08   2.80979447E+08   3.44388433E+08   2.91224767E+08   2.91224767E+08
   4.34000000E-02   2.70522953E+08   2.76057714E+08   2.76057714E+08   3.38393062E+08   2.86227262E+08   2.86227262E+08
   4.36000000E-02   2.65879317E+08   2.71197734E+08   2.71197734E+08   3.32472869E+08   2.81292336E+08   2.81292336E+08
   4.38000000E-02   2.61293590E+08   2.66398509E+08   2.66398509E+08   3.26626641E+08   2.76418978E+08   2.76418978E+08
   4.40000000E-02   2.56764843E+08   2.61659062E+08   2.61659062E+08   3.20853189E+08   2.71606199E+08   2.71606199E+08
   4.42000000E-02   2.52292163E+08   2.56978436E+08   2.56978436E+08   3.15151347E+08   2.66853031E+08   2.66853031E+08
   4.44000000E-02   2.47874659E+08   2.52355694E+08   2.52355694E+08   3.09519975E+08   2.62158523E+08   2.62158523E+08
   4.46000000E-02   2.43511453E+08   2.47789915E+08   2.47789915E+08   3.03957953E+08   2.57521744E+08   2.57521744E+08
   4.48000000E-02   2.39201688E+08   2.43280198E+08   2.43280198E+08   2.98464184E+08   2.52941782E+08   2.52941782E+08
   4.50000000E-02   2.34944524E+08   2.38825661E+08   2.38825661E+08   2.93037594E+08   2.48417743E+08   2.48417743E+08
   4.52000000E-02   2.30739135E+08   2.34425438E+08   2.34425438E+08   2.87677128E+08   2.43948750E+08   2.43948750E+08
   4.54000000E-02   2.26584713E+08   2.30078680E+08   2.30078680E+08   2.82381754E+08   2.39533943E+08   2.39533943E+08
   4.56000000E-02   2.22480467E+08   2.25784555E+08   2.25784555E+08   2.77150459E+08   2.35172481E+08   2.35172481E+08
   4.58000000E-02   2.18425618E+08   2.21542246E+08   2.21542246E+08   2.71982250E+08   2.30863536E+08   2.30863536E+08
   4.60000000E-02   2.14419406E+08   2.17350954E+08   2.17350954E+08   2.66876152E+08   2.26606299E+08   2.26606299E+08
   4.62000000E-02   2.10461083E+08   2.13209895E+08   2.13209895E+08   2.61831212E+08   2.22399974E+08   2.22399974E+08
   4.64000000E-02   2.06549916E+08   2.09118299E+08   2.09118299E+08   2.56846492E+08   2.18243784E+08   2.18243784E+08
   4.66000000E-02   2.02685186E+08   2.05075410E+08   2.05075410E+08   2.51921073E+08   2.14136963E+08   2.14136963E+08
   4.68000000E-02   1.98866188E+08   2.01080489E+08   2.01080489E+08   2.47054056E+08   2.10078762E+08   2.10078762E+08
   4.70000000E-02   1.95092231E+08   1.97132810E+08   1.97132810E+08   2.42244555E+08   2.06068445E+08   2.06068445E+08
   4.72000000E-02   1.91362636E+08   1.93231659E+08   1.93231659E+08   2.37491703E+08   2.02105291E+08   2.02105291E+08
   4.74000000E-02   1.87676736E+08   1.89376339E+08   1.89376339E+08   2.32794649E+08   1.98188591E+08   1.98188591E+08
   4.76000000E-02   1.84033880E+08   1.85566162E+08   1.85566162E+08   2.28152560E+08   1.94317652E+08   1.94317652E+08
   4.78000000E-02   1.80433426E+08   1.81800456E+08   1.81800456E+08   2.23564614E+08   1.90491790E+08   1.90491790E+08
   4.80000000E-02   1.76874744E+08   1.78078560E+08   1.78078560E+08   2.19030008E+08   1.86710339E+08   1.86710339E+08
   4.82000000E-02   1.73357218E+08   1.74399826E+08   1.74399826E+08   2.14547954E+08   1.82972640E+08   1.82972640E+08
   4.84000000E-02   1.69880241E+08   1.70763618E+08   1.70763618E+08   2.10117676E+08   1.79278049E+08   1.79278049E+08
   4.86000000E-02   1.66443218E+08   1.67169311E+08   1.67169311E+08   2.05738415E+08   1.75625935E+08   1.75625935E+08
   4.88000000E-02   1.63045565E+08   1.63616292E+08   1.63616292E+08   2.01409424E+08   1.72015675E+08   1.72015675E+08
   4.90000000E-02   1.59686710E+08   1.60103959E+08   1.60103959E+08   1.97129970E+08   1.68446661E+08   1.68446661E+08
   4.92000000E-02   1.56366088E+08   1.56631721E+08   1.56631721E+08   1.92899334E+08   1.64918293E+08   1.64918293E+08
   4.94000000E-02   1.53083148E+08   1.53198998E+08   1.53198998E+08   1.88716810E+08   1.61429984E+08   1.61429984E+08
   4.96000000E-02   1.49837347E+08   1.49805220E+08   1.49805220E+08   1.84581704E+08   1.57981158E+08   1.57981158E+08
   4.98000000E-02   1.46628152E+08   1.46449827E+08   1.46449827E+08   1.80493336E+08   1.54571247E+08   1.54571247E+08
   5.00000000E-02   1.43455039E+08   1.43132271E+08   1.43132271E+08   1.76451036E+08   1.51199695E+08   1.51199695E+08
   5.02000000E-02   1.40317494E+08   1.39852011E+08   1.39852011E+08   1.72454148E+08   1.47865955E+08   1.47865955E+08
   5.04000000E-02   1.37215013E+08   1.36608518E+08   1.36608518E+08   1.68502026E+08   1.44569490E+08   1.44569490E+08
   5.06000000E-02   1.34147100E+08   1.33401270E+08   1.33401270E+08   1.64594036E+08   1.41309774E+08   1.41309774E+08
   5.08000000E-02   1.31113267E+08   1.30229757E+08   1.30229757E+08   1.60729557E+08   1.38086288E+08   1.38086288E+08
   5.10000000E-02   1.28113035E+08   1.27093476E+08   1.27093476E+08   1.56907976E+08   1.34898522E+08   1.34898522E+08
   5.12000000E-02   1.25145936E+08   1.23991933E+08   1.23991933E+08   1.53128693E+08   1.31745978E+08   1.31745978E+08
   5.14000000E-02   1.22211505E+08   1.20924644E+08   1.20924644E+08   1.49391117E+08   1.28628164E+08   1.28628164E+08
   5.16000000E-02   1.19309290E+08   1.17891131E+08   1.17891131E+08   1.45694669E+08   1.25544597E+08   1.25544597E+08
   5.18000000E-02   1.16438845E+08   1.14890927E+08   1.14890927E+08   1.42038777E+08   1.22494803E+08   1.22494803E+08
   5.20000000E-02   1.13599730E+08   1.11923571E+08   1.11923571E+08   1.38422882E+08   1.19478315E+08   1.19478315E+08
   5.22000000E-02   1.10791516E+08   1.08988610E+08   1.08988610E+08   1.34846434E+08   1.16494676E+08   1.16494676E+08
   5.24000000E-02   1.08013778E+08   1.06085602E+08   1.06085602E+08   1.31308891E+08   1.13543435E+08   1.13543435E+08
   5.26000000E-02   1.05266100E+08   1.03214107E+08   1.03214107E+08   1.27809721E+08   1.10624149E+08   1.10624149E+08
   5.28000000E-02   1.02548074E+08   1.00373698E+08   1.00373698E+08   1.24348402E+08   1.07736384E+08   1.07736384E+08
   5.30000000E-02   9.98592964E+07   9.75639515E+07   9.75639515E+07   1.20924420E+08   1.04879712E+08   1.04879712E+08
   5.32000000E-02   9.71993724E+07   9.47844527E+07   9.47844527E+07   1.17537269E+08   1.02053712E+08   1.02053712E+08
   5.34000000E-02   9.45679131E+07   9.20347936E+07   9.20347936E+07   1.14186452E+08   9.92579715E+07   9.92579715E+07
   5.36000000E-02   9.19645363E+07   8.93145729E+07   8.93145729E+07   1.10871482E+08   9.64920833E+07   9.64920833E+07
   5.38000000E-02   8.93888661E+07   8.66233963E+07   8.66233963E+07   1.07591878E+08   9.37556482E+07   9.37556482E+07
   5.40000000E-02   8.68405329E+07   8.39608757E+07   8.39608757E+07   1.04347168E+08   9.10482729E+07   9.10482729E+07
   5.42000000E-02   8.43191733E+07   8.13266296E+07   8.13266296E+07   1.01136887E+08   8.83695713E+07   8.83695713E+07
   5.44000000E-02   8.18244298E+07   7.87202830E+07   7.87202830E+07   9.79605787E+07   8.57191631E+07   8.57191631E+07
   5.46000000E-02   7.93559509E+07   7.61414669E+07   7.61414669E+07   9.48177944E+07   8.30966745E+07   8.30966745E+07
   5.48000000E-02   7.69133908E+07   7.35898183E+07   7.35898183E+07   9.17080919E+07   8.05017381E+07   8.05017381E+07
   5.50000000E-02   7.44964094E+07   7.10649803E+07   7.10649803E+07   8.86310368E+07   7.79339920E+07   7.79339920E+07
   5.52000000E-02   7.21046721E+07   6.85666019E+07   6.85666019E+07   8.55862017E+07   7.53930807E+07   7.53930807E+07
   5.54000000E-02   6.97378499E+07   6.60943375E+07   6.60943375E+07   8.25731661E+07   7.28786541E+07   7.28786541E+07
   5.56000000E-02   6.73956190E+07   6.36478475E+07   6.36478475E+07   7.95915163E+07   7.03903681E+07   7.03903681E+07
   5.58000000E-02   6.50776607E+07   6.12267974E+07   6.12267974E+07   7.66408454E+07   6.79278839E+07   6.79278839E+07
   5.60000000E-02   6.27836618E+07   5.88308585E+07   5.88308585E+07   7.37207530E+07   6.54908683E+07   6.54908683E+07
   5.62000000E-02   6.05133137E+07   5.64597070E+07   5.64597070E+07   7.08308451E+07   6.30789935E+07   6.30789935E+07
   5.64000000E-02   5.86275785E+07   5.43018617E+07   5.43018617E+07   6.84497478E+07   6.10870791E+07   6.10870791E+07
   5.66000000E-02   5.79484305E+07   5.27868200E+07   5.27868200E+07   6.76879241E+07   6.04190078E+07   6.04190078E+07
   5.68000000E-02   5.72757243E+07   5.12870985E+07   5.12870985E+07   6.69332930E+07   5.97572308E+07   5.97572308E+07
   5.70000000E-02   5.66182781E+07   4.99983989E+07   4.99983989E+07   6.61857659E+07   5.91016706E+07   5.91016706E+07
   5.72000000E-02   5.60005626E+07   4.94609994E+07   4.94609994E+07   6.54452556E+07   5.84522511E+07   5.84522511E+07
   5.74000000E-02   5.53886117E+07   4.89286061E+07   4.89286061E+07   6.47116765E+07   5.78088972E+07   5.78088972E+07
   5.76000000E-02   5.47823552E+07   4.84011579E+07   4.84011579E+07   6.39849440E+07   5.71715350E+07   5.71715350E+07
   5.78000000E-02   5.41817241E+07   4.78785950E+07   4.78785950E+07   6.32649749E+07   5.65400920E+07   5.65400920E+07
   5.80000000E-02   5.35866504E+07   4.73608583E+07   4.73608583E+07   6.25516874E+07   5.59144963E+07   5.59144963E+07
   5.82000000E-02   5.29970669E+07   4.68478896E+07   4.68478896E+07   6.18450008E+07   5.52946776E+07   5.52946776E+07
   5.84000000E-02   5.24129078E+07   4.63396318E+07   4.63396318E+07   6.11448356E+07   5.46805663E+07   5.46805663E+07
   5.86000000E-02   5.18341081E+07   4.58360283E+07   4.58360283E+07   6.04511136E+07   5.40720941E+07   5.40720941E+07
   5.88000000E-02   5.12606038E+07   4.53370237E+07   4.53370237E+07   5.97637578E+07   5.34691936E+07   5.34691936E+07
   5.90000000E-02   5.06923317E+07   4.48425633E+07   4.48425633E+07   5.90826923E+07   5.28717983E+07   5.28717983E+07
   5.92000000E-02   5.01292299E+07   4.43525932E+07   4.43525932E+07   5.84078423E+07   5.22798431E+07   5.22798431E+07
   5.94000000E-02   4.95712371E+07   4.38670602E+07   4.38670602E+07   5.77391342E+07   5.16932635E+07   5.16932635E+07
   5.96000000E-02   4.90182931E+07   4.33859121E+07   4.33859121E+07   5.70764955E+07   5.11119960E+07   5.11119960E+07
   5.98000000E-02   4.84703385E+07   4.29090974E+07   4.29090974E+07   5.64198548E+07   5.05359781E+07   5.05359781E+07
   6.00000000E-02   4.79273149E+07   4.24365654E+07   4.24365654E+07   5.57691415E+07   4.99651484E+07   4.99651484E+07
   6.02000000E-02   4.73891646E+07   4.19682659E+07   4.19682659E+07   5.51242864E+07   4.93994462E+07   4.93994462E+07
   6.04000000E-02   4.68558309E+07   4.15041498E+07   4.15041498E+07   5.44852211E+07   4.88388117E+07   4.88388117E+07
   6.06000000E-02   4.63272577E+07   4.10441685E+07   4.10441685E+07   5.38518782E+07   4.82831860E+07   4.82831860E+07
   6.08000000E-02   4.58033900E+07   4.05882742E+07   4.05882742E+07   5.32241915E+07   4.77325111E+07   4.77325111E+07
   6.10000000E-02   4.52841735E+07   4.01364197E+07   4.01364197E+07   5.26020956E+07   4.71867298E+07   4.71867298E+07
   6.12000000E-02   4.47695546E+07   3.96885585E+07   3.96885585E+07   5.19855260E+07   4.66457858E+07   4.66457858E+07
   6.14000000E-02   4.42594805E+07   3.92446449E+07   3.92446449E+07   5.13744191E+07   4.61096235E+07   4.61096235E+07
   6.16000000E-02   4.37538993E+07   3.88046337E+07   3.88046337E+07   5.07687125E+07   4.55781883E+07   4.55781883E+07
   6.18000000E-02   4.32527598E+07   3.83684805E+07   3.83684805E+07   5.01683444E+07   4.50514261E+07   4.50514261E+07
   6.20000000E-02   4.27560113E+07   3.79361414E+07   3.79361414E+07   4.95732541E+07   4.45292839E+07   4.45292839E+07
   6.22000000E-02   4.22636041E+07   3.75075732E+07   3.75075732E+07   4.89833816E+07   4.40117092E+07   4.40117092E+07
   6.24000000E-02   4.17754891E+07   3.70827334E+07   3.70827334E+07   4.83986678E+07   4.34986503E+07   4.34986503E+07
   6.26000000E-02   4.12916180E+07   3.66615798E+07   3.66615798E+07   4.78190546E+07   4.29900563E+07   4.29900563E+07
   6.28000000E-02   4.08119430E+07   3.62440712E+07   3.62440712E+07   4.72444844E+07   4.24858770E+07   4.24858770E+07
   6.30000000E-02   4.03364172E+07   3.58301666E+07   3.58301666E+07   4.66749008E+07   4.19860630E+07   4.19860630E+07
   6.32000000E-02   3.98649940E+07   3.54198259E+07   3.54198259E+07   4.61102478E+07   4.14905653E+07   4.14905653E+07
   6.34000000E-02   3.93976280E+07   3.50130094E+07   3.50130094E+07   4.55504706E+07   4.09993360E+07   4.09993360E+07
   6.36000000E-02   3.89342738E+07   3.46096780E+07   3.46096780E+07   4.49955148E+07   4.05123275E+07   4.05123275E+07
   6.38000000E-02   3.84748872E+07   3.42097930E+07   3.42097930E+07   4.44453270E+07   4.00294932E+07   4.00294932E+07
   6.40000000E-02   3.80194243E+07   3.38133165E+07   3.38133165E+07   4.38998544E+07   3.95507868E+07   3.95507868E+07
   6.42000000E-02   3.75678419E+07   3.34202110E+07   3.34202110E+07   4.33590450E+07   3.90761629E+07   3.90761629E+07
   6.44000000E-02   3.71200973E+07   3.30304394E+07   3.30304394E+07   4.28228476E+07   3.86055766E+07   3.86055766E+07
   6.46000000E-02   3.66761485E+07   3.26439653E+07   3.26439653E+07   4.22912115E+07   3.81389837E+07   3.81389837E+07
   6.48000000E-02   3.62359541E+07   3.22607526E+07   3.22607526E+07   4.17640868E+07   3.76763405E+07   3.76763405E+07
   6.50000000E-02   3.57994732E+07   3.18807660E+07   3.18807660E+07   4.12414244E+07   3.72176041E+07   3.72176041E+07
   6.52000000E-02   3.53666654E+07   3.15039703E+07   3.15039703E+07   4.07231758E+07   3.67627319E+07   3.67627319E+07
   6.54000000E-02   3.49374911E+07   3.11303312E+07   3.11303312E+07   4.02092930E+07   3.63116822E+07   3.63116822E+07
   6.56000000E-02   3.45119108E+07   3.07598144E+07   3.07598144E+07   3.96997289E+07   3.58644136E+07   3.58644136E+07
   6.58000000E-02   3.40898860E+07   3.03923865E+07   3.03923865E+07   3.91944368E+07   3.54208854E+07   3.54208854E+07
   6.60000000E-02   3.36713785E+07   3.00280142E+07   3.00280142E+07   3.86933709E+07   3.49810573E+07   3.49810573E+07
   6.62000000E-02   3.32563505E+07   2.96666649E+07   2.96666649E+07   3.81964858E+07   3.45448899E+07   3.45448899E+07
   6.64000000E-02   3.28447650E+07   2.93083064E+07   2.93083064E+07   3.77037368E+07   3.41123439E+07   3.41123439E+07
   6.66000000E-02   3.24365852E+07   2.89529067E+07   2.89529067E+07   3.72150798E+07   3.36833807E+07   3.36833807E+07
   6.68000000E-02   3.20317750E+07   2.86004346E+07   2.86004346E+07   3.67304713E+07   3.32579624E+07   3.32579624E+07
   6.70000000E-02   3.16302988E+07   2.82508590E+07   2.82508590E+07   3.62498682E+07   3.28360513E+07   3.28360513E+07
   6.72000000E-02   3.12321212E+07   2.79041493E+07   2.79041493E+07   3.57732283E+07   3.24176103E+07   3.24176103E+07
   6.74000000E-02   3.08372075E+07   2.75602754E+07   2.75602754E+07   3.53005097E+07   3.20026030E+07   3.20026030E+07
   6.76000000E-02   3.04455234E+07   2.72192075E+07   2.72192075E+07   3.48316712E+07   3.15909931E+07   3.15909931E+07
   6.78000000E-02   3.00570352E+07   2.68809163E+07   2.68809163E+07   3.43666720E+07   3.11827451E+07   3.11827451E+07
   6.80000000E-02   2.96717094E+07   2.65453727E+07   2.65453727E+07   3.39054720E+07   3.07778239E+07   3.07778239E+07
   6.82000000E-02   2.92895130E+07   2.62125482E+07   2.62125482E+07   3.34480315E+07   3.03761947E+07   3.03761947E+07
   6.84000000E-02   2.89104135E+07   2.58824144E+07   2.58824144E+07   3.29943114E+07   2.99778234E+07   2.99778234E+07
   6.86000000E-02   2.85343788E+07   2.55549436E+07   2.55549436E+07   3.25442730E+07   2.95826760E+07   2.95826760E+07
   6.88000000E-02   2.81613772E+07   2.52301082E+07   2.52301082E+07   3.20978782E+07   2.91907194E+07   2.91907194E+07
   6.90000000E-02   2.77913775E+07   2.49078811E+07   2.49078811E+07   3.16550895E+07   2.88019205E+07   2.88019205E+07
   6.92000000E-02   2.74243487E+07   2.45882355E+07   2.45882355E+07   3.12158696E+07   2.84162469E+07   2.84162469E+07
   6.94000000E-02   2.70602604E+07   2.42711449E+07   2.42711449E+07   3.07801818E+07   2.80336665E+07   2.80336665E+07
   6.96000000E-02   2.66990826E+07   2.39565832E+07   2.39565832E+07   3.03479901E+07   2.76541477E+07   2.76541477E+07
   6.98000000E-02   2.63407854E+07   2.36445246E+07   2.36445246E+07   2.99192587E+07   2.72776591E+07   2.72776591E+07
   7.00000000E-02   2.59853397E+07   2.33349437E+07   2.33349437E+07   2.94939522E+07   2.69041700E+07   2.69041700E+07
   7.02000000E-02   2.56327164E+07   2.30278153E+07   2.30278153E+07   2.90720359E+07   2.65336499E+07   2.65336499E+07
   7.04000000E-02   2.52828869E+07   2.27231147E+07   2.27231147E+07   2.86534755E+07   2.61660686E+07   2.61660686E+07
   7.06000000E-02   2.49358231E+07   2.24208173E+07   2.24208173E+07   2.82382368E+07   2.58013966E+07   2.58013966E+07
   7.08000000E-02   2.45914972E+07   2.21208990E+07   2.21208990E+07   2.78262866E+07   2.54396045E+07   2.54396045E+07
   7.10000000E-02   2.42498814E+07   2.18233358E+07   2.18233358E+07   2.74175915E+07   2.50806632E+07   2.50806632E+07
   7.12000000E-02   2.39109489E+07   2.15281042E+07   2.15281042E+07   2.70121191E+07   2.47245444E+07   2.47245444E+07
   7.14000000E-02   2.35746726E+07   2.12351809E+07   2.12351809E+07   2.66098369E+07   2.43712197E+07   2.43712197E+07
   7.16000000E-02   2.32410261E+07   2.09445430E+07   2.09445430E+07   2.62107132E+07   2.40206612E+07   2.40206612E+07
   7.18000000E-02   2.29099833E+07   2.06561676E+07   2.06561676E+07   2.58147165E+07   2.36728415E+07   2.36728415E+07
   7.20000000E-02   2.25815184E+07   2.03700324E+07   2.03700324E+07   2.54218157E+07   2.33277333E+07   2.33277333E+07
   7.22000000E-02   2.22556057E+07   2.00861153E+07   2.00861153E+07   2.50319802E+07   2.29853099E+07   2.29853099E+07
   7.24000000E-02   2.19322202E+07   1.98043943E+07   1.98043943E+07   2.46451795E+07   2.26455446E+07   2.26455446E+07
   7.26000000E-02   2.16113370E+07   1.95248479E+07   1.95248479E+07   2.42613839E+07   2.23084113E+07   2.23084113E+07
   7.28000000E-02   2.12929314E+07   1.92474547E+07   1.92474547E+07   2.38805637E+07   2.19738842E+07   2.19738842E+07
   7.30000000E-02   2.09769792E+07   1.89721936E+07   1.89721936E+07   2.35026898E+07   2.16419377E+07   2.16419377E+07
   7.32000000E-02   2.06634564E+07   1.86990439E+07   1.86990439E+07   2.31277332E+07   2.13125466E+07   2.13125466E+07
   7.34000000E-02   2.03523394E+07   1.84279849E+07   1.84279849E+07   2.27556656E+07   2.09856859E+07   2.09856859E+07
   7.36000000E-02   2.00436047E+07   1.81589964E+07   1.81589964E+07   2.23864588E+07   2.06613310E+07   2.06613310E+07
   7.38000000E-02   1.97372292E+07   1.78920583E+07   1.78920583E+07   2.20200849E+07   2.03394577E+07   2.03394577E+07
   7.40000000E-02   1.94331902E+07   1.76271507E+07   1.76271507E+07   2.16565165E+07   2.00200418E+07   2.00200418E+07
   7.42000000E-02   1.91314649E+07   1.73642541E+07   1.73642541E+07   2.12957265E+07   1.97030597E+07   1.97030597E+07
   7.44000000E-02   1.88320313E+07   1.71033492E+07   1.71033492E+07   2.09376881E+07   1.93884878E+07   1.93884878E+07
   7.46000000E-02   1.85348671E+07   1.68444168E+07   1.68444168E+07   2.05823749E+07   1.90763031E+07   1.90763031E+07
   7.48000000E-02   1.82399508E+07   1.65874380E+07   1.65874380E+07   2.02297605E+07   1.87664827E+07   1.87664827E+07
   7.50000000E-02   1.79472608E+07   1.63323941E+07   1.63323941E+07   1.98798193E+07   1.84590038E+07   1.84590038E+07
   7.52000000E-02   1.76567758E+07   1.60792669E+07   1.60792669E+07   1.95325256E+07   1.81538443E+07   1.81538443E+07
   7.54000000E-02   1.73684749E+07   1.58280379E+07   1.58280379E+07   1.91878543E+07   1.78509819E+07   1.78509819E+07
   7.56000000E-02   1.70823374E+07   1.55786893E+07   1.55786893E+07   1.88457803E+07   1.75503950E+07   1.75503950E+07
   7.58000000E-02   1.67983428E+07   1.53312031E+07   1.53312031E+07   1.85062791E+07   1.72520618E+07   1.72520618E+07
   7.60000000E-02   1.65164707E+07   1.50855620E+07   1.50855620E+07   1.81693264E+07   1.69559612E+07   1.69559612E+07
   7.62000000E-02   1.62367013E+07   1.48417484E+07   1.48417484E+07   1.78348979E+07   1.66620721E+07   1.66620721E+07
   7.64000000E-02   1.59590148E+07   1.45997452E+07   1.45997452E+07   1.75029701E+07   1.63703736E+07   1.63703736E+07
   7.66000000E-02   1.56833915E+07   1.43595355E+07   1.43595355E+07   1.71735193E+07   1.60808453E+07   1.60808453E+07
   7.68000000E-02   1.54098123E+07   1.41211025E+07   1.41211025E+07   1.68465224E+07   1.57934668E+07   1.57934668E+07
   7.70000000E-02   1.51382580E+07   1.38844296E+07   1.38844296E+07   1.65219565E+07   1.55082179E+07   1.55082179E+07
   7.72000000E-02   1.48687097E+07   1.36495004E+07   1.36495004E+07   1.61997987E+07   1.52250790E+07   1.52250790E+07
   7.74000000E-02   1.46011488E+07   1.34162987E+07   1.34162987E+07   1.58800268E+07   1.49440302E+07   1.49440302E+07
   7.76000000E-02   1.43355569E+07   1.31848086E+07   1.31848086E+07   1.55626185E+07   1.46650524E+07   1.46650524E+07
   7.78000000E-02   1.40719158E+07   1.29550143E+07   1.29550143E+07   1.52475519E+07   1.43881262E+07   1.43881262E+07
   7.80000000E-02   1.38102075E+07   1.27269000E+07   1.27269000E+07   1.49348055E+07   1.41132328E+07   1.41132328E+07
   7.82000000E-02   1.35504142E+07   1.25004504E+07   1.25004504E+07   1.46243578E+07   1.38403534E+07   1.38403534E+07
   7.84000000E-02   1.32925182E+07   1.22756501E+07   1.22756501E+07   1.43161876E+07   1.35694695E+07   1.35694695E+07
   7.86000000E-02   1.30365022E+07   1.20524841E+07   1.20524841E+07   1.40102741E+07   1.33005628E+07   1.33005628E+07
   7.88000000E-02   1.27823490E+07   1.18309375E+07   1.18309375E+07   1.37065965E+07   1.30336153E+07   1.30336153E+07
   7.90000000E-02   1.25300416E+07   1.16109954E+07   1.16109954E+07   1.34051344E+07   1.27686090E+07   1.27686090E+07
   7.92000000E-02   1.22795632E+07   1.13926433E+07   1.13926433E+07   1.31058677E+07   1.25055262E+07   1.25055262E+07
   7.94000000E-02   1.20308972E+07   1.11758668E+07   1.11758668E+07   1.28087763E+07   1.22443496E+07   1.22443496E+07
   7.96000000E-02   1.17840272E+07   1.09606515E+07   1.09606515E+07   1.25138406E+07   1.19850617E+07   1.19850617E+07
   7.98000000E-02   1.15389369E+07   1.07469835E+07   1.07469835E+07   1.22210409E+07   1.17276455E+07   1.17276455E+07
   8.00000000E-02   1.12956102E+07   1.05348487E+07   1.05348487E+07   1.19303580E+07   1.14720842E+07   1.14720842E+07
   8.02000000E-02   1.10540314E+07   1.03242334E+07   1.03242334E+07   1.16417727E+07   1.12183610E+07   1.12183610E+07
   8.04000000E-02   1.08141846E+07   1.01151239E+07   1.01151239E+07   1.13552663E+07   1.09664593E+07   1.09664593E+07
   8.06000000E-02   1.05760545E+07   9.90750678E+06   9.90750678E+06   1.10708200E+07   1.07163629E+07   1.07163629E+07
   8.08000000E-02   1.03396255E+07   9.70136867E+06   9.70136867E+06   1.07884155E+07   1.04680557E+07   1.04680557E+07
   8.10000000E-02   1.01048826E+07   9.49669640E+06   9.49669640E+06   1.05080343E+07   1.02215215E+07   1.02215215E+07
   8.12000000E-02   9.87181073E+06   9.29347695E+06   9.29347695E+06   1.02296586E+07   9.97674477E+06   9.97674477E+06
   8.14000000E-02   9.64039505E+06   9.09169741E+06   9.09169741E+06   9.95327044E+06   9.73370972E+06   9.73370972E+06
   8.16000000E-02   9.41062089E+06   8.89134504E+06   8.89134504E+06   9.67885217E+06   9.49240096E+06   9.49240096E+06
   8.18000000E-02   9.18247372E+06   8.69240723E+06   8.69240723E+06   9.40638636E+06   9.25280321E+06   9.25280321E+06
   8.20000000E-02   8.95593919E+06   8.49487151E+06   8.49487151E+06   9.13585574E+06   9.01490136E+06   9.01490136E+06
   8.22000000E-02   8.73100311E+06   8.29872556E+06   8.29872556E+06   8.86724324E+06   8.77868048E+06   8.77868048E+06
   8.24000000E-02   8.50765142E+06   8.10395717E+06   8.10395717E+06   8.60053198E+06   8.54412578E+06   8.54412578E+06
   8.26000000E-02   8.28587023E+06   7.91055427E+06   7.91055427E+06   8.33570526E+06   8.31122265E+06   8.31122265E+06
   8.28000000E-02   8.12699317E+06   7.75057186E+06   7.75057186E+06   8.15117352E+06   8.14637346E+06   8.14637346E+06
   8.30000000E-02   8.05417388E+06   7.63610788E+06   7.63610788E+06   8.08028354E+06   8.07552348E+06   8.07552348E+06
   8.32000000E-02   7.98183250E+06   7.52242419E+06   7.52242419E+06   8.00985743E+06   8.00513711E+06   8.00513711E+06
   8.34000000E-02   7.90996498E+06   7.40951408E+06   7.40951408E+06   7.93989125E+06   7.93521041E+06   7.93521041E+06
   8.36000000E-02   7.83856732E+06   7.29737090E+06   7.29737090E+06   7.87038113E+06   7.86573950E+06   7.86573950E+06
   8.38000000E-02   7.76763554E+06   7.18598808E+06   7.18598808E+06   7.80132321E+06   7.79672055E+06   7.79672055E+06
   8.40000000E-02   7.69716572E+06   7.07535912E+06   7.07535912E+06   7.73271370E+06   7.72814976E+06   7.72814976E+06
   8.42000000E-02   7.62715399E+06   6.96547758E+06   6.96547758E+06   7.66454883E+06   7.66002335E+06   7.66002335E+06
   8.44000000E-02   7.55759651E+06   6.85633710E+06   6.85633710E+06   7.59682488E+06   7.59233762E+06   7.59233762E+06
   8.46000000E-02   7.48848946E+06   6.74793139E+06   6.74793139E+06   7.52953816E+06   7.52508888E+06   7.52508888E+06
   8.48000000E-02   7.41982911E+06   6.64025422E+06   6.64025422E+06   7.46268504E+06   7.45827348E+06   7.45827348E+06
   8.50000000E-02   7.35161171E+06   6.53329942E+06   6.53329942E+06   7.39626190E+06   7.39188783E+06   7.39188783E+06
   8.52000000E-02   7.28383360E+06   6.42706090E+06   6.42706090E+06   7.33026517E+06   7.32592835E+06   7.32592835E+06
   8.54000000E-02   7.21649112E+06   6.32153261E+06   6.32153261E+06   7.26469133E+06   7.26039152E+06   7.26039152E+06
   8.56000000E-02   7.14958068E+06   6.21670860E+06   6.21670860E+06   7.19953688E+06   7.19527385E+06   7.19527385E+06
   8.58000000E-02   7.08309871E+06   6.11258294E+06   6.11258294E+06   7.13479836E+06   7.13057186E+06   7.13057186E+06
   8.60000000E-02   7.01704167E+06   6.00914981E+06   6.00914981E+06   7.07047234E+06   7.06628215E+06   7.06628215E+06
   8.62000000E-02   6.95140608E+06   5.90640340E+06   5.90640340E+06   7.00655544E+06   7.00240133E+06   7.00240133E+06
   8.64000000E-02   6.88618846E+06   5.80433800E+06   5.80433800E+06   6.94304431E+06   6.93892605E+06   6.93892605E+06
   8.66000000E-02   6.82138541E+06   5.70294793E+06   5.70294793E+06   6.87993562E+06   6.87585299E+06   6.87585299E+06
   8.68000000E-02   6.75699353E+06   5.60222760E+06   5.60222760E+06   6.81722610E+06   6.81317887E+06   6.81317887E+06
   8.70000000E-02   6.69300947E+06   5.50217145E+06   5.50217145E+06   6.75491249E+06   6.75090044E+06   6.75090044E+06
   8.72000000E-02   6.62942992E+06   5.40277400E+06   5.40277400E+06   6.69299158E+06   6.68901449E+06   6.68901449E+06
   8.74000000E-02   6.56625158E+06   5.30402980E+06   5.30402980E+06   6.63146018E+06   6.62751782E+06   6.62751782E+06
   8.76000000E-02   6.50347121E+06   5.20593348E+06   5.20593348E+06   6.57031514E+06   6.56640731E+06   6.56640731E+06
   8.78000000E-02   6.44108559E+06   5.10847971E+06   5.10847971E+06   6.50955334E+06   6.50567981E+06   6.50567981E+06
   8.80000000E-02   6.37909154E+06   5.01166323E+06   5.01166323E+06   6.44917169E+06   6.44533226E+06   6.44533226E+06
   8.82000000E-02   6.31748590E+06   4.91547882E+06   4.91547882E+06   6.38916713E+06   6.38536158E+06   6.38536158E+06
   8.84000000E-02   6.25626555E+06   4.81992131E+06   4.81992131E+06   6.32953665E+06   6.32576477E+06   6.32576477E+06
   8.86000000E-02   6.19542740E+06   4.72498560E+06   4.72498560E+06   6.27027724E+06   6.26653882E+06   6.26653882E+06
   8.88000000E-02   6.13496839E+06   4.63066664E+06   4.63066664E+06   6.21138593E+06   6.20768077E+06   6.20768077E+06
   8.90000000E-02   6.07488550E+06   4.53695940E+06   4.53695940E+06   6.15285980E+06   6.14918769E+06   6.14918769E+06
   8.92000000E-02   6.01517572E+06   4.44385894E+06   4.44385894E+06   6.09469593E+06   6.09105667E+06   6.09105667E+06
   8.94000000E-02   5.95583610E+06   4.35136035E+06   4.35136035E+06   6.03689145E+06   6.03328483E+06   6.03328483E+06
   8.96000000E-02   5.89686368E+06   4.25945878E+06   4.25945878E+06   5.97944351E+06   5.97586933E+06   5.97586933E+06
   8.98000000E-02   5.83825557E+06   4.16814941E+06   4.16814941E+06   5.92234928E+06   5.91880736E+06   5.91880736E+06
   9.00000000E-02   5.78000888E+06   4.07742748E+06   4.07742748E+06   5.86560599E+06   5.86209611E+06   5.86209611E+06
   9.02000000E-02   5.72212077E+06   3.98728829E+06   3.98728829E+06   5.80921085E+06   5.80573282E+06   5.80573282E+06
   9.04000000E-02   5.66458840E+06   3.89772717E+06   3.89772717E+06   5.75316114E+06   5.74971477E+06   5.74971477E+06
   9.06000000E-02   5.60740899E+06   3.80873950E+06   3.80873950E+06   5.69745414E+06   5.69403924E+06   5.69403924E+06
   9.08000000E-02   5.55057976E+06   3.72032070E+06   3.72032070E+06   5.64208717E+06   5.63870355E+06   5.63870355E+06
   9.10000000E-02   5.49409798E+06   3.63246626E+06   3.63246626E+06   5.58705758E+06   5.58370503E+06   5.58370503E+06
   9.12000000E-02   5.43796093E+06   3.54517168E+06   3.54517168E+06   5.53236272E+06   5.52904108E+06   5.52904108E+06
   9.14000000E-02   5.38216593E+06   3.45843253E+06   3.45843253E+06   5.47800000E+06   5.47470907E+06   5.47470907E+06
   9.16000000E-02   5.32679633E+06   3.37413829E+06   3.37413829E+06   5.42396684E+06   5.42070643E+06   5.42070643E+06
   9.18000000E-02   5.27380180E+06   3.33526686E+06   3.33526686E+06   5.37026067E+06   5.36703060E+06   5.36703060E+06
   9.20000000E-02   5.22147292E+06   3.30423629E+06   3.30423629E+06   5.31687898E+06   5.31367907E+06   5.31367907E+06
   9.22000000E-02   5.16945961E+06   3.27339188E+06   3.27339188E+06   5.26381925E+06   5.26064931E+06   5.26064931E+06
   9.24000000E-02   5.11775943E+06   3.24273218E+06   3.24273218E+06   5.21107900E+06   5.20793886E+06   5.20793886E+06
   9.26000000E-02   5.06636999E+06   3.21225579E+06   3.21225579E+06   5.15865577E+06   5.15554526E+06   5.15554526E+06
   9.28000000E-02   5.01528889E+06   3.18196129E+06   3.18196129E+06   5.10654714E+06   5.10346607E+06   5.10346607E+06
   9.30000000E-02   4.96451377E+06   3.15184729E+06   3.15184729E+06   5.05475069E+06   5.05169888E+06   5.05169888E+06
   9.32000000E-02   4.91404229E+06   3.12191243E+06   3.12191243E+06   5.00326403E+06   5.00024132E+06   5.00024132E+06
   9.34000000E-02   4.86387213E+06   3.09215533E+06   3.09215533E+06   4.95208480E+06   4.94909101E+06   4.94909101E+06
   9.36000000E-02   4.81400101E+06   3.06257465E+06   3.06257465E+06   4.90121065E+06   4.89824562E+06   4.89824562E+06
   9.38000000E-02   4.76442664E+06   3.03316904E+06   3.03316904E+06   4.85063928E+06   4.84770282E+06   4.84770282E+06
   9.40000000E-02   4.71514677E+06   3.00393718E+06   3.00393718E+06   4.80036837E+06   4.79746032E+06   4.79746032E+06
   9.42000000E-02   4.66615918E+06   2.97487775E+06   2.97487775E+06   4.75039566E+06   4.74751586E+06   4.74751586E+06
   9.44000000E-02   4.61746165E+06   2.94598947E+06   2.94598947E+06   4.70071889E+06   4.69786716E+06   4.69786716E+06
   9.46000000E-02   4.56905200E+06   2.91727103E+06   2.91727103E+06   4.65133583E+06   4.64851202E+06   4.64851202E+06
   9.48000000E-02   4.52092806E+06   2.88872116E+06   2.88872116E+06   4.60224427E+06   4.59944820E+06   4.59944820E+06
   9.50000000E-02   4.47308768E+06   2.86033861E+06   2.86033861E+06   4.55344201E+06   4.55067353E+06   4.55067353E+06
   9.52000000E-02   4.42552873E+06   2.83212211E+06   2.83212211E+06   4.50492689E+06   4.50218583E+06   4.50218583E+06
   9.54000000E-02   4.37824911E+06   2.80407042E+06   2.80407042E+06   4.45669675E+06   4.45398295E+06   4.45398295E+06
   9.56000000E-02   4.33124674E+06   2.77618232E+06   2.77618232E+06   4.40874948E+06   4.40606278E+06   4.40606278E+06
   9.58000000E-02   4.28451953E+06   2.74845659E+06   2.74845659E+06   4.36108294E+06   4.35842319E+06   4.35842319E+06
   9.60000000E-02   4.23806546E+06   2.72089203E+06   2.72089203E+06   4.31369507E+06   4.31106211E+06   4.31106211E+06
   9.62000000E-02   4.19188248E+06   2.69348743E+06   2.69348743E+06   4.26658378E+06   4.26397745E+06   4.26397745E+06
   9.64000000E-02   4.14596858E+06   2.66624162E+06   2.66624162E+06   4.21974703E+06   4.21716718E+06   4.21716718E+06
   9.66000000E-02   4.10032178E+06   2.63915342E+06   2.63915342E+06   4.17318278E+06   4.17062926E+06   4.17062926E+06
   9.68000000E-02   4.05494010E+06   2.61222167E+06   2.61222167E+06   4.12688902E+06   4.12436167E+06   4.12436167E+06
   9.70000000E-02   4.00982158E+06   2.58544523E+06   2.58544523E+06   4.08086376E+06   4.07836243E+06   4.07836243E+06
   9.72000000E-02   3.96496429E+06   2.55882294E+06   2.55882294E+06   4.03510501E+06   4.03262956E+06   4.03262956E+06
   9.74000000E-02   3.92036631E+06   2.53235368E+06   2.53235368E+06   3.98961083E+06   3.98716110E+06   3.98716110E+06
   9.76000000E-02   3.87602574E+06   2.50603633E+06   2.50603633E+06   3.94437926E+06   3.94195511E+06   3.94195511E+06
   9.78000000E-02   3.83194070E+06   2.47986977E+06   2.47986977E+06   3.89940840E+06   3.89700968E+06   3.89700968E+06
   9.80000000E-02   3.78810931E+06   2.45385292E+06   2.45385292E+06   3.85469632E+06   3.85232289E+06   3.85232289E+06
   9.82000000E-02   3.74452972E+06   2.42798469E+06   2.42798469E+06   3.81024116E+06   3.80789286E+06   3.80789286E+06
   9.84000000E-02   3.70120011E+06   2.40226398E+06   2.40226398E+06   3.76604103E+06   3.76371773E+06   3.76371773E+06
   9.86000000E-02   3.65811866E+06   2.37668974E+06   2.37668974E+06   3.72209408E+06   3.71979563E+06   3.71979563E+06
   9.88000000E-02   3.61528357E+06   2.35126090E+06   2.35126090E+06   3.67839848E+06   3.67612475E+06   3.67612475E+06
   9.90000000E-02   3.57269305E+06   2.32597641E+06   2.32597641E+06   3.63495240E+06   3.63270324E+06   3.63270324E+06
   9.92000000E-02   3.53034534E+06   2.30083523E+06   2.30083523E+06   3.59175405E+06   3.58952932E+06   3.58952932E+06
   9.94000000E-02   3.48823868E+06   2.27583634E+06   2.27583634E+06   3.54880163E+06   3.54660120E+06   3.54660120E+06
   9.96000000E-02   3.44637134E+06   2.25097870E+06   2.25097870E+06   3.50609338E+06   3.50391711E+06   3.50391711E+06
   9.98000000E-02   3.40474161E+06   2.22626131E+06   2.22626131E+06   3.46362754E+06   3.46147529E+06   3.46147529E+06
   1.00000000E-01   3.36334777E+06   2.20168316E+06   2.20168316E+06   3.42140238E+06   3.41927401E+06   3.41927401E+06