# TBinMid=0.2515 ssec TBinWidth=0.1 ss EBinWidth=0.2MeV Fluence at Earth for this timebin in neutrinos per cm^2
# E(GeV)	NuE	NuMu	NuTau	aNuE	aNuMu	aNuTau
   1.38589050E-13   2.57210135E+18   3.67367364E+18   3.67367364E+18   1.89195563E+18   2.37257190E+18   2.37257190E+18
   2.00000000E-04   4.59924334E+09   6.56899427E+09   6.56899427E+09   3.38305655E+09   4.24245939E+09   4.24245939E+09
   4.00000000E-04   2.34591214E+09   3.35061276E+09   3.35061276E+09   1.72557807E+09   2.16392921E+09   2.16392921E+09
   6.00000000E-04   1.58199356E+09   2.25952528E+09   2.25952528E+09   1.16366395E+09   1.45927122E+09   1.45927122E+09
   8.00000000E-04   1.19610131E+09   1.70836420E+09   1.70836420E+09   8.79813933E+08   1.10331436E+09   1.10331436E+09
   1.00000000E-03   9.62841929E+08   1.37520515E+09   1.37520515E+09   7.08235781E+08   8.88149959E+08   8.88149959E+08
   1.20000000E-03   8.06426936E+08   1.15180118E+09   1.15180118E+09   5.93181906E+08   7.43868779E+08   7.43868779E+08
   1.40000000E-03   1.02895954E+09   1.61556623E+09   1.61556623E+09   7.99807265E+08   9.53885039E+08   9.53885039E+08
   1.60000000E-03   1.17812926E+09   2.08439408E+09   2.08439408E+09   9.32908905E+08   1.08764359E+09   1.08764359E+09
   1.80000000E-03   1.33143807E+09   2.41343150E+09   2.41343150E+09   1.08990149E+09   1.23541374E+09   1.23541374E+09
   2.00000000E-03   1.83827592E+09   2.83836671E+09   2.83836671E+09   1.67311272E+09   1.76313416E+09   1.76313416E+09
   2.20000000E-03   2.27999858E+09   4.94537199E+09   4.94537199E+09   2.09025911E+09   2.13842919E+09   2.13842919E+09
   2.40000000E-03   2.61604629E+09   6.87659710E+09   6.87659710E+09   2.39244630E+09   2.40842743E+09   2.40842743E+09
   2.60000000E-03   2.86150446E+09   8.33747116E+09   8.33747116E+09   2.61292543E+09   2.60375269E+09   2.60375269E+09
   2.80000000E-03   3.55835228E+09   9.72300181E+09   9.72300181E+09   3.89687612E+09   3.41310371E+09   3.41310371E+09
   3.00000000E-03   4.11982932E+09   1.08043281E+10   1.08043281E+10   4.94878746E+09   4.07057962E+09   4.07057962E+09
   3.20000000E-03   4.56277853E+09   1.16458050E+10   1.16458050E+10   5.78981601E+09   4.59230339E+09   4.59230339E+09
   3.40000000E-03   4.95523179E+09   1.32174700E+10   1.32174700E+10   6.46624268E+09   5.00834837E+09   5.00834837E+09
   3.60000000E-03   5.29220931E+09   1.50169664E+10   1.50169664E+10   7.01259410E+09   5.34111340E+09   5.34111340E+09
   3.80000000E-03   5.56234609E+09   1.64972235E+10   1.64972235E+10   7.45503730E+09   5.60754574E+09   5.60754574E+09
   4.00000000E-03   6.15459131E+09   1.79152533E+10   1.79152533E+10   8.88887816E+09   6.36694198E+09   6.36694198E+09
   4.20000000E-03   6.70167903E+09   1.91210140E+10   1.91210140E+10   1.02501118E+10   7.08083571E+09   7.08083571E+09
   4.40000000E-03   7.16171660E+09   2.01257179E+10   2.01257179E+10   1.14083399E+10   7.68465749E+09   7.68465749E+09
   4.60000000E-03   7.54923268E+09   2.09633685E+10   2.09633685E+10   1.23967835E+10   8.19660727E+09   8.19660727E+09
   4.80000000E-03   7.87594592E+09   2.16613499E+10   2.16613499E+10   1.32423017E+10   8.63138125E+09   8.63138125E+09
   5.00000000E-03   8.15138787E+09   2.22418999E+10   2.22418999E+10   1.39667931E+10   9.00094643E+09   9.00094643E+09
   5.20000000E-03   8.38337071E+09   2.27232152E+10   2.27232152E+10   1.45882501E+10   9.31512245E+09   9.31512245E+09
   5.40000000E-03   8.57248463E+09   2.29913240E+10   2.29913240E+10   1.51215601E+10   9.58202383E+09   9.58202383E+09
   5.60000000E-03   8.72752427E+09   2.31343562E+10   2.31343562E+10   1.55791217E+10   9.80839957E+09   9.80839957E+09
   5.80000000E-03   9.00481351E+09   2.33125128E+10   2.33125128E+10   1.64230243E+10   1.02220910E+10   1.02220910E+10
   6.00000000E-03   9.25651373E+09   2.34530011E+10   2.34530011E+10   1.72014234E+10   1.06012793E+10   1.06012793E+10
   6.20000000E-03   9.47446191E+09   2.35553065E+10   2.35553065E+10   1.78875279E+10   1.09331569E+10   1.09331569E+10
   6.40000000E-03   9.66289980E+09   2.36248001E+10   2.36248001E+10   1.84925791E+10   1.12235650E+10   1.12235650E+10
   6.60000000E-03   9.82545851E+09   2.36660416E+10   2.36660416E+10   1.90262237E+10   1.14775106E+10   1.14775106E+10
   6.80000000E-03   9.96525950E+09   2.36829173E+10   2.36829173E+10   1.94967757E+10   1.16993042E+10   1.16993042E+10
   7.00000000E-03   1.00849967E+10   2.36787514E+10   2.36787514E+10   1.99114287E+10   1.18926714E+10   1.18926714E+10
   7.20000000E-03   1.01870036E+10   2.36563974E+10   2.36563974E+10   2.02764303E+10   1.20608440E+10   1.20608440E+10
   7.40000000E-03   1.02733086E+10   2.36183120E+10   2.36183120E+10   2.05972254E+10   1.22066354E+10   1.22066354E+10
   7.60000000E-03   1.03456803E+10   2.35666172E+10   2.35666172E+10   2.08785753E+10   1.23325029E+10   1.23325029E+10
   7.80000000E-03   1.04056661E+10   2.35031503E+10   2.35031503E+10   2.11246565E+10   1.24405993E+10   1.24405993E+10
   8.00000000E-03   1.04546232E+10   2.34295063E+10   2.34295063E+10   2.13391431E+10   1.25328161E+10   1.25328161E+10
   8.20000000E-03   1.04937455E+10   2.33470731E+10   2.33470731E+10   2.15252765E+10   1.26108201E+10   1.26108201E+10
   8.40000000E-03   1.04900696E+10   2.32392806E+10   2.32392806E+10   2.15122529E+10   1.26087466E+10   1.26087466E+10
   8.60000000E-03   1.04641623E+10   2.29473896E+10   2.29473896E+10   2.14432370E+10   1.25824265E+10   1.25824265E+10
   8.80000000E-03   1.04296176E+10   2.25549511E+10   2.25549511E+10   2.13676683E+10   1.25513059E+10   1.25513059E+10
   9.00000000E-03   1.03921413E+10   2.21771175E+10   2.21771175E+10   2.12864097E+10   1.25159684E+10   1.25159684E+10
   9.20000000E-03   1.03521167E+10   2.18130584E+10   2.18130584E+10   2.12002214E+10   1.24769298E+10   1.24769298E+10
   9.40000000E-03   1.03098824E+10   2.14620063E+10   2.14620063E+10   2.11097743E+10   1.24346470E+10   1.24346470E+10
   9.60000000E-03   1.02657378E+10   2.11232506E+10   2.11232506E+10   2.10156614E+10   1.23895249E+10   1.23895249E+10
   9.80000000E-03   1.02199481E+10   2.07961327E+10   2.07961327E+10   2.09184074E+10   1.23419232E+10   1.23419232E+10
   1.00000000E-02   1.01727486E+10   2.04800409E+10   2.04800409E+10   2.08184775E+10   1.22921618E+10   1.22921618E+10
   1.02000000E-02   1.01243480E+10   2.01744068E+10   2.01744068E+10   2.07162839E+10   1.22405257E+10   1.22405257E+10
   1.04000000E-02   1.00749318E+10   1.98787007E+10   1.98787007E+10   2.06121927E+10   1.21872686E+10   1.21872686E+10
   1.06000000E-02   1.00246652E+10   1.95924289E+10   1.95924289E+10   2.05065293E+10   1.21326171E+10   1.21326171E+10
   1.08000000E-02   9.97369502E+09   1.93151307E+10   1.93151307E+10   2.03995827E+10   1.20767737E+10   1.20767737E+10
   1.10000000E-02   9.92215202E+09   1.90463752E+10   1.90463752E+10   2.02916103E+10   1.20199193E+10   1.20199193E+10
   1.12000000E-02   9.87015280E+09   1.87857594E+10   1.87857594E+10   2.01828409E+10   1.19622156E+10   1.19622156E+10
   1.14000000E-02   9.81780125E+09   1.85329056E+10   1.85329056E+10   2.00734783E+10   1.19038075E+10   1.19038075E+10
   1.16000000E-02   9.76519003E+09   1.82874595E+10   1.82874595E+10   1.99637039E+10   1.18448248E+10   1.18448248E+10
   1.18000000E-02   9.71240173E+09   1.80490886E+10   1.80490886E+10   1.98536794E+10   1.17853837E+10   1.17853837E+10
   1.20000000E-02   9.65951002E+09   1.78174803E+10   1.78174803E+10   1.97435484E+10   1.17255883E+10   1.17255883E+10
   1.22000000E-02   9.56013577E+09   1.75680632E+10   1.75680632E+10   1.94833697E+10   1.15939943E+10   1.15939943E+10
   1.24000000E-02   9.41931953E+09   1.73031646E+10   1.73031646E+10   1.90893071E+10   1.13983481E+10   1.13983481E+10
   1.26000000E-02   9.28276295E+09   1.70463848E+10   1.70463848E+10   1.87090113E+10   1.12090490E+10   1.12090490E+10
   1.28000000E-02   9.15027291E+09   1.67973523E+10   1.67973523E+10   1.83417979E+10   1.10257952E+10   1.10257952E+10
   1.30000000E-02   9.02166785E+09   1.65557180E+10   1.65557180E+10   1.79870266E+10   1.08483039E+10   1.08483039E+10
   1.32000000E-02   8.89677695E+09   1.63211535E+10   1.63211535E+10   1.76440974E+10   1.06763094E+10   1.06763094E+10
   1.34000000E-02   8.77543932E+09   1.60933497E+10   1.60933497E+10   1.73124478E+10   1.05095620E+10   1.05095620E+10
   1.36000000E-02   8.65750329E+09   1.58720156E+10   1.58720156E+10   1.69915496E+10   1.03478269E+10   1.03478269E+10
   1.38000000E-02   8.53572279E+09   1.55004953E+10   1.55004953E+10   1.66809068E+10   1.01908832E+10   1.01908832E+10
   1.40000000E-02   8.41576605E+09   1.51062972E+10   1.51062972E+10   1.63800528E+10   1.00385225E+10   1.00385225E+10
   1.42000000E-02   8.29916065E+09   1.47256194E+10   1.47256194E+10   1.60885483E+10   9.89054844E+09   9.89054844E+09
   1.44000000E-02   8.18576772E+09   1.43578319E+10   1.43578319E+10   1.58059798E+10   9.74677560E+09   9.74677560E+09
   1.46000000E-02   8.07545596E+09   1.40023419E+10   1.40023419E+10   1.55319571E+10   9.60702886E+09   9.60702886E+09
   1.48000000E-02   7.96810114E+09   1.36585912E+10   1.36585912E+10   1.52661122E+10   9.47114268E+09   9.47114268E+09
   1.50000000E-02   7.86358564E+09   1.33260539E+10   1.33260539E+10   1.50080976E+10   9.33896040E+09   9.33896040E+09
   1.52000000E-02   7.76179798E+09   1.30042337E+10   1.30042337E+10   1.47575848E+10   9.21033373E+09   9.21033373E+09
   1.54000000E-02   7.66263248E+09   1.26926624E+10   1.26926624E+10   1.45142631E+10   9.08512215E+09   9.08512215E+09
   1.56000000E-02   7.56598883E+09   1.23908977E+10   1.23908977E+10   1.42778386E+10   8.96319241E+09   8.96319241E+09
   1.58000000E-02   7.47177179E+09   1.20985215E+10   1.20985215E+10   1.40480327E+10   8.84441810E+09   8.84441810E+09
   1.60000000E-02   7.37989086E+09   1.18151381E+10   1.18151381E+10   1.38245816E+10   8.72867918E+09   8.72867918E+09
   1.62000000E-02   7.29025999E+09   1.15403732E+10   1.15403732E+10   1.36072348E+10   8.61586162E+09   8.61586162E+09
   1.64000000E-02   7.20279731E+09   1.12738723E+10   1.12738723E+10   1.33957549E+10   8.50585698E+09   8.50585698E+09
   1.66000000E-02   7.11742489E+09   1.10152992E+10   1.10152992E+10   1.31899163E+10   8.39856214E+09   8.39856214E+09
   1.68000000E-02   7.03406848E+09   1.07643351E+10   1.07643351E+10   1.29895045E+10   8.29387891E+09   8.29387891E+09
   1.70000000E-02   6.95265732E+09   1.05206775E+10   1.05206775E+10   1.27943157E+10   8.19171379E+09   8.19171379E+09
   1.72000000E-02   6.87312392E+09   1.02840391E+10   1.02840391E+10   1.26041560E+10   8.09197766E+09   8.09197766E+09
   1.74000000E-02   6.79540389E+09   1.00541469E+10   1.00541469E+10   1.24188408E+10   7.99458556E+09   7.99458556E+09
   1.76000000E-02   6.71943575E+09   9.83074150E+09   9.83074150E+09   1.22381942E+10   7.89945641E+09   7.89945641E+09
   1.78000000E-02   6.63002505E+09   9.60566438E+09   9.60566438E+09   1.20345874E+10   7.78822534E+09   7.78822534E+09
   1.80000000E-02   6.48725509E+09   9.35784506E+09   9.35784506E+09   1.17355573E+10   7.61266150E+09   7.61266150E+09
   1.82000000E-02   6.34837812E+09   9.11701422E+09   9.11701422E+09   1.14449058E+10   7.44192915E+09   7.44192915E+09
   1.84000000E-02   6.21325087E+09   8.88291064E+09   8.88291064E+09   1.11623207E+10   7.27584970E+09   7.27584970E+09
   1.86000000E-02   6.08173675E+09   8.65528539E+09   8.65528539E+09   1.08875045E+10   7.11425293E+09   7.11425293E+09
   1.88000000E-02   5.95370549E+09   8.43390118E+09   8.43390118E+09   1.06201734E+10   6.95697649E+09   6.95697649E+09
   1.90000000E-02   5.82903277E+09   8.21853163E+09   8.21853163E+09   1.03600567E+10   6.80386548E+09   6.80386548E+09
   1.92000000E-02   5.70759987E+09   8.00896073E+09   8.00896073E+09   1.01068961E+10   6.65477202E+09   6.65477202E+09
   1.94000000E-02   5.58929343E+09   7.80498223E+09   7.80498223E+09   9.86044497E+09   6.50955488E+09   6.50955488E+09
   1.96000000E-02   5.47400510E+09   7.60639912E+09   7.60639912E+09   9.62046760E+09   6.36807911E+09   6.36807911E+09
   1.98000000E-02   5.36163128E+09   7.41302314E+09   7.41302314E+09   9.38673881E+09   6.23021569E+09   6.23021569E+09
   2.00000000E-02   5.25207288E+09   7.22467427E+09   7.22467427E+09   9.15904329E+09   6.09584126E+09   6.09584126E+09
   2.02000000E-02   5.14523509E+09   7.04118036E+09   7.04118036E+09   8.93717505E+09   5.96483775E+09   5.96483775E+09
   2.04000000E-02   5.04102714E+09   6.86237664E+09   6.86237664E+09   8.72093697E+09   5.83709217E+09   5.83709217E+09
   2.06000000E-02   4.93936210E+09   6.68810542E+09   6.68810542E+09   8.51014035E+09   5.71249632E+09   5.71249632E+09
   2.08000000E-02   4.84015666E+09   6.51821563E+09   6.51821563E+09   8.30460443E+09   5.59094651E+09   5.59094651E+09
   2.10000000E-02   4.74333099E+09   6.35256259E+09   6.35256259E+09   8.10415603E+09   5.47234341E+09   5.47234341E+09
   2.12000000E-02   4.64880853E+09   6.19100757E+09   6.19100757E+09   7.90862914E+09   5.35659176E+09   5.35659176E+09
   2.14000000E-02   4.55651585E+09   6.03341760E+09   6.03341760E+09   7.71786458E+09   5.24360019E+09   5.24360019E+09
   2.16000000E-02   4.46638247E+09   5.87966511E+09   5.87966511E+09   7.53170965E+09   5.13328104E+09   5.13328104E+09
   2.18000000E-02   4.37834075E+09   5.72962769E+09   5.72962769E+09   7.35001779E+09   5.02555017E+09   5.02555017E+09
   2.20000000E-02   4.29258624E+09   5.58892389E+09   5.58892389E+09   7.17264835E+09   4.92032677E+09   4.92032677E+09
   2.22000000E-02   4.20933861E+09   5.46365118E+09   5.46365118E+09   6.99946622E+09   4.81753323E+09   4.81753323E+09
   2.24000000E-02   4.12797377E+09   5.34128143E+09   5.34128143E+09   6.83034160E+09   4.71709498E+09   4.71709498E+09
   2.26000000E-02   4.04843474E+09   5.22172586E+09   5.22172586E+09   6.66514979E+09   4.61894032E+09   4.61894032E+09
   2.28000000E-02   3.97066675E+09   5.10489906E+09   5.10489906E+09   6.50377087E+09   4.52300033E+09   4.52300033E+09
   2.30000000E-02   3.89461707E+09   4.99071893E+09   4.99071893E+09   6.34608953E+09   4.42920871E+09   4.42920871E+09
   2.32000000E-02   3.82023501E+09   4.87910647E+09   4.87910647E+09   6.19199486E+09   4.33750165E+09   4.33750165E+09
   2.34000000E-02   3.74747172E+09   4.76998563E+09   4.76998563E+09   6.04138011E+09   4.24781774E+09   4.24781774E+09
   2.36000000E-02   3.67628020E+09   4.66328321E+09   4.66328321E+09   5.89414254E+09   4.16009787E+09   4.16009787E+09
   2.38000000E-02   3.60661515E+09   4.55892874E+09   4.55892874E+09   5.75018320E+09   4.07428508E+09   4.07428508E+09
   2.40000000E-02   3.53843294E+09   4.45685431E+09   4.45685431E+09   5.60940681E+09   3.99032453E+09   3.99032453E+09
   2.42000000E-02   3.47169150E+09   4.35699447E+09   4.35699447E+09   5.47172156E+09   3.90816333E+09   3.90816333E+09
   2.44000000E-02   3.40635029E+09   4.25928618E+09   4.25928618E+09   5.33703894E+09   3.82775052E+09   3.82775052E+09
   2.46000000E-02   3.34237018E+09   4.16366861E+09   4.16366861E+09   5.20527365E+09   3.74903696E+09   3.74903696E+09
   2.48000000E-02   3.27971347E+09   4.07008312E+09   4.07008312E+09   5.07634344E+09   3.67197525E+09   3.67197525E+09
   2.50000000E-02   3.21834373E+09   3.97847314E+09   3.97847314E+09   4.95016894E+09   3.59651964E+09   3.59651964E+09
   2.52000000E-02   3.15822584E+09   3.88878407E+09   3.88878407E+09   4.82667359E+09   3.52262600E+09   3.52262600E+09
   2.54000000E-02   3.09932586E+09   3.80096320E+09   3.80096320E+09   4.70578349E+09   3.45025171E+09   3.45025171E+09
   2.56000000E-02   3.04161103E+09   3.71495968E+09   3.71495968E+09   4.58742730E+09   3.37935564E+09   3.37935564E+09
   2.58000000E-02   2.98504969E+09   3.63072434E+09   3.63072434E+09   4.47153614E+09   3.30989804E+09   3.30989804E+09
   2.60000000E-02   2.92961126E+09   3.54820973E+09   3.54820973E+09   4.35804345E+09   3.24184051E+09   3.24184051E+09
   2.62000000E-02   2.87088636E+09   3.46508060E+09   3.46508060E+09   4.25646990E+09   3.17396273E+09   3.17396273E+09
   2.64000000E-02   2.81125562E+09   3.38255194E+09   3.38255194E+09   4.16149937E+09   3.10688400E+09   3.10688400E+09
   2.66000000E-02   2.75280534E+09   3.30168586E+09   3.30168586E+09   4.06842680E+09   3.04113632E+09   3.04113632E+09
   2.68000000E-02   2.69550487E+09   3.22243887E+09   3.22243887E+09   3.97720272E+09   2.97668509E+09   2.97668509E+09
   2.70000000E-02   2.63932456E+09   3.14476891E+09   3.14476891E+09   3.88777927E+09   2.91349685E+09   2.91349685E+09
   2.72000000E-02   2.58423573E+09   3.06863530E+09   3.06863530E+09   3.80011016E+09   2.85153923E+09   2.85153923E+09
   2.74000000E-02   2.53021061E+09   2.99399864E+09   2.99399864E+09   3.71415056E+09   2.79078089E+09   2.79078089E+09
   2.76000000E-02   2.47722234E+09   2.92082083E+09   2.92082083E+09   3.62985713E+09   2.73119151E+09   2.73119151E+09
   2.78000000E-02   2.42524490E+09   2.84906499E+09   2.84906499E+09   3.54718786E+09   2.67274172E+09   2.67274172E+09
   2.80000000E-02   2.37425309E+09   2.77869538E+09   2.77869538E+09   3.46610210E+09   2.61540309E+09   2.61540309E+09
   2.82000000E-02   2.32422250E+09   2.70967741E+09   2.70967741E+09   3.38656047E+09   2.55914807E+09   2.55914807E+09
   2.84000000E-02   2.27512949E+09   2.64197756E+09   2.64197756E+09   3.30852482E+09   2.50394997E+09   2.50394997E+09
   2.86000000E-02   2.22695115E+09   2.57556335E+09   2.57556335E+09   3.23195818E+09   2.44978293E+09   2.44978293E+09
   2.88000000E-02   2.17966525E+09   2.51040331E+09   2.51040331E+09   3.15682472E+09   2.39662189E+09   2.39662189E+09
   2.90000000E-02   2.13325028E+09   2.44646694E+09   2.44646694E+09   3.08308970E+09   2.34444255E+09   2.34444255E+09
   2.92000000E-02   2.08768533E+09   2.38372465E+09   2.38372465E+09   3.01071945E+09   2.29322134E+09   2.29322134E+09
   2.94000000E-02   2.04295017E+09   2.32214775E+09   2.32214775E+09   2.93968130E+09   2.24293541E+09   2.24293541E+09
   2.96000000E-02   1.99902515E+09   2.26170844E+09   2.26170844E+09   2.86994357E+09   2.19356259E+09   2.19356259E+09
   2.98000000E-02   1.95589120E+09   2.20237971E+09   2.20237971E+09   2.80147552E+09   2.14508137E+09   2.14508137E+09
   3.00000000E-02   1.91352983E+09   2.14413538E+09   2.14413538E+09   2.73424733E+09   2.09747087E+09   2.09747087E+09
   3.02000000E-02   1.87192308E+09   2.08695003E+09   2.08695003E+09   2.66823005E+09   2.05071085E+09   2.05071085E+09
   3.04000000E-02   1.83105352E+09   2.03079899E+09   2.03079899E+09   2.60339558E+09   2.00478162E+09   2.00478162E+09
   3.06000000E-02   1.79090422E+09   1.97565830E+09   1.97565830E+09   2.53971663E+09   1.95966409E+09   1.95966409E+09
   3.08000000E-02   1.75145874E+09   1.92150471E+09   1.92150471E+09   2.47716669E+09   1.91533972E+09   1.91533972E+09
   3.10000000E-02   1.71270111E+09   1.86831563E+09   1.86831563E+09   2.41572005E+09   1.87179048E+09   1.87179048E+09
   3.12000000E-02   1.67461582E+09   1.81606910E+09   1.81606910E+09   2.35535169E+09   1.82899887E+09   1.82899887E+09
   3.14000000E-02   1.63718780E+09   1.76474382E+09   1.76474382E+09   2.29603732E+09   1.78694788E+09   1.78694788E+09
   3.16000000E-02   1.60040240E+09   1.71431906E+09   1.71431906E+09   2.23775333E+09   1.74562099E+09   1.74562099E+09
   3.18000000E-02   1.56424536E+09   1.66477469E+09   1.66477469E+09   2.18047678E+09   1.70500213E+09   1.70500213E+09
   3.20000000E-02   1.52870285E+09   1.61609113E+09   1.61609113E+09   2.12418536E+09   1.66507568E+09   1.66507568E+09
   3.22000000E-02   1.49376140E+09   1.56824935E+09   1.56824935E+09   2.06885738E+09   1.62582644E+09   1.62582644E+09
   3.24000000E-02   1.45940792E+09   1.52123085E+09   1.52123085E+09   2.01447174E+09   1.58723965E+09   1.58723965E+09
   3.26000000E-02   1.42562967E+09   1.47501762E+09   1.47501762E+09   1.96100794E+09   1.54930094E+09   1.54930094E+09
   3.28000000E-02   1.39241426E+09   1.42959217E+09   1.42959217E+09   1.90844600E+09   1.51199633E+09   1.51199633E+09
   3.30000000E-02   1.35974962E+09   1.38493745E+09   1.38493745E+09   1.85676653E+09   1.47531221E+09   1.47531221E+09
   3.32000000E-02   1.32762404E+09   1.34103690E+09   1.34103690E+09   1.80595061E+09   1.43923536E+09   1.43923536E+09
   3.34000000E-02   1.29602609E+09   1.29787438E+09   1.29787438E+09   1.75597987E+09   1.40375290E+09   1.40375290E+09
   3.36000000E-02   1.26494464E+09   1.25543421E+09   1.25543421E+09   1.70683639E+09   1.36885227E+09   1.36885227E+09
   3.38000000E-02   1.23436888E+09   1.21370109E+09   1.21370109E+09   1.65850277E+09   1.33452127E+09   1.33452127E+09
   3.40000000E-02   1.20428826E+09   1.17266014E+09   1.17266014E+09   1.61096201E+09   1.30074801E+09   1.30074801E+09
   3.42000000E-02   1.17469252E+09   1.13229688E+09   1.13229688E+09   1.56419761E+09   1.26752092E+09   1.26752092E+09
   3.44000000E-02   1.14557166E+09   1.09259719E+09   1.09259719E+09   1.51819345E+09   1.23482871E+09   1.23482871E+09
   3.46000000E-02   1.11691593E+09   1.05354733E+09   1.05354733E+09   1.47293388E+09   1.20266040E+09   1.20266040E+09
   3.48000000E-02   1.08871585E+09   1.01513390E+09   1.01513390E+09   1.42840360E+09   1.17100528E+09   1.17100528E+09
   3.50000000E-02   1.06096216E+09   9.77343868E+08   9.77343868E+08   1.38458774E+09   1.13985291E+09   1.13985291E+09
   3.52000000E-02   1.03364585E+09   9.40164503E+08   9.40164503E+08   1.34147179E+09   1.10919314E+09   1.10919314E+09
   3.54000000E-02   1.00718242E+09   9.12924644E+08   9.12924644E+08   1.29904160E+09   1.07901605E+09   1.07901605E+09
   3.56000000E-02   9.81441516E+08   8.92931053E+08   8.92931053E+08   1.25728341E+09   1.04931198E+09   1.04931198E+09
   3.58000000E-02   9.56100104E+08   8.73243665E+08   8.73243665E+08   1.21618376E+09   1.02007150E+09   1.02007150E+09
   3.60000000E-02   9.31150281E+08   8.53856460E+08   8.53856460E+08   1.17572956E+09   9.91285442E+08   9.91285442E+08
   3.62000000E-02   9.06584344E+08   8.34763565E+08   8.34763565E+08   1.13590802E+09   9.62944836E+08   9.62944836E+08
   3.64000000E-02   8.82394781E+08   8.15959251E+08   8.15959251E+08   1.09670669E+09   9.35040945E+08   9.35040945E+08
   3.66000000E-02   8.58574261E+08   7.97437928E+08   7.97437928E+08   1.05811341E+09   9.07565245E+08   9.07565245E+08
   3.68000000E-02   8.35115633E+08   7.79194142E+08   7.79194142E+08   1.02011631E+09   8.80509419E+08   8.80509419E+08
   3.70000000E-02   8.12011917E+08   7.61222572E+08   7.61222572E+08   9.82703830E+08   8.53865351E+08   8.53865351E+08
   3.72000000E-02   7.89256304E+08   7.43518023E+08   7.43518023E+08   9.45864666E+08   8.27625120E+08   8.27625120E+08
   3.74000000E-02   7.66842145E+08   7.26075423E+08   7.26075423E+08   9.09587800E+08   8.01780997E+08   8.01780997E+08
   3.76000000E-02   7.44762951E+08   7.08889823E+08   7.08889823E+08   8.73862474E+08   7.76325435E+08   7.76325435E+08
   3.78000000E-02   7.23012387E+08   6.91956390E+08   6.91956390E+08   8.38678184E+08   7.51251068E+08   7.51251068E+08
   3.80000000E-02   7.01584266E+08   6.75270402E+08   6.75270402E+08   8.04024677E+08   7.26550703E+08   7.26550703E+08
   3.82000000E-02   6.80472547E+08   6.58827252E+08   6.58827252E+08   7.69891941E+08   7.02217316E+08   7.02217316E+08
   3.84000000E-02   6.66428042E+08   6.46154242E+08   6.46154242E+08   7.50810206E+08   6.86942327E+08   6.86942327E+08
   3.86000000E-02   6.55308607E+08   6.35084843E+08   6.35084843E+08   7.37870277E+08   6.75394421E+08   6.75394421E+08
   3.88000000E-02   6.44343222E+08   6.24169261E+08   6.24169261E+08   7.25110276E+08   6.64006637E+08   6.64006637E+08
   3.90000000E-02   6.33529112E+08   6.13404722E+08   6.13404722E+08   7.12526960E+08   6.52776093E+08   6.52776093E+08
   3.92000000E-02   6.22863568E+08   6.02788517E+08   6.02788517E+08   7.00117158E+08   6.41699969E+08   6.41699969E+08
   3.94000000E-02   6.12343940E+08   5.92317997E+08   5.92317997E+08   6.87877772E+08   6.30775512E+08   6.30775512E+08
   3.96000000E-02   6.01967637E+08   5.81990573E+08   5.81990573E+08   6.75805771E+08   6.20000027E+08   6.20000027E+08
   3.98000000E-02   5.91732129E+08   5.71803713E+08   5.71803713E+08   6.63898193E+08   6.09370883E+08   6.09370883E+08
   4.00000000E-02   5.81634938E+08   5.61754943E+08   5.61754943E+08   6.52152142E+08   5.98885503E+08   5.98885503E+08
   4.02000000E-02   5.71673643E+08   5.51841841E+08   5.51841841E+08   6.40564787E+08   5.88541371E+08   5.88541371E+08
   4.04000000E-02   5.61845877E+08   5.42062041E+08   5.42062041E+08   6.29133356E+08   5.78336025E+08   5.78336025E+08
   4.06000000E-02   5.52149322E+08   5.32413226E+08   5.32413226E+08   6.17855141E+08   5.68267055E+08   5.68267055E+08
   4.08000000E-02   5.42581713E+08   5.22893133E+08   5.22893133E+08   6.06727492E+08   5.58332106E+08   5.58332106E+08
   4.10000000E-02   5.33140833E+08   5.13499544E+08   5.13499544E+08   5.95747816E+08   5.48528873E+08   5.48528873E+08
   4.12000000E-02   5.23824513E+08   5.04230293E+08   5.04230293E+08   5.84913577E+08   5.38855101E+08   5.38855101E+08
   4.14000000E-02   5.14630631E+08   4.95083257E+08   4.95083257E+08   5.74222292E+08   5.29308583E+08   5.29308583E+08
   4.16000000E-02   5.05557110E+08   4.86056361E+08   4.86056361E+08   5.63671532E+08   5.19887160E+08   5.19887160E+08
   4.18000000E-02   4.96601917E+08   4.77147573E+08   4.77147573E+08   5.53258920E+08   5.10588717E+08   5.10588717E+08
   4.20000000E-02   4.87763063E+08   4.68354905E+08   4.68354905E+08   5.42982129E+08   5.01411187E+08   5.01411187E+08
   4.22000000E-02   4.79038599E+08   4.59676409E+08   4.59676409E+08   5.32838882E+08   4.92352545E+08   4.92352545E+08
   4.24000000E-02   4.70426619E+08   4.51110179E+08   4.51110179E+08   5.22826948E+08   4.83410807E+08   4.83410807E+08
   4.26000000E-02   4.61925256E+08   4.42654351E+08   4.42654351E+08   5.12944145E+08   4.74584033E+08   4.74584033E+08
   4.28000000E-02   4.53532682E+08   4.34307096E+08   4.34307096E+08   5.03188335E+08   4.65870321E+08   4.65870321E+08
   4.30000000E-02   4.45247106E+08   4.26066626E+08   4.26066626E+08   4.93557424E+08   4.57267811E+08   4.57267811E+08
   4.32000000E-02   4.37066776E+08   4.17931188E+08   4.17931188E+08   4.84049363E+08   4.48774680E+08   4.48774680E+08
   4.34000000E-02   4.28989973E+08   4.09899066E+08   4.09899066E+08   4.74662142E+08   4.40389142E+08   4.40389142E+08
   4.36000000E-02   4.21015016E+08   4.01968579E+08   4.01968579E+08   4.65393796E+08   4.32109448E+08   4.32109448E+08
   4.38000000E-02   4.13140257E+08   3.94138079E+08   3.94138079E+08   4.56242397E+08   4.23933885E+08   4.23933885E+08
   4.40000000E-02   4.05364081E+08   3.86405955E+08   3.86405955E+08   4.47206058E+08   4.15860774E+08   4.15860774E+08
   4.42000000E-02   3.97684906E+08   3.78770624E+08   3.78770624E+08   4.38282929E+08   4.07888470E+08   4.07888470E+08
   4.44000000E-02   3.90101182E+08   3.71230537E+08   3.71230537E+08   4.29471198E+08   4.00015363E+08   4.00015363E+08
   4.46000000E-02   3.82611390E+08   3.63784177E+08   3.63784177E+08   4.20769088E+08   3.92239871E+08   3.92239871E+08
   4.48000000E-02   3.75214041E+08   3.56430055E+08   3.56430055E+08   4.12174859E+08   3.84560448E+08   3.84560448E+08
   4.50000000E-02   3.67907676E+08   3.49166714E+08   3.49166714E+08   4.03686805E+08   3.76975577E+08   3.76975577E+08
   4.52000000E-02   3.60690863E+08   3.41992724E+08   3.41992724E+08   3.95303253E+08   3.69483769E+08   3.69483769E+08
   4.54000000E-02   3.53562202E+08   3.34906684E+08   3.34906684E+08   3.87022564E+08   3.62083567E+08   3.62083567E+08
   4.56000000E-02   3.46520316E+08   3.27907219E+08   3.27907219E+08   3.78843131E+08   3.54773541E+08   3.54773541E+08
   4.58000000E-02   3.39563858E+08   3.20992983E+08   3.20992983E+08   3.70763378E+08   3.47552291E+08   3.47552291E+08
   4.60000000E-02   3.32691505E+08   3.14162656E+08   3.14162656E+08   3.62781759E+08   3.40418441E+08   3.40418441E+08
   4.62000000E-02   3.25901962E+08   3.07414941E+08   3.07414941E+08   3.54896759E+08   3.33370645E+08   3.33370645E+08
   4.64000000E-02   3.19193958E+08   3.00748569E+08   3.00748569E+08   3.47106893E+08   3.26407580E+08   3.26407580E+08
   4.66000000E-02   3.12566245E+08   2.94162294E+08   2.94162294E+08   3.39410702E+08   3.19527950E+08   3.19527950E+08
   4.68000000E-02   3.06017600E+08   2.87654894E+08   2.87654894E+08   3.31806757E+08   3.12730484E+08   3.12730484E+08
   4.70000000E-02   2.99546823E+08   2.81225171E+08   2.81225171E+08   3.24293656E+08   3.06013934E+08   3.06013934E+08
   4.72000000E-02   2.93152738E+08   2.74871947E+08   2.74871947E+08   3.16870023E+08   2.99377077E+08   2.99377077E+08
   4.74000000E-02   2.86834189E+08   2.68594070E+08   2.68594070E+08   3.09534508E+08   2.92818712E+08   2.92818712E+08
   4.76000000E-02   2.80590044E+08   2.62390408E+08   2.62390408E+08   3.02285787E+08   2.86337661E+08   2.86337661E+08
   4.78000000E-02   2.74419191E+08   2.56259849E+08   2.56259849E+08   2.95122560E+08   2.79932768E+08   2.79932768E+08
   4.80000000E-02   2.68320538E+08   2.50201305E+08   2.50201305E+08   2.88043552E+08   2.73602899E+08   2.73602899E+08
   4.82000000E-02   2.62293015E+08   2.44213704E+08   2.44213704E+08   2.81047512E+08   2.67346941E+08   2.67346941E+08
   4.84000000E-02   2.56335570E+08   2.38295998E+08   2.38295998E+08   2.74133211E+08   2.61163801E+08   2.61163801E+08
   4.86000000E-02   2.50447173E+08   2.32447155E+08   2.32447155E+08   2.67299444E+08   2.55052407E+08   2.55052407E+08
   4.88000000E-02   2.44626810E+08   2.26666164E+08   2.26666164E+08   2.60545028E+08   2.49011706E+08   2.49011706E+08
   4.90000000E-02   2.38873487E+08   2.20952033E+08   2.20952033E+08   2.53868800E+08   2.43040665E+08   2.43040665E+08
   4.92000000E-02   2.33186228E+08   2.15303785E+08   2.15303785E+08   2.47269620E+08   2.37138269E+08   2.37138269E+08
   4.94000000E-02   2.27564076E+08   2.09720464E+08   2.09720464E+08   2.40746368E+08   2.31303521E+08   2.31303521E+08
   4.96000000E-02   2.22006089E+08   2.04201131E+08   2.04201131E+08   2.34297945E+08   2.25535445E+08   2.25535445E+08
   4.98000000E-02   2.16511343E+08   1.98744861E+08   1.98744861E+08   2.27923271E+08   2.19833078E+08   2.19833078E+08
   5.00000000E-02   2.11078930E+08   1.93350749E+08   1.93350749E+08   2.21621286E+08   2.14195478E+08   2.14195478E+08
   5.02000000E-02   2.05707961E+08   1.88017905E+08   1.88017905E+08   2.15390948E+08   2.08621719E+08   2.08621719E+08
   5.04000000E-02   2.00397558E+08   1.82745454E+08   1.82745454E+08   2.09231235E+08   2.03110891E+08   2.03110891E+08
   5.06000000E-02   1.95146863E+08   1.77532539E+08   1.77532539E+08   2.03141142E+08   1.97662100E+08   1.97662100E+08
   5.08000000E-02   1.89955031E+08   1.72378314E+08   1.72378314E+08   1.97119683E+08   1.92274467E+08   1.92274467E+08
   5.10000000E-02   1.84821233E+08   1.67281952E+08   1.67281952E+08   1.91165888E+08   1.86947132E+08   1.86947132E+08
   5.12000000E-02   1.79744653E+08   1.62242639E+08   1.62242639E+08   1.85278804E+08   1.81679246E+08   1.81679246E+08
   5.14000000E-02   1.74724490E+08   1.57259574E+08   1.57259574E+08   1.79457498E+08   1.76469976E+08   1.76469976E+08
   5.16000000E-02   1.69759958E+08   1.52331973E+08   1.52331973E+08   1.73701048E+08   1.71318506E+08   1.71318506E+08
   5.18000000E-02   1.64850284E+08   1.47459063E+08   1.47459063E+08   1.68008551E+08   1.66224031E+08   1.66224031E+08
   5.20000000E-02   1.59994707E+08   1.42640084E+08   1.42640084E+08   1.62379121E+08   1.61185762E+08   1.61185762E+08
   5.22000000E-02   1.55192481E+08   1.37874292E+08   1.37874292E+08   1.56811884E+08   1.56202922E+08   1.56202922E+08
   5.24000000E-02   1.50442873E+08   1.33160953E+08   1.33160953E+08   1.51305984E+08   1.51274749E+08   1.51274749E+08
   5.26000000E-02   1.45745160E+08   1.28499348E+08   1.28499348E+08   1.45860578E+08   1.46400492E+08   1.46400492E+08
   5.28000000E-02   1.41098633E+08   1.23888767E+08   1.23888767E+08   1.40474837E+08   1.41579415E+08   1.41579415E+08
   5.30000000E-02   1.36502597E+08   1.19328516E+08   1.19328516E+08   1.35147947E+08   1.36810793E+08   1.36810793E+08
   5.32000000E-02   1.31956365E+08   1.14817910E+08   1.14817910E+08   1.29879108E+08   1.32093914E+08   1.32093914E+08
   5.34000000E-02   1.27459264E+08   1.10356275E+08   1.10356275E+08   1.24667533E+08   1.27428077E+08   1.27428077E+08
   5.36000000E-02   1.23010632E+08   1.05942952E+08   1.05942952E+08   1.19512449E+08   1.22812596E+08   1.22812596E+08
   5.38000000E-02   1.18609817E+08   1.01577290E+08   1.01577290E+08   1.14413095E+08   1.18246792E+08   1.18246792E+08
   5.40000000E-02   1.14256180E+08   9.72586491E+07   9.72586491E+07   1.09368723E+08   1.13729999E+08   1.13729999E+08
   5.42000000E-02   1.09949090E+08   9.29864009E+07   9.29864009E+07   1.04378598E+08   1.09261565E+08   1.09261565E+08
   5.44000000E-02   1.05687928E+08   8.87599273E+07   8.87599273E+07   9.94419954E+07   1.04840844E+08   1.04840844E+08
   5.46000000E-02   1.01472086E+08   8.45786200E+07   8.45786200E+07   9.45582054E+07   1.00467205E+08   1.00467205E+08
   5.48000000E-02   9.73009640E+07   8.04418812E+07   8.04418812E+07   8.97265281E+07   9.61400233E+07   9.61400233E+07
   5.50000000E-02   9.31739736E+07   7.63491227E+07   7.63491227E+07   8.49462753E+07   9.18586881E+07   9.18586881E+07
   5.52000000E-02   8.90905350E+07   7.22997659E+07   7.22997659E+07   8.02167705E+07   8.76225967E+07   8.76225967E+07
   5.54000000E-02   8.50500782E+07   6.82932416E+07   6.82932416E+07   7.55373477E+07   8.34311565E+07   8.34311565E+07
   5.56000000E-02   8.10520425E+07   6.43289901E+07   6.43289901E+07   7.09073522E+07   7.92837847E+07   7.92837847E+07
   5.58000000E-02   7.70958761E+07   6.04064606E+07   6.04064606E+07   6.63261397E+07   7.51799080E+07   7.51799080E+07
   5.60000000E-02   7.31810363E+07   5.65251112E+07   5.65251112E+07   6.17930764E+07   7.11189621E+07   7.11189621E+07
   5.62000000E-02   6.99712066E+07   5.30316022E+07   5.30316022E+07   5.81538527E+07   6.78188349E+07   6.78188349E+07
   5.64000000E-02   6.90545370E+07   5.07558265E+07   5.07558265E+07   5.74312003E+07   6.69971485E+07   6.69971485E+07
   5.66000000E-02   6.81467038E+07   4.85034982E+07   4.85034982E+07   5.67154767E+07   6.61833192E+07   6.61833192E+07
   5.68000000E-02   6.72641435E+07   4.66386057E+07   4.66386057E+07   5.60065957E+07   6.53772495E+07   6.53772495E+07
   5.70000000E-02   6.64488407E+07   4.60875802E+07   4.60875802E+07   5.53044728E+07   6.45788436E+07   6.45788436E+07
   5.72000000E-02   6.56412613E+07   4.55417601E+07   4.55417601E+07   5.46090247E+07   6.37880069E+07   6.37880069E+07
   5.74000000E-02   6.48413105E+07   4.50010816E+07   4.50010816E+07   5.39201692E+07   6.30046467E+07   6.30046467E+07
   5.76000000E-02   6.40488949E+07   4.44654819E+07   4.44654819E+07   5.32378256E+07   6.22286714E+07   6.22286714E+07
   5.78000000E-02   6.32639226E+07   4.39348991E+07   4.39348991E+07   5.25619143E+07   6.14599908E+07   6.14599908E+07
   5.80000000E-02   6.24863032E+07   4.34092723E+07   4.34092723E+07   5.18923571E+07   6.06985163E+07   6.06985163E+07
   5.82000000E-02   6.17159475E+07   4.28885415E+07   4.28885415E+07   5.12290769E+07   5.99441606E+07   5.99441606E+07
   5.84000000E-02   6.09527677E+07   4.23726476E+07   4.23726476E+07   5.05719976E+07   5.91968375E+07   5.91968375E+07
   5.86000000E-02   6.01966776E+07   4.18615325E+07   4.18615325E+07   4.99210444E+07   5.84564624E+07   5.84564624E+07
   5.88000000E-02   5.94475919E+07   4.13551388E+07   4.13551388E+07   4.92761439E+07   5.77229519E+07   5.77229519E+07
   5.90000000E-02   5.87054267E+07   4.08534102E+07   4.08534102E+07   4.86372233E+07   5.69962237E+07   5.69962237E+07
   5.92000000E-02   5.79700997E+07   4.03562909E+07   4.03562909E+07   4.80042112E+07   5.62761969E+07   5.62761969E+07
   5.94000000E-02   5.72415294E+07   3.98637264E+07   3.98637264E+07   4.73770373E+07   5.55627917E+07   5.55627917E+07
   5.96000000E-02   5.65196357E+07   3.93756625E+07   3.93756625E+07   4.67556322E+07   5.48559297E+07   5.48559297E+07
   5.98000000E-02   5.58043396E+07   3.88920462E+07   3.88920462E+07   4.61399277E+07   5.41555335E+07   5.41555335E+07
   6.00000000E-02   5.50955636E+07   3.84128252E+07   3.84128252E+07   4.55298564E+07   5.34615268E+07   5.34615268E+07
   6.02000000E-02   5.43932308E+07   3.79379478E+07   3.79379478E+07   4.49253520E+07   5.27738346E+07   5.27738346E+07
   6.04000000E-02   5.36972659E+07   3.74673633E+07   3.74673633E+07   4.43263494E+07   5.20923828E+07   5.20923828E+07
   6.06000000E-02   5.30075946E+07   3.70010215E+07   3.70010215E+07   4.37327840E+07   5.14170986E+07   5.14170986E+07
   6.08000000E-02   5.23241434E+07   3.65388732E+07   3.65388732E+07   4.31445925E+07   5.07479101E+07   5.07479101E+07
   6.10000000E-02   5.16468403E+07   3.60808697E+07   3.60808697E+07   4.25617125E+07   5.00847465E+07   5.00847465E+07
   6.12000000E-02   5.09756141E+07   3.56269632E+07   3.56269632E+07   4.19840823E+07   4.94275382E+07   4.94275382E+07
   6.14000000E-02   5.03103947E+07   3.51771063E+07   3.51771063E+07   4.14116414E+07   4.87762163E+07   4.87762163E+07
   6.16000000E-02   4.96511129E+07   3.47312527E+07   3.47312527E+07   4.08443299E+07   4.81307131E+07   4.81307131E+07
   6.18000000E-02   4.89977007E+07   3.42893563E+07   3.42893563E+07   4.02820888E+07   4.74909620E+07   4.74909620E+07
   6.20000000E-02   4.83500910E+07   3.38513721E+07   3.38513721E+07   3.97248602E+07   4.68568969E+07   4.68568969E+07
   6.22000000E-02   4.77082175E+07   3.34172554E+07   3.34172554E+07   3.91725867E+07   4.62284532E+07   4.62284532E+07
   6.24000000E-02   4.70720151E+07   3.29869625E+07   3.29869625E+07   3.86252119E+07   4.56055668E+07   4.56055668E+07
   6.26000000E-02   4.64414195E+07   3.25604498E+07   3.25604498E+07   3.80826803E+07   4.49881748E+07   4.49881748E+07
   6.28000000E-02   4.58163674E+07   3.21376749E+07   3.21376749E+07   3.75449370E+07   4.43762151E+07   4.43762151E+07
   6.30000000E-02   4.51967961E+07   3.17185956E+07   3.17185956E+07   3.70119279E+07   4.37696263E+07   4.37696263E+07
   6.32000000E-02   4.45826442E+07   3.13031705E+07   3.13031705E+07   3.64835998E+07   4.31683481E+07   4.31683481E+07
   6.34000000E-02   4.39738509E+07   3.08913586E+07   3.08913586E+07   3.59599001E+07   4.25723210E+07   4.25723210E+07
   6.36000000E-02   4.33703564E+07   3.04831196E+07   3.04831196E+07   3.54407770E+07   4.19814863E+07   4.19814863E+07
   6.38000000E-02   4.27721016E+07   3.00784139E+07   3.00784139E+07   3.49261795E+07   4.13957861E+07   4.13957861E+07
   6.40000000E-02   4.21790283E+07   2.96772021E+07   2.96772021E+07   3.44160571E+07   4.08151634E+07   4.08151634E+07
   6.42000000E-02   4.15910791E+07   2.92794456E+07   2.92794456E+07   3.39103603E+07   4.02395619E+07   4.02395619E+07
   6.44000000E-02   4.10081975E+07   2.88851064E+07   2.88851064E+07   3.34090401E+07   3.96689260E+07   3.96689260E+07
   6.46000000E-02   4.04303275E+07   2.84941468E+07   2.84941468E+07   3.29120482E+07   3.91032012E+07   3.91032012E+07
   6.48000000E-02   3.98574142E+07   2.81065297E+07   2.81065297E+07   3.24193369E+07   3.85423334E+07   3.85423334E+07
   6.50000000E-02   3.92894033E+07   2.77222187E+07   2.77222187E+07   3.19308593E+07   3.79862694E+07   3.79862694E+07
   6.52000000E-02   3.87262411E+07   2.73411775E+07   2.73411775E+07   3.14465691E+07   3.74349567E+07   3.74349567E+07
   6.54000000E-02   3.81678749E+07   2.69633707E+07   2.69633707E+07   3.09664206E+07   3.68883435E+07   3.68883435E+07
   6.56000000E-02   3.76142527E+07   2.65887632E+07   2.65887632E+07   3.04903687E+07   3.63463789E+07   3.63463789E+07
   6.58000000E-02   3.70653229E+07   2.62173203E+07   2.62173203E+07   3.00183690E+07   3.58090123E+07   3.58090123E+07
   6.60000000E-02   3.65210350E+07   2.58490079E+07   2.58490079E+07   2.95503776E+07   3.52761942E+07   3.52761942E+07
   6.62000000E-02   3.59813389E+07   2.54837924E+07   2.54837924E+07   2.90863513E+07   3.47478754E+07   3.47478754E+07
   6.64000000E-02   3.54461853E+07   2.51216405E+07   2.51216405E+07   2.86262473E+07   3.42240077E+07   3.42240077E+07
   6.66000000E-02   3.49155255E+07   2.47625195E+07   2.47625195E+07   2.81700237E+07   3.37045433E+07   3.37045433E+07
   6.68000000E-02   3.43893115E+07   2.44063969E+07   2.44063969E+07   2.77176389E+07   3.31894352E+07   3.31894352E+07
   6.70000000E-02   3.38674959E+07   2.40532409E+07   2.40532409E+07   2.72690519E+07   3.26786370E+07   3.26786370E+07
   6.72000000E-02   3.33500320E+07   2.37030200E+07   2.37030200E+07   2.68242222E+07   3.21721027E+07   3.21721027E+07
   6.74000000E-02   3.28368737E+07   2.33557032E+07   2.33557032E+07   2.63831101E+07   3.16697873E+07   3.16697873E+07
   6.76000000E-02   3.23279755E+07   2.30112597E+07   2.30112597E+07   2.59456760E+07   3.11716460E+07   3.11716460E+07
   6.78000000E-02   3.18232924E+07   2.26696594E+07   2.26696594E+07   2.55118812E+07   3.06776350E+07   3.06776350E+07
   6.80000000E-02   3.13227801E+07   2.23308724E+07   2.23308724E+07   2.50816874E+07   3.01877106E+07   3.01877106E+07
   6.82000000E-02   3.08263950E+07   2.19948692E+07   2.19948692E+07   2.46550567E+07   2.97018301E+07   2.97018301E+07
   6.84000000E-02   3.03340938E+07   2.16616208E+07   2.16616208E+07   2.42319518E+07   2.92199512E+07   2.92199512E+07
   6.86000000E-02   2.98458339E+07   2.13310985E+07   2.13310985E+07   2.38123358E+07   2.87420321E+07   2.87420321E+07
   6.88000000E-02   2.93615734E+07   2.10032738E+07   2.10032738E+07   2.33961725E+07   2.82680316E+07   2.82680316E+07
   6.90000000E-02   2.88812706E+07   2.06781190E+07   2.06781190E+07   2.29834259E+07   2.77979090E+07   2.77979090E+07
   6.92000000E-02   2.84048847E+07   2.03556064E+07   2.03556064E+07   2.25740605E+07   2.73316242E+07   2.73316242E+07
   6.94000000E-02   2.79323752E+07   2.00357088E+07   2.00357088E+07   2.21680415E+07   2.68691375E+07   2.68691375E+07
   6.96000000E-02   2.74637023E+07   1.97183992E+07   1.97183992E+07   2.17653343E+07   2.64104099E+07   2.64104099E+07
   6.98000000E-02   2.69988264E+07   1.94036512E+07   1.94036512E+07   2.13659048E+07   2.59554027E+07   2.59554027E+07
   7.00000000E-02   2.65377089E+07   1.90914386E+07   1.90914386E+07   2.09697195E+07   2.55040777E+07   2.55040777E+07
   7.02000000E-02   2.60803111E+07   1.87817355E+07   1.87817355E+07   2.05767450E+07   2.50563975E+07   2.50563975E+07
   7.04000000E-02   2.56265953E+07   1.84745163E+07   1.84745163E+07   2.01869488E+07   2.46123248E+07   2.46123248E+07
   7.06000000E-02   2.51765240E+07   1.81697559E+07   1.81697559E+07   1.98002983E+07   2.41718229E+07   2.41718229E+07
   7.08000000E-02   2.47300603E+07   1.78674293E+07   1.78674293E+07   1.94167616E+07   2.37348556E+07   2.37348556E+07
   7.10000000E-02   2.42871677E+07   1.75675120E+07   1.75675120E+07   1.90363073E+07   2.33013872E+07   2.33013872E+07
   7.12000000E-02   2.38478102E+07   1.72699798E+07   1.72699798E+07   1.86589041E+07   2.28713824E+07   2.28713824E+07
   7.14000000E-02   2.34119523E+07   1.69748086E+07   1.69748086E+07   1.82845213E+07   2.24448063E+07   2.24448063E+07
   7.16000000E-02   2.29795587E+07   1.66819749E+07   1.66819749E+07   1.79131285E+07   2.20216245E+07   2.20216245E+07
   7.18000000E-02   2.25505948E+07   1.63914552E+07   1.63914552E+07   1.75446958E+07   2.16018030E+07   2.16018030E+07
   7.20000000E-02   2.21250265E+07   1.61032265E+07   1.61032265E+07   1.71791935E+07   2.11853082E+07   2.11853082E+07
   7.22000000E-02   2.17028198E+07   1.58172659E+07   1.58172659E+07   1.68165924E+07   2.07721070E+07   2.07721070E+07
   7.24000000E-02   2.12839414E+07   1.55335511E+07   1.55335511E+07   1.64568637E+07   2.03621667E+07   2.03621667E+07
   7.26000000E-02   2.08683582E+07   1.52520597E+07   1.52520597E+07   1.60999787E+07   1.99554548E+07   1.99554548E+07
   7.28000000E-02   2.04560378E+07   1.49727699E+07   1.49727699E+07   1.57459094E+07   1.95519396E+07   1.95519396E+07
   7.30000000E-02   2.00469479E+07   1.46956599E+07   1.46956599E+07   1.53946279E+07   1.91515895E+07   1.91515895E+07
   7.32000000E-02   1.96410567E+07   1.44207083E+07   1.44207083E+07   1.50461067E+07   1.87543732E+07   1.87543732E+07
   7.34000000E-02   1.92383330E+07   1.41478940E+07   1.41478940E+07   1.47003188E+07   1.83602601E+07   1.83602601E+07
   7.36000000E-02   1.88387455E+07   1.38771961E+07   1.38771961E+07   1.43572372E+07   1.79692197E+07   1.79692197E+07
   7.38000000E-02   1.84422638E+07   1.36085940E+07   1.36085940E+07   1.40168355E+07   1.75812220E+07   1.75812220E+07
   7.40000000E-02   1.80488576E+07   1.33420672E+07   1.33420672E+07   1.36790876E+07   1.71962375E+07   1.71962375E+07
   7.42000000E-02   1.76584969E+07   1.30775957E+07   1.30775957E+07   1.33439676E+07   1.68142367E+07   1.68142367E+07
   7.44000000E-02   1.72711524E+07   1.28151595E+07   1.28151595E+07   1.30114500E+07   1.64351907E+07   1.64351907E+07
   7.46000000E-02   1.68867946E+07   1.25547389E+07   1.25547389E+07   1.26815096E+07   1.60590710E+07   1.60590710E+07
   7.48000000E-02   1.65053950E+07   1.22963147E+07   1.22963147E+07   1.23541214E+07   1.56858493E+07   1.56858493E+07
   7.50000000E-02   1.61269250E+07   1.20398675E+07   1.20398675E+07   1.20292608E+07   1.53154977E+07   1.53154977E+07
   7.52000000E-02   1.57513564E+07   1.17853784E+07   1.17853784E+07   1.17069036E+07   1.49479886E+07   1.49479886E+07
   7.54000000E-02   1.53786615E+07   1.15328288E+07   1.15328288E+07   1.13870257E+07   1.45832948E+07   1.45832948E+07
   7.56000000E-02   1.50088128E+07   1.12822000E+07   1.12822000E+07   1.10696033E+07   1.42213894E+07   1.42213894E+07
   7.58000000E-02   1.46417832E+07   1.10334738E+07   1.10334738E+07   1.07546130E+07   1.38622457E+07   1.38622457E+07
   7.60000000E-02   1.42775458E+07   1.07866321E+07   1.07866321E+07   1.04420317E+07   1.35058375E+07   1.35058375E+07
   7.62000000E-02   1.39160742E+07   1.05416572E+07   1.05416572E+07   1.01318363E+07   1.31521388E+07   1.31521388E+07
   7.64000000E-02   1.35573421E+07   1.02985312E+07   1.02985312E+07   9.82400431E+06   1.28011240E+07   1.28011240E+07
   7.66000000E-02   1.32013238E+07   1.00572369E+07   1.00572369E+07   9.51851333E+06   1.24527677E+07   1.24527677E+07
   7.68000000E-02   1.28479936E+07   9.81775687E+06   9.81775687E+06   9.21534125E+06   1.21070447E+07   1.21070447E+07
   7.70000000E-02   1.24973262E+07   9.58007421E+06   9.58007421E+06   8.91446623E+06   1.17639305E+07   1.17639305E+07
   7.72000000E-02   1.21492967E+07   9.34417205E+06   9.34417205E+06   8.61586667E+06   1.14234004E+07   1.14234004E+07
   7.74000000E-02   1.18038804E+07   9.11003375E+06   9.11003375E+06   8.31952124E+06   1.10854303E+07   1.10854303E+07
   7.76000000E-02   1.14610529E+07   8.87764287E+06   8.87764287E+06   8.02540886E+06   1.07499963E+07   1.07499963E+07
   7.78000000E-02   1.11207900E+07   8.64698316E+06   8.64698316E+06   7.73350867E+06   1.04170747E+07   1.04170747E+07
   7.80000000E-02   1.07830680E+07   8.41803856E+06   8.41803856E+06   7.44380007E+06   1.00866422E+07   1.00866422E+07
   7.82000000E-02   1.04478633E+07   8.19079318E+06   8.19079318E+06   7.15626271E+06   9.75867564E+06   9.75867564E+06
   7.84000000E-02   1.01151525E+07   7.96523133E+06   7.96523133E+06   6.87087645E+06   9.43315225E+06   9.43315225E+06
   7.86000000E-02   9.78491277E+06   7.74133750E+06   7.74133750E+06   6.58762139E+06   9.11004946E+06   9.11004946E+06
   7.88000000E-02   9.45712121E+06   7.51909634E+06   7.51909634E+06   6.30647786E+06   8.78934496E+06   8.78934496E+06
   7.90000000E-02   9.13175535E+06   7.29849271E+06   7.29849271E+06   6.02742643E+06   8.47101669E+06   8.47101669E+06
   7.92000000E-02   8.80879297E+06   7.07951159E+06   7.07951159E+06   5.75044786E+06   8.15504287E+06   8.15504287E+06
   7.94000000E-02   8.48821208E+06   6.86213819E+06   6.86213819E+06   5.47552316E+06   7.84140194E+06   7.84140194E+06
   7.96000000E-02   8.16999093E+06   6.64635784E+06   6.64635784E+06   5.20263354E+06   7.53007261E+06   7.53007261E+06
   7.98000000E-02   7.85410803E+06   6.43215607E+06   6.43215607E+06   4.93176043E+06   7.22103380E+06   7.22103380E+06
   8.00000000E-02   7.54054215E+06   6.21951855E+06   6.21951855E+06   4.66288547E+06   6.91426469E+06   6.91426469E+06
   8.02000000E-02   7.22927226E+06   6.00843112E+06   6.00843112E+06   4.39599049E+06   6.60974470E+06   6.60974470E+06
   8.04000000E-02   6.92027760E+06   5.79887978E+06   5.79887978E+06   4.13105755E+06   6.30745346E+06   6.30745346E+06
   8.06000000E-02   6.61353763E+06   5.59085070E+06   5.59085070E+06   3.86806890E+06   6.00737085E+06   6.00737085E+06
   8.08000000E-02   6.30903204E+06   5.38433017E+06   5.38433017E+06   3.60700698E+06   5.70947696E+06   5.70947696E+06
   8.10000000E-02   6.00674075E+06   5.17930466E+06   5.17930466E+06   3.34785445E+06   5.41375212E+06   5.41375212E+06
   8.12000000E-02   5.70664390E+06   4.97576080E+06   4.97576080E+06   3.09059415E+06   5.12017686E+06   5.12017686E+06
   8.14000000E-02   5.40872185E+06   4.77368534E+06   4.77368534E+06   2.83520910E+06   4.82873193E+06   4.82873193E+06
   8.16000000E-02   5.11295519E+06   4.57306519E+06   4.57306519E+06   2.58168252E+06   4.53939831E+06   4.53939831E+06
   8.18000000E-02   4.81932470E+06   4.37388741E+06   4.37388741E+06   2.32999783E+06   4.25215718E+06   4.25215718E+06
   8.20000000E-02   4.52781141E+06   4.17613920E+06   4.17613920E+06   2.08013861E+06   3.96698991E+06   3.96698991E+06
   8.22000000E-02   4.23839652E+06   3.97980790E+06   3.97980790E+06   1.83208862E+06   3.68387812E+06   3.68387812E+06
   8.24000000E-02   3.95106146E+06   3.78488098E+06   3.78488098E+06   1.58583183E+06   3.40280358E+06   3.40280358E+06
   8.26000000E-02   3.88554831E+06   3.70621718E+06   3.70621718E+06   1.54454988E+06   3.34344831E+06   3.34344831E+06
   8.28000000E-02   3.85022867E+06   3.64364754E+06   3.64364754E+06   1.53105496E+06   3.31423623E+06   3.31423623E+06
   8.30000000E-02   3.81514166E+06   3.58150849E+06   3.58150849E+06   1.51764857E+06   3.28521579E+06   3.28521579E+06
   8.32000000E-02   3.78028531E+06   3.51979630E+06   3.51979630E+06   1.50432996E+06   3.25638539E+06   3.25638539E+06
   8.34000000E-02   3.74565765E+06   3.45850728E+06   3.45850728E+06   1.49109840E+06   3.22774339E+06   3.22774339E+06
   8.36000000E-02   3.71125676E+06   3.39763779E+06   3.39763779E+06   1.47795314E+06   3.19928822E+06   3.19928822E+06
   8.38000000E-02   3.67708072E+06   3.33718422E+06   3.33718422E+06   1.46489346E+06   3.17101830E+06   3.17101830E+06
   8.40000000E-02   3.64312763E+06   3.27714301E+06   3.27714301E+06   1.45191864E+06   3.14293206E+06   3.14293206E+06
   8.42000000E-02   3.60939562E+06   3.21751063E+06   3.21751063E+06   1.43902797E+06   3.11502798E+06   3.11502798E+06
   8.44000000E-02   3.57588283E+06   3.15828358E+06   3.15828358E+06   1.42622073E+06   3.08730451E+06   3.08730451E+06
   8.46000000E-02   3.54258744E+06   3.09945841E+06   3.09945841E+06   1.41349624E+06   3.05976016E+06   3.05976016E+06
   8.48000000E-02   3.50950762E+06   3.04103171E+06   3.04103171E+06   1.40085380E+06   3.03239343E+06   3.03239343E+06
   8.50000000E-02   3.47664157E+06   2.98300009E+06   2.98300009E+06   1.38829273E+06   3.00520284E+06   3.00520284E+06
   8.52000000E-02   3.44398753E+06   2.92536020E+06   2.92536020E+06   1.37581236E+06   2.97818693E+06   2.97818693E+06
   8.54000000E-02   3.41154372E+06   2.86810874E+06   2.86810874E+06   1.36341202E+06   2.95134425E+06   2.95134425E+06
   8.56000000E-02   3.37930841E+06   2.81124243E+06   2.81124243E+06   1.35109104E+06   2.92467337E+06   2.92467337E+06
   8.58000000E-02   3.34727988E+06   2.75475804E+06   2.75475804E+06   1.33884877E+06   2.89817287E+06   2.89817287E+06
   8.60000000E-02   3.31545642E+06   2.69865234E+06   2.69865234E+06   1.32668456E+06   2.87184135E+06   2.87184135E+06
   8.62000000E-02   3.28383634E+06   2.64292217E+06   2.64292217E+06   1.31459778E+06   2.84567743E+06   2.84567743E+06
   8.64000000E-02   3.25241797E+06   2.58756439E+06   2.58756439E+06   1.30258778E+06   2.81967972E+06   2.81967972E+06
   8.66000000E-02   3.22119967E+06   2.53257590E+06   2.53257590E+06   1.29065394E+06   2.79384686E+06   2.79384686E+06
   8.68000000E-02   3.19017979E+06   2.47795360E+06   2.47795360E+06   1.27879563E+06   2.76817753E+06   2.76817753E+06
   8.70000000E-02   3.15935671E+06   2.42369447E+06   2.42369447E+06   1.26701225E+06   2.74267037E+06   2.74267037E+06
   8.72000000E-02   3.12872884E+06   2.36979549E+06   2.36979549E+06   1.25530318E+06   2.71732407E+06   2.71732407E+06
   8.74000000E-02   3.09829458E+06   2.31625368E+06   2.31625368E+06   1.24366782E+06   2.69213733E+06   2.69213733E+06
   8.76000000E-02   3.06805237E+06   2.26306608E+06   2.26306608E+06   1.23210557E+06   2.66710886E+06   2.66710886E+06
   8.78000000E-02   3.03800066E+06   2.21022979E+06   2.21022979E+06   1.22061585E+06   2.64223737E+06   2.64223737E+06
   8.80000000E-02   3.00813790E+06   2.15774190E+06   2.15774190E+06   1.20919806E+06   2.61752161E+06   2.61752161E+06
   8.82000000E-02   2.97846257E+06   2.10559956E+06   2.10559956E+06   1.19785163E+06   2.59296031E+06   2.59296031E+06
   8.84000000E-02   2.94897317E+06   2.05379994E+06   2.05379994E+06   1.18657599E+06   2.56855224E+06   2.56855224E+06
   8.86000000E-02   2.91966820E+06   2.00234023E+06   2.00234023E+06   1.17537057E+06   2.54429618E+06   2.54429618E+06
   8.88000000E-02   2.89054619E+06   1.95121766E+06   1.95121766E+06   1.16423480E+06   2.52019090E+06   2.52019090E+06
   8.90000000E-02   2.86160567E+06   1.90042948E+06   1.90042948E+06   1.15316814E+06   2.49623521E+06   2.49623521E+06
   8.92000000E-02   2.83284520E+06   1.84997298E+06   1.84997298E+06   1.14217003E+06   2.47242791E+06   2.47242791E+06
   8.94000000E-02   2.80426334E+06   1.79984547E+06   1.79984547E+06   1.13123993E+06   2.44876782E+06   2.44876782E+06
   8.96000000E-02   2.77585867E+06   1.75004428E+06   1.75004428E+06   1.12037730E+06   2.42525378E+06   2.42525378E+06
   8.98000000E-02   2.74762980E+06   1.70056678E+06   1.70056678E+06   1.10958160E+06   2.40188463E+06   2.40188463E+06
   9.00000000E-02   2.71957533E+06   1.65141035E+06   1.65141035E+06   1.09885230E+06   2.37865923E+06   2.37865923E+06
   9.02000000E-02   2.69169387E+06   1.60257242E+06   1.60257242E+06   1.08818889E+06   2.35557644E+06   2.35557644E+06
   9.04000000E-02   2.66398408E+06   1.55405042E+06   1.55405042E+06   1.07759085E+06   2.33263515E+06   2.33263515E+06
   9.06000000E-02   2.63644460E+06   1.50584182E+06   1.50584182E+06   1.06705765E+06   2.30983423E+06   2.30983423E+06
   9.08000000E-02   2.60907409E+06   1.45794411E+06   1.45794411E+06   1.05658880E+06   2.28717260E+06   2.28717260E+06
   9.10000000E-02   2.58187123E+06   1.41035482E+06   1.41035482E+06   1.04618379E+06   2.26464916E+06   2.26464916E+06
   9.12000000E-02   2.55483471E+06   1.36307148E+06   1.36307148E+06   1.03584212E+06   2.24226283E+06   2.24226283E+06
   9.14000000E-02   2.52877530E+06   1.33397020E+06   1.33397020E+06   1.02556329E+06   2.22001256E+06   2.22001256E+06
   9.16000000E-02   2.50358599E+06   1.32072113E+06   1.32072113E+06   1.01534683E+06   2.19789727E+06   2.19789727E+06
   9.18000000E-02   2.47854924E+06   1.30755230E+06   1.30755230E+06   1.00519225E+06   2.17591592E+06   2.17591592E+06
   9.20000000E-02   2.45366387E+06   1.29446306E+06   1.29446306E+06   9.95099063E+05   2.15406749E+06   2.15406749E+06
   9.22000000E-02   2.42892871E+06   1.28145282E+06   1.28145282E+06   9.85066800E+05   2.13235093E+06   2.13235093E+06
   9.24000000E-02   2.40434261E+06   1.26852096E+06   1.26852096E+06   9.75094992E+05   2.11076523E+06   2.11076523E+06
   9.26000000E-02   2.37990440E+06   1.25566687E+06   1.25566687E+06   9.65183172E+05   2.08930939E+06   2.08930939E+06
   9.28000000E-02   2.35561297E+06   1.24288996E+06   1.24288996E+06   9.55330880E+05   2.06798241E+06   2.06798241E+06
   9.30000000E-02   2.33146718E+06   1.23018965E+06   1.23018965E+06   9.45537660E+05   2.04678330E+06   2.04678330E+06
   9.32000000E-02   2.30746592E+06   1.21756533E+06   1.21756533E+06   9.35803059E+05   2.02571108E+06   2.02571108E+06
   9.34000000E-02   2.28360809E+06   1.20501644E+06   1.20501644E+06   9.26126631E+05   2.00476479E+06   2.00476479E+06
   9.36000000E-02   2.25989259E+06   1.19254240E+06   1.19254240E+06   9.16507933E+05   1.98394346E+06   1.98394346E+06
   9.38000000E-02   2.23631835E+06   1.18014263E+06   1.18014263E+06   9.06946524E+05   1.96324614E+06   1.96324614E+06
   9.40000000E-02   2.21288428E+06   1.16781658E+06   1.16781658E+06   8.97441971E+05   1.94267190E+06   1.94267190E+06
   9.42000000E-02   2.18958933E+06   1.15556369E+06   1.15556369E+06   8.87993842E+05   1.92221980E+06   1.92221980E+06
   9.44000000E-02   2.16643245E+06   1.14338340E+06   1.14338340E+06   8.78601711E+05   1.90188892E+06   1.90188892E+06
   9.46000000E-02   2.14341258E+06   1.13127516E+06   1.13127516E+06   8.69265155E+05   1.88167833E+06   1.88167833E+06
   9.48000000E-02   2.12052872E+06   1.11923844E+06   1.11923844E+06   8.59983756E+05   1.86158715E+06   1.86158715E+06
   9.50000000E-02   2.09777981E+06   1.10727269E+06   1.10727269E+06   8.50757099E+05   1.84161446E+06   1.84161446E+06
   9.52000000E-02   2.07516487E+06   1.09537739E+06   1.09537739E+06   8.41584773E+05   1.82175938E+06   1.82175938E+06
   9.54000000E-02   2.05268288E+06   1.08355200E+06   1.08355200E+06   8.32466371E+05   1.80202103E+06   1.80202103E+06
   9.56000000E-02   2.03033285E+06   1.07179601E+06   1.07179601E+06   8.23401491E+05   1.78239854E+06   1.78239854E+06
   9.58000000E-02   2.00811379E+06   1.06010889E+06   1.06010889E+06   8.14389733E+05   1.76289104E+06   1.76289104E+06
   9.60000000E-02   1.98602473E+06   1.04849013E+06   1.04849013E+06   8.05430701E+05   1.74349767E+06   1.74349767E+06
   9.62000000E-02   1.96406471E+06   1.03693923E+06   1.03693923E+06   7.96524004E+05   1.72421759E+06   1.72421759E+06
   9.64000000E-02   1.94223276E+06   1.02545568E+06   1.02545568E+06   7.87669253E+05   1.70504996E+06   1.70504996E+06
   9.66000000E-02   1.92052794E+06   1.01403898E+06   1.01403898E+06   7.78866064E+05   1.68599394E+06   1.68599394E+06
   9.68000000E-02   1.89894931E+06   1.00268864E+06   1.00268864E+06   7.70114055E+05   1.66704871E+06   1.66704871E+06
   9.70000000E-02   1.87749593E+06   9.91404166E+05   9.91404166E+05   7.61412849E+05   1.64821345E+06   1.64821345E+06
   9.72000000E-02   1.85616689E+06   9.80185078E+05   9.80185078E+05   7.52762072E+05   1.62948736E+06   1.62948736E+06
   9.74000000E-02   1.83496127E+06   9.69030893E+05   9.69030893E+05   7.44161353E+05   1.61086962E+06   1.61086962E+06
   9.76000000E-02   1.81387817E+06   9.57941135E+05   9.57941135E+05   7.35610325E+05   1.59235945E+06   1.59235945E+06
   9.78000000E-02   1.79291668E+06   9.46915332E+05   9.46915332E+05   7.27108625E+05   1.57395606E+06   1.57395606E+06
   9.80000000E-02   1.77207592E+06   9.35953018E+05   9.35953018E+05   7.18655891E+05   1.55565866E+06   1.55565866E+06
   9.82000000E-02   1.75135502E+06   9.25053729E+05   9.25053729E+05   7.10251766E+05   1.53746648E+06   1.53746648E+06
   9.84000000E-02   1.73075309E+06   9.14217005E+05   9.14217005E+05   7.01895897E+05   1.51937877E+06   1.51937877E+06
   9.86000000E-02   1.71026927E+06   9.03442393E+05   9.03442393E+05   6.93587932E+05   1.50139475E+06   1.50139475E+06
   9.88000000E-02   1.68990270E+06   8.92729442E+05   8.92729442E+05   6.85327525E+05   1.48351367E+06   1.48351367E+06
   9.90000000E-02   1.66965254E+06   8.82077705E+05   8.82077705E+05   6.77114330E+05   1.46573480E+06   1.46573480E+06
   9.92000000E-02   1.64951794E+06   8.71486740E+05   8.71486740E+05   6.68948007E+05   1.44805738E+06   1.44805738E+06
   9.94000000E-02   1.62949808E+06   8.60956108E+05   8.60956108E+05   6.60828216E+05   1.43048070E+06   1.43048070E+06
   9.96000000E-02   1.60959211E+06   8.50485375E+05   8.50485375E+05   6.52754624E+05   1.41300402E+06   1.41300402E+06
   9.98000000E-02   1.58979923E+06   8.40074110E+05   8.40074110E+05   6.44726898E+05   1.39562662E+06   1.39562662E+06
   1.00000000E-01   1.57011863E+06   8.29721886E+05   8.29721886E+05   6.36744708E+05   1.37834780E+06   1.37834780E+06