channel                 nue_Ar40             nuebar_Ar40                      nc                       e
E                                                                                                       
0.000749                       0                       0                       0                       0
0.001246                       0                       0                       0                       0
0.001744                       0                       0                       0                       0
0.002241                       0                       0                       0                       0
0.002739                       0                       0                       0                       0
0.003236                       0                       0                       0                       0
0.003734                       0                       0                       0                       0
0.004231                       0                       0                       0                       0
0.004729                       0                       0                       0                       0
0.005226              0.00160069             1.88776e-12        4.3579675067e-05        0.00735947948682
0.005724              0.00144443             3.05159e-12        7.7538912935e-05        0.00541103011956
0.006221              0.00128546             4.49124e-12       0.000117404054145        0.00397842488118
0.006719              0.00113039             6.03377e-12       0.000161098779879        0.00292238606268
0.007216              0.00098345              7.4257e-12        0.00020177147641       0.002142657616446
0.007714             0.000847331             8.41103e-12        0.00023087747862       0.001567528816248
0.008211             0.000723644             8.82129e-12        0.00024143228117       0.001144681697394
0.008709             0.000613146             8.63005e-12        0.00023079160281       0.000834956197164
0.009206             0.000515892             7.94561e-12        0.00020173139585       0.000608738514336
0.009704             0.000431399             6.95327e-12       0.000161292296028       0.000443784290868
0.010200             0.000358796             5.84439e-12       0.000118033869982      0.0003235846937976
0.010700              0.00029699             4.76616e-12        7.9152208759e-05      0.0002360170883808
0.011200             0.000244783             3.80477e-12        4.8758341947e-05      0.0001722171210066
0.011690             0.000200974             2.99398e-12        2.7738179598e-05      0.0001257237631134
0.012190             0.000164419             2.33381e-12       1.47452693757e-05       9.18315964872e-05
0.012690             0.000134067             1.80779e-12         7.511565325e-06       6.71154542514e-05
0.013190             0.000108979             1.39417e-12        3.8510227036e-06      4.908229011774e-05
0.013680             8.83276e-05             1.07168e-12       2.13755003059e-06       3.59181806508e-05
0.014180             7.13934e-05             8.21701e-13       1.36395599805e-06      2.630297378196e-05
0.014680              5.7558e-05             6.28773e-13        9.9499260229e-07      1.927550088846e-05
0.015180             4.62913e-05             4.80376e-13        7.8394599435e-07        1.4136014025e-05
0.015670             3.71448e-05             3.66547e-13        6.3265867821e-07      1.037468615526e-05
0.016170             2.97393e-05             2.79398e-13         5.082572087e-07       7.62004696482e-06
0.016670              2.3759e-05             2.12783e-13        4.0175776634e-07      5.601180078522e-06
0.017170             1.89406e-05             1.61909e-13       3.12781992056e-07      4.120470370548e-06
0.017660             1.50673e-05             1.23092e-13       2.39850856251e-07       3.03363787455e-06
0.018160             1.19606e-05             9.34888e-14       1.81947596526e-07      2.235301442946e-06
0.018660             9.47479e-06             7.09329e-14       1.37300600101e-07       1.64841790248e-06
0.019160             7.49027e-06             5.37562e-14       1.03733498829e-07      1.216647725652e-06
0.019650             5.91008e-06              4.0693e-14        7.9022455103e-08      8.987333299902e-07
0.020150             4.65476e-06             3.07668e-14        6.1123025408e-08      6.644716742826e-07
0.020650             3.66012e-06              2.3237e-14       4.82850918954e-08      4.917027987252e-07
0.021150              2.8737e-06             1.75306e-14       3.90887056032e-08      3.641848834968e-07
0.021640             2.25337e-06             1.32142e-14       3.24323748961e-08       2.69983579095e-07
0.022140             1.76489e-06             9.95168e-15       2.74948496188e-08       2.00336545773e-07
0.022640               1.381e-06             7.49007e-15        2.3687037135e-08       1.48796458767e-07
0.023140             1.07966e-06              5.6335e-15       2.06053655076e-08     1.1062346214222e-07
0.023630             8.43504e-07             4.23547e-15        1.7987642789e-08       8.23228314102e-08
0.024130             6.58564e-07             3.18268e-15       1.56743074543e-08      6.132282250068e-08
0.024630             5.13929e-07             2.39103e-15       1.35772799564e-08      4.572407205648e-08
0.025130             4.00851e-07              1.7955e-15       1.16544223963e-08      3.412638095688e-08
0.025620             3.12552e-07             1.34815e-15       9.89540536092e-09      2.549446843896e-08
0.026120             2.43606e-07             1.01189e-15       8.29644455725e-09      1.906379487342e-08
0.026620             1.89823e-07             7.59427e-16       6.86216188441e-09     1.4267804821092e-08
0.027120             1.47871e-07             5.69803e-16       5.59605528994e-09     1.0687638022866e-08
0.027610             1.15174e-07             4.27517e-16        4.4976547319e-09       8.01222832044e-09
0.028110             8.96872e-08             3.20689e-16       3.56184545897e-09       6.01122055473e-09
0.028610             6.98359e-08             2.40569e-16       2.77850389782e-09      4.513100322456e-09
0.029110               5.437e-08             1.80431e-16       2.13549957766e-09      3.390666025428e-09
0.029600             4.23299e-08             1.35346e-16       1.61689909884e-09      2.548916546454e-09
0.030100             3.29529e-08             1.01511e-16       1.20587015865e-09     1.9172787749208e-09
0.030600             2.56555e-08             7.61524e-17        8.8583255867e-10     1.4429205427662e-09
0.031100             1.99732e-08             5.71215e-17       6.40969004969e-10     1.0865051075538e-09
0.031590             1.55522e-08             4.28604e-17       4.56832411821e-10      8.185147995888e-10
0.032090             1.21098e-08             3.21568e-17       3.20710513734e-10      6.169356634068e-10
0.032590             9.43178e-09             2.41362e-17       2.21770606386e-10      4.652108407494e-10
0.033090             7.34633e-09             1.81147e-17       1.51055466594e-10      3.509778614598e-10
0.033580             5.72385e-09             1.36023e-17      1.013459815085e-10      2.649137544522e-10
0.034080             4.46007e-09             1.02132e-17       6.69756474891e-11     2.0005896325014e-10
0.034580             3.47669e-09             7.67312e-18       4.35985307278e-11     1.5115206121704e-10
0.035080             2.71041e-09             5.76429e-18       2.79556308809e-11     1.1426447533932e-10
0.035570             2.11397e-09             4.33329e-18       1.76570887581e-11      8.642109769038e-11
0.036070             1.64896e-09             3.25723e-18       1.09855211654e-11       6.54010423425e-11
0.036570             1.28687e-09             2.45025e-18       6.73256292863e-12      4.951861999956e-11
0.037070             1.00439e-09             1.84294e-18       4.06447159853e-12     3.7516399469406e-11
0.037560              7.8432e-10             1.38733e-18       2.41715642647e-12     2.8437964924356e-11
0.038060             6.12511e-10             1.04415e-18       1.41607988937e-12     2.1570135645348e-11
0.038560             4.78593e-10             7.86568e-19       8.17281739085e-13     1.6369453620828e-11
0.039060             3.73961e-10             5.92362e-19       4.64705349435e-13     1.2430852625538e-11
0.039550             2.92362e-10             4.46536e-19        2.6033525876e-13      9.444297797298e-12
0.040050             2.28559e-10             3.36481e-19       1.43704358302e-13      7.180342394166e-12
0.040550             1.78777e-10             2.53807e-19       2.35278612501e-14      5.461772253849e-12
0.041050             1.39822e-10             1.91349e-19      4.387860980563e-16      4.157509184649e-12
0.041540             1.09416e-10             1.44413e-19       3.03409792815e-16     3.1661966894544e-12
0.042040             8.56067e-11             1.08922e-19      2.079724070117e-16      2.413006762194e-12
0.042540             6.70161e-11              8.2244e-20      1.413816552189e-16     1.8398298454524e-12
0.043040             5.24502e-11             6.20511e-20      9.538091339807e-17     1.4038402305852e-12
0.043530             4.10744e-11             4.68704e-20      6.390451858808e-17     1.0716408139572e-12
0.044030             3.21564e-11              3.5371e-20      4.255910664649e-17       8.18669998179e-13
0.044530             2.51905e-11             2.67257e-20      2.820371804525e-17      6.256790786862e-13
0.045030             1.97268e-11             2.01713e-20      1.862144370866e-17     4.7855350509948e-13
0.045520             1.54587e-11             1.52447e-20     1.2266622889436e-17     3.6617051361672e-13
0.046020             1.21094e-11             1.15073e-20      8.074529075243e-18     2.8040056812324e-13
0.046520             9.49287e-12             8.69877e-21      5.319958919209e-18     2.1480199587054e-13
0.047020             7.43852e-12             6.56658e-21      3.514117089425e-18     1.6468236829512e-13
0.047510             5.83359e-12             4.96499e-21       2.33088113276e-18     1.2630169255176e-13
0.048010             4.57281e-12             3.74839e-21      8.819366194219e-19      9.694531208133e-14
0.048510             3.58779e-12             2.83488e-21     5.7426834449175e-19     7.4435979197808e-14
0.049010              2.8135e-12             2.14043e-21     4.3180071345415e-19     5.7200437469304e-14
0.049500             2.20853e-12             1.61925e-21     3.2232978497273e-19     4.3968262906566e-14
0.050000             1.73268e-12             1.22278e-21       2.38874538507e-19       3.38253782103e-14
0.050500             1.36084e-12              9.2536e-22     1.7574730361617e-19     2.6028562303602e-14
0.051000             1.06886e-12             7.00111e-22     1.2836818994542e-19     2.0045824490862e-14
0.051490             8.39116e-13              5.2864e-22      9.308426721179e-20     1.5441168187962e-14
0.051990             6.59508e-13             4.00186e-22     6.7010865191727e-20     1.1904328821969e-14
0.052490             5.18044e-13             3.02271e-22     4.7892113710473e-20     9.1788654749508e-15
0.052990             4.07427e-13              2.2895e-22     3.3980788632681e-20     7.0833577465476e-15
0.053480             3.20214e-13             1.72981e-22     2.3936131854463e-20     5.4666900634212e-15
0.053980              2.5201e-13               1.311e-22     1.6738685296842e-20     4.2225975177624e-15
0.054480             1.98181e-13              9.9083e-23     1.1620917900339e-20      3.261674014731e-15
0.054980             1.56075e-13             7.51387e-23     8.0095836205483e-21     2.5215674961798e-15
0.055470             1.22807e-13             5.68043e-23     5.4806044246155e-21    1.94931111013758e-15
0.055970             9.67839e-14             4.31048e-23     3.7230552884458e-21    1.50821542521378e-15
0.056470             7.61993e-14             3.25972e-23     2.5108364945288e-21    1.16680867280838e-15
0.056970             6.00944e-14             2.47519e-23     1.6810766302428e-21      9.034632959292e-16
0.057460             4.73402e-14             1.87236e-23     1.1173952865711e-21      6.994353388293e-16
0.057960              3.7362e-14             1.42271e-23     7.3735595712708e-22     5.4196135229898e-16
0.058460               2.945e-14             1.07656e-23     2.0562824593115e-22     4.1984658762948e-16
0.058960             2.32592e-14               8.186e-24                       0     3.2553895981608e-16
0.059450             1.83441e-14             6.19616e-24                       0    2.52343904040324e-16
0.059950             1.44985e-14             4.71494e-24                       0    1.95788777582016e-16
0.060450             1.14414e-14             3.56999e-24                       0    1.51857777762828e-16
0.060950             9.04934e-15             2.71859e-24                       0    1.17897253099578e-16
0.061440             7.14508e-15             2.05905e-24                       0     9.1496210104458e-17
0.061940             5.65535e-15             1.56919e-24                       0      7.107890996889e-17
0.062440             4.46775e-15             1.18886e-24                       0     5.5193885862336e-17
0.062940             3.53868e-15              9.0671e-25                       0      4.290387734295e-17
0.063430             2.79696e-15             6.87149e-25                       0    3.33344259474642e-17
0.063930             2.21685e-15             5.24463e-25                       0    2.59280894345814e-17
0.064430             1.75306e-15             3.97566e-25                       0    2.01567295448874e-17
0.064930             1.39036e-15             3.03668e-25                       0    1.56881201462262e-17
0.065420             1.09995e-15              2.3025e-25                       0     1.2199350090744e-17
0.065920             8.72932e-16             1.75996e-25                       0     9.4959833087214e-18
0.066420              6.9089e-16             1.33469e-25                       0     7.3892645219574e-18
0.066920             5.48619e-16             1.02094e-25                       0     5.7558918870594e-18
0.067410             4.34362e-16             7.74387e-26                       0     4.4818947604332e-18
0.067910             3.45115e-16             5.92748e-26                       0    3.49367111830764e-18
0.068410             2.73333e-16             4.49641e-26                       0    2.72220533630028e-18
0.068910             2.17286e-16             3.44409e-26                       0    2.12345680133646e-18
0.069400             1.72139e-16             2.61286e-26                       0     1.6556366997873e-18
0.069900             1.36913e-16             2.00255e-26                       0     1.2923800644771e-18
0.070400             1.08494e-16             1.51919e-26                       0     1.0083126477627e-18
0.070900             8.63332e-17             1.16505e-26                       0     7.8762288569148e-19
0.071390             6.84279e-17             8.83842e-27                       0     6.1489557397881e-19
0.071890             5.44765e-17             6.78148e-27                       0     4.8064111045191e-19
0.072390             4.31872e-17             5.14374e-27                       0    3.75475012702308e-19
0.072890             3.43974e-17             3.94883e-27                       0    2.93693619531258e-19
0.073380             2.72737e-17             2.99491e-27                       0     2.2957526958534e-19
0.073880             2.17325e-17             2.30019e-27                       0     1.7969222220435e-19
0.074380             1.72347e-17             1.74405e-27                       0     1.4054959662588e-19
0.074880             1.37392e-17              1.3402e-27                       0     1.1008300848516e-19
0.075370             1.08973e-17             1.01607e-27                       0    8.61555873528018e-20
0.075870             8.73092e-18             7.89668e-28                       0    6.75234250275402e-20
0.076370             6.88329e-18             5.89662e-28                       0     5.2878137266944e-20
0.076870             5.51951e-18             4.58829e-28                       0    4.14688719597912e-20
0.077360             4.35127e-18             3.42453e-28                       0     3.2493368969163e-20
0.077860             3.49209e-18             2.66778e-28                       0    2.54982262335732e-20
0.078360             2.75278e-18             1.98942e-28                       0    1.99905676756074e-20
0.078860             2.21111e-18             1.55169e-28                       0    1.56964152612276e-20
0.079350             1.74287e-18              1.1566e-28                       0    1.23125913466195e-20
0.079850             1.40111e-18             9.03142e-29                       0    9.67329971293554e-21
0.080350             1.10429e-18             6.72514e-29                       0    7.59185873535798e-21
0.080850             8.88522e-19              5.2578e-29                       0    5.96780320343544e-21
0.081340             7.00227e-19             3.91308e-29                       0     4.6859889030957e-21
0.081840             5.63897e-19             3.06275e-29                       0    3.68550382853952e-21
0.082340             4.44333e-19              2.2768e-29                       0     2.8952425717803e-21
0.082840             3.58139e-19             1.78424e-29                       0    2.27823672960054e-21
0.083330             2.82174e-19             1.32565e-29                       0    1.79051769746068e-21
0.083830             2.27636e-19             1.04004e-29                       0    1.40960527357086e-21
0.084330              1.7932e-19             7.71767e-30                       0    1.10829281535086e-21
0.084830             1.44791e-19             6.06252e-30                       0    8.72910041806278e-22
0.085320             1.14046e-19             4.49629e-30                       0    6.86585371467546e-22
0.085820             9.21672e-20              3.5361e-30                       0    5.40992903779764e-22
0.086320             7.25806e-20             2.61937e-30                       0    4.25670317906328e-22
0.086820             5.87098e-20             2.06263e-30                       0    3.35539633538646e-22
0.087310             4.62277e-20             1.52713e-30                       0    2.64102850199142e-22
0.087810             3.74263e-20             1.20397e-30                       0    2.08261267715045e-22
0.088310             2.94617e-20             8.90392e-31                       0    1.63972985814094e-22
0.088810             2.38741e-20             7.02875e-31                       0    1.29349624400059e-22
0.089300             1.87911e-20             5.19583e-31                       0    1.01874189317216e-22
0.089800             1.52406e-20              4.1065e-31                       0    8.03909005114986e-23
0.090300             1.19921e-20             3.03258e-31                       0     6.3312265892547e-23
0.090800             9.73503e-21             2.39985e-31                       0    4.98525674245632e-23
0.091290             7.65901e-21             1.77151e-31                       0    3.92765770737967e-23
0.091790             6.22282e-21             1.40355e-31                       0    3.09376448084405e-23
0.092290             4.89409e-21             1.03504e-31                       0    2.43829446094971e-23
0.092790             3.97989e-21             8.21078e-32                       0    1.92127864589656e-23
0.093280             3.12962e-21             6.05176e-32                       0    1.51479003461229e-23
0.093780             2.54714e-21             4.80629e-32                       0    1.19400896606917e-23
0.094280             2.00216e-21             3.53858e-32                       0    9.41713039663146e-24
0.094780             1.63092e-21             2.81372e-32                       0     7.4254069481247e-24
0.095270             1.28177e-21             2.07011e-32                       0    5.85860951175903e-24
0.095770             1.04494e-21             1.64794e-32                       0    4.62109508420659e-24
0.096270             8.20856e-22             1.21112e-32                       0     3.6472590635436e-24
0.096770             6.69746e-22             9.65278e-33                       0    2.87782024788619e-24
0.097260             5.26029e-22             7.08967e-33                       0    2.27220843614684e-24
0.097760              4.2952e-22             5.65704e-33                       0    1.79346782724583e-24
0.098260             3.37175e-22             4.15174e-33                       0    1.41651542056961e-24
0.098760             2.75533e-22             3.31668e-33                       0    1.11844063550716e-24
0.099250             2.16249e-22              2.4333e-33                       0    8.83702451711178e-25
0.099750             2.16249e-22              2.4333e-33                       0    8.83702451711178e-25